Time (seconds), Duration (seconds),pred_(unlabeled),pred_On,pred_Off,pred_Dimmer,pred_Lighter
0.01000,1.98000,0.98217,0.00000,0.01782,0.00000,0.00000
0.21000,1.98000,0.99896,0.00000,0.00104,0.00000,0.00000
0.41000,1.98000,0.99989,0.00000,0.00011,0.00000,0.00000
0.61000,1.98000,0.99998,0.00000,0.00002,0.00000,0.00000
0.81000,1.98000,0.99705,0.00000,0.00295,0.00000,0.00000
1.01000,1.98000,0.99911,0.00000,0.00089,0.00000,0.00000
1.21000,1.98000,0.99988,0.00000,0.00012,0.00000,0.00000
1.41000,1.98000,0.99999,0.00000,0.00001,0.00000,0.00000
1.61000,1.98000,0.99995,0.00000,0.00005,0.00000,0.00000
1.81000,1.98000,0.94754,0.00000,0.05229,0.00001,0.00015
2.01000,1.98000,0.99334,0.00000,0.00647,0.00002,0.00017
2.21000,1.98000,0.99790,0.00000,0.00205,0.00000,0.00004
2.41000,1.98000,0.99999,0.00000,0.00001,0.00000,0.00001
2.61000,1.98000,0.99995,0.00000,0.00003,0.00000,0.00003
2.81000,1.98000,0.99932,0.00000,0.00004,0.00000,0.00064
3.01000,1.98000,0.99884,0.00000,0.00003,0.00017,0.00096
3.21000,1.98000,0.99887,0.00000,0.00002,0.00005,0.00105
3.41000,1.98000,0.99820,0.00000,0.00002,0.00043,0.00134
3.61000,1.98000,0.99984,0.00001,0.00000,0.00001,0.00013
3.81000,1.98000,0.99997,0.00000,0.00000,0.00000,0.00002
4.01000,1.98000,0.99999,0.00000,0.00001,0.00000,0.00000
4.21000,1.98000,1.00000,0.00000,0.00000,0.00000,0.00000
4.41000,1.98000,1.00000,0.00000,0.00000,0.00000,0.00000
4.61000,1.98000,0.99995,0.00003,0.00000,0.00001,0.00001
4.81000,1.98000,0.99990,0.00005,0.00001,0.00002,0.00002
5.01000,1.98000,0.99998,0.00000,0.00000,0.00000,0.00001
5.21000,1.98000,1.00000,0.00000,0.00000,0.00000,0.00000
5.41000,1.98000,1.00000,0.00000,0.00000,0.00000,0.00000
5.61000,1.98000,0.99997,0.00000,0.00000,0.00001,0.00003
5.81000,1.98000,0.99992,0.00000,0.00000,0.00002,0.00006
6.01000,1.98000,0.99993,0.00000,0.00000,0.00002,0.00005
6.21000,1.98000,0.99995,0.00000,0.00000,0.00001,0.00003
6.41000,1.98000,0.99995,0.00000,0.00000,0.00001,0.00004
6.61000,1.98000,0.99995,0.00000,0.00000,0.00001,0.00003
6.81000,1.98000,0.99996,0.00000,0.00000,0.00001,0.00003
7.01000,1.98000,0.99997,0.00000,0.00000,0.00000,0.00002
7.21000,1.98000,0.99997,0.00000,0.00000,0.00000,0.00003
7.41000,1.98000,0.99995,0.00000,0.00000,0.00001,0.00005
7.61000,1.98000,0.99988,0.00000,0.00000,0.00001,0.00011
7.81000,1.98000,0.99958,0.00000,0.00000,0.00005,0.00037
8.01000,1.98000,0.99947,0.00000,0.00001,0.00009,0.00043
8.21000,1.98000,0.99824,0.00000,0.00002,0.00027,0.00147
8.41000,1.98000,0.99965,0.00000,0.00000,0.00003,0.00031
8.61000,1.98000,0.99990,0.00000,0.00000,0.00000,0.00010
8.81000,1.98000,1.00000,0.00000,0.00000,0.00000,0.00000
9.01000,1.98000,1.00000,0.00000,0.00000,0.00000,0.00000
9.21000,1.98000,0.99999,0.00001,0.00000,0.00000,0.00000
9.41000,1.98000,0.99999,0.00001,0.00000,0.00000,0.00000
9.61000,1.98000,0.99990,0.00009,0.00000,0.00000,0.00001
9.81000,1.98000,0.71488,0.28387,0.00020,0.00048,0.00056
10.01000,1.98000,0.39790,0.58340,0.00197,0.00305,0.01368
10.21000,1.98000,0.94938,0.04224,0.00227,0.00014,0.00597
10.41000,1.98000,0.99985,0.00001,0.00011,0.00000,0.00003
10.61000,1.98000,0.99987,0.00000,0.00010,0.00000,0.00003
10.81000,1.98000,0.99945,0.00000,0.00030,0.00000,0.00025
11.01000,1.98000,0.99949,0.00000,0.00045,0.00000,0.00006
11.21000,1.98000,0.99979,0.00000,0.00005,0.00000,0.00016
11.41000,1.98000,0.99990,0.00000,0.00004,0.00000,0.00006
11.61000,1.98000,0.99872,0.00000,0.00091,0.00002,0.00036
11.81000,1.98000,0.99948,0.00000,0.00038,0.00002,0.00012
12.01000,1.98000,0.99992,0.00000,0.00006,0.00000,0.00002
12.21000,1.98000,0.99993,0.00000,0.00006,0.00000,0.00002
12.41000,1.98000,0.99927,0.00001,0.00042,0.00006,0.00024
12.61000,1.98000,0.99940,0.00001,0.00006,0.00007,0.00046
12.81000,1.98000,0.99919,0.00000,0.00006,0.00002,0.00072
13.01000,1.98000,0.99288,0.00000,0.00025,0.00002,0.00684
13.21000,1.98000,0.99967,0.00000,0.00027,0.00000,0.00007
13.41000,1.98000,0.99996,0.00000,0.00004,0.00000,0.00000
13.61000,1.98000,0.99995,0.00000,0.00005,0.00000,0.00000
13.81000,1.98000,0.99846,0.00000,0.00154,0.00000,0.00000
14.01000,1.98000,0.99748,0.00008,0.00228,0.00010,0.00006
14.21000,1.98000,0.00018,0.00000,0.99979,0.00000,0.00002
14.41000,1.98000,0.97547,0.00000,0.02433,0.00000,0.00020
14.61000,1.98000,0.98931,0.00000,0.01069,0.00000,0.00000
14.81000,1.98000,0.99971,0.00000,0.00028,0.00000,0.00001
15.01000,1.98000,0.99993,0.00000,0.00007,0.00000,0.00000
15.21000,1.98000,0.99931,0.00000,0.00029,0.00000,0.00041
15.41000,1.98000,0.99770,0.00000,0.00041,0.00000,0.00189
15.61000,1.98000,0.99961,0.00000,0.00006,0.00000,0.00033
15.81000,1.98000,0.99983,0.00000,0.00002,0.00000,0.00016
16.01000,1.98000,0.99843,0.00000,0.00089,0.00000,0.00068
16.21000,1.98000,0.99995,0.00000,0.00000,0.00000,0.00005
16.41000,1.98000,0.99999,0.00000,0.00000,0.00000,0.00000
16.61000,1.98000,0.99997,0.00000,0.00000,0.00000,0.00002
16.81000,1.98000,0.99890,0.00000,0.00005,0.00000,0.00105
17.01000,1.98000,0.99999,0.00000,0.00000,0.00000,0.00001
17.21000,1.98000,0.99984,0.00000,0.00000,0.00000,0.00016
17.41000,1.98000,0.99997,0.00000,0.00000,0.00000,0.00003
17.61000,1.98000,0.99997,0.00000,0.00000,0.00000,0.00003
17.81000,1.98000,0.99961,0.00000,0.00000,0.00000,0.00039
18.01000,1.98000,0.99959,0.00000,0.00000,0.00000,0.00041
18.21000,1.98000,0.99969,0.00000,0.00000,0.00000,0.00031
18.41000,1.98000,0.99986,0.00000,0.00000,0.00000,0.00014
18.61000,1.98000,0.99997,0.00000,0.00000,0.00000,0.00003
18.81000,1.98000,0.99980,0.00000,0.00000,0.00000,0.00019
19.01000,1.98000,0.99994,0.00000,0.00001,0.00000,0.00004
19.21000,1.98000,0.99996,0.00000,0.00000,0.00000,0.00003
19.41000,1.98000,0.99998,0.00000,0.00000,0.00000,0.00002
19.61000,1.98000,0.99998,0.00000,0.00000,0.00001,0.00002
19.81000,1.98000,0.99999,0.00000,0.00000,0.00000,0.00001
20.01000,1.98000,0.99993,0.00000,0.00000,0.00000,0.00007
20.21000,1.98000,0.99457,0.00001,0.00008,0.00085,0.00450
20.41000,1.98000,0.46398,0.00044,0.00338,0.22166,0.31054
20.61000,1.98000,0.99371,0.00056,0.00001,0.00423,0.00148
20.81000,1.98000,0.99993,0.00000,0.00001,0.00001,0.00005
21.01000,1.98000,0.99988,0.00000,0.00011,0.00000,0.00001
21.21000,1.98000,0.99999,0.00000,0.00001,0.00000,0.00000
21.41000,1.98000,0.99999,0.00000,0.00001,0.00000,0.00000
21.61000,1.98000,1.00000,0.00000,0.00000,0.00000,0.00000
21.81000,1.98000,1.00000,0.00000,0.00000,0.00000,0.00000
22.01000,1.98000,1.00000,0.00000,0.00000,0.00000,0.00000
22.21000,1.98000,1.00000,0.00000,0.00000,0.00000,0.00000
22.41000,1.98000,1.00000,0.00000,0.00000,0.00000,0.00000
22.61000,1.98000,1.00000,0.00000,0.00000,0.00000,0.00000
22.81000,1.98000,1.00000,0.00000,0.00000,0.00000,0.00000
23.01000,1.98000,1.00000,0.00000,0.00000,0.00000,0.00000
23.21000,1.98000,1.00000,0.00000,0.00000,0.00000,0.00000
23.41000,1.98000,1.00000,0.00000,0.00000,0.00000,0.00000
23.61000,1.98000,1.00000,0.00000,0.00000,0.00000,0.00000
23.81000,1.98000,1.00000,0.00000,0.00000,0.00000,0.00000
24.01000,1.98000,1.00000,0.00000,0.00000,0.00000,0.00000
24.21000,1.98000,0.99960,0.00000,0.00001,0.00012,0.00027
24.41000,1.98000,0.95509,0.00024,0.00013,0.00635,0.03819
24.61000,1.98000,0.10010,0.00011,0.03891,0.00119,0.85970
24.81000,1.98000,0.99694,0.00001,0.00002,0.00003,0.00300
25.01000,1.98000,0.99803,0.00001,0.00051,0.00001,0.00145
25.21000,1.98000,0.99667,0.00000,0.00097,0.00000,0.00235
25.41000,1.98000,0.99917,0.00000,0.00031,0.00000,0.00052
25.61000,1.98000,0.99654,0.00000,0.00097,0.00001,0.00248
25.81000,1.98000,0.99557,0.00000,0.00076,0.00010,0.00356
26.01000,1.98000,0.99995,0.00000,0.00001,0.00000,0.00004
26.21000,1.98000,0.99978,0.00000,0.00002,0.00001,0.00018
26.41000,1.98000,0.99964,0.00000,0.00010,0.00002,0.00024
26.61000,1.98000,0.99962,0.00000,0.00016,0.00001,0.00022
26.81000,1.98000,0.99991,0.00000,0.00004,0.00000,0.00005
27.01000,1.98000,0.99989,0.00000,0.00009,0.00001,0.00002
27.21000,1.98000,0.99977,0.00000,0.00022,0.00000,0.00001
27.41000,1.98000,0.99720,0.00000,0.00278,0.00000,0.00002
27.61000,1.98000,0.99996,0.00000,0.00004,0.00000,0.00000
27.81000,1.98000,0.99974,0.00000,0.00026,0.00000,0.00000
28.01000,1.98000,0.99980,0.00000,0.00019,0.00000,0.00001
28.21000,1.98000,0.98146,0.00000,0.01826,0.00000,0.00028
28.41000,1.98000,0.99991,0.00000,0.00009,0.00000,0.00001
28.61000,1.98000,0.99998,0.00000,0.00002,0.00000,0.00000
28.81000,1.98000,0.99983,0.00001,0.00008,0.00000,0.00009
29.01000,1.98000,0.99989,0.00000,0.00001,0.00000,0.00010
29.21000,1.98000,0.99992,0.00000,0.00000,0.00000,0.00007
29.41000,1.98000,0.99992,0.00003,0.00000,0.00000,0.00005
29.61000,1.98000,0.99999,0.00001,0.00000,0.00000,0.00000
29.81000,1.98000,0.99970,0.00030,0.00000,0.00000,0.00000
30.01000,1.98000,0.99434,0.00565,0.00000,0.00000,0.00001
30.21000,1.98000,0.86161,0.13815,0.00002,0.00006,0.00016
30.41000,1.98000,0.32403,0.67163,0.00012,0.00292,0.00129
30.61000,1.98000,0.97790,0.02172,0.00023,0.00001,0.00014
30.81000,1.98000,0.99973,0.00022,0.00004,0.00000,0.00001
31.01000,1.98000,0.99956,0.00033,0.00009,0.00000,0.00003
31.21000,1.98000,0.99995,0.00002,0.00002,0.00000,0.00001
31.41000,1.98000,0.99997,0.00000,0.00001,0.00000,0.00001
31.61000,1.98000,0.99994,0.00001,0.00001,0.00001,0.00003
31.81000,1.98000,0.99995,0.00000,0.00000,0.00001,0.00004
32.01000,1.98000,0.99992,0.00002,0.00001,0.00001,0.00004
32.21000,1.98000,0.99988,0.00006,0.00000,0.00001,0.00004
32.41000,1.98000,0.99941,0.00048,0.00001,0.00002,0.00008
32.61000,1.98000,0.99938,0.00046,0.00000,0.00003,0.00012
32.81000,1.98000,0.99939,0.00052,0.00000,0.00000,0.00008
33.01000,1.98000,0.99955,0.00040,0.00000,0.00000,0.00005
33.21000,1.98000,0.99986,0.00002,0.00000,0.00000,0.00012
33.41000,1.98000,0.99999,0.00000,0.00000,0.00000,0.00001
33.61000,1.98000,0.99999,0.00000,0.00000,0.00000,0.00001
33.81000,1.98000,0.99996,0.00000,0.00000,0.00000,0.00004
34.01000,1.98000,0.99997,0.00000,0.00000,0.00000,0.00002
34.21000,1.98000,1.00000,0.00000,0.00000,0.00000,0.00000
34.41000,1.98000,1.00000,0.00000,0.00000,0.00000,0.00000
34.61000,1.98000,0.99978,0.00000,0.00022,0.00000,0.00000
34.81000,1.98000,0.99992,0.00000,0.00008,0.00000,0.00000
35.01000,1.98000,0.86176,0.00008,0.13814,0.00000,0.00002
35.21000,1.98000,0.42264,0.00002,0.57733,0.00000,0.00001
35.41000,1.98000,0.99718,0.00000,0.00282,0.00000,0.00000
35.61000,1.98000,0.99953,0.00000,0.00047,0.00000,0.00000
35.81000,1.98000,0.99914,0.00000,0.00086,0.00000,0.00000
36.01000,1.98000,0.99998,0.00000,0.00002,0.00000,0.00000
36.21000,1.98000,0.99996,0.00000,0.00004,0.00000,0.00000
36.41000,1.98000,0.99998,0.00000,0.00001,0.00000,0.00000
36.61000,1.98000,1.00000,0.00000,0.00000,0.00000,0.00000
36.81000,1.98000,1.00000,0.00000,0.00000,0.00000,0.00000
37.01000,1.98000,1.00000,0.00000,0.00000,0.00000,0.00000
37.21000,1.98000,0.99998,0.00001,0.00001,0.00000,0.00000
37.41000,1.98000,1.00000,0.00000,0.00000,0.00000,0.00000
37.61000,1.98000,0.99991,0.00009,0.00000,0.00000,0.00000
37.81000,1.98000,1.00000,0.00000,0.00000,0.00000,0.00000
38.01000,1.98000,0.99869,0.00131,0.00000,0.00000,0.00000
38.21000,1.98000,0.99984,0.00004,0.00011,0.00000,0.00000
38.41000,1.98000,0.99964,0.00032,0.00002,0.00000,0.00002
38.61000,1.98000,0.99996,0.00002,0.00001,0.00000,0.00000
38.81000,1.98000,0.99931,0.00002,0.00039,0.00000,0.00028
39.01000,1.98000,0.98618,0.00049,0.01154,0.00042,0.00138
39.21000,1.98000,0.06133,0.00047,0.64815,0.00155,0.28851
39.41000,1.98000,0.99945,0.00000,0.00008,0.00000,0.00047
39.61000,1.98000,0.99965,0.00000,0.00009,0.00000,0.00025
39.81000,1.98000,0.99503,0.00000,0.00049,0.00011,0.00438
40.01000,1.98000,0.99907,0.00000,0.00032,0.00000,0.00061
40.21000,1.98000,0.99870,0.00000,0.00045,0.00000,0.00085
40.41000,1.98000,0.99933,0.00000,0.00033,0.00002,0.00032
40.61000,1.98000,0.99910,0.00000,0.00013,0.00005,0.00072
40.81000,1.98000,0.99981,0.00000,0.00007,0.00000,0.00012
41.01000,1.98000,0.99972,0.00000,0.00014,0.00000,0.00014
41.21000,1.98000,0.99996,0.00000,0.00003,0.00000,0.00001
41.41000,1.98000,0.99998,0.00000,0.00001,0.00000,0.00001
41.61000,1.98000,0.99997,0.00000,0.00001,0.00000,0.00002
41.81000,1.98000,0.99960,0.00000,0.00006,0.00000,0.00034
42.01000,1.98000,0.99734,0.00000,0.00020,0.00003,0.00243
42.21000,1.98000,0.99881,0.00000,0.00005,0.00001,0.00113
42.41000,1.98000,0.99899,0.00000,0.00001,0.00000,0.00100
42.61000,1.98000,0.99903,0.00000,0.00001,0.00001,0.00095
42.81000,1.98000,0.99869,0.00000,0.00001,0.00007,0.00124
43.01000,1.98000,0.99196,0.00002,0.00001,0.00112,0.00689
43.21000,1.98000,0.97484,0.00004,0.00002,0.00400,0.02110
43.41000,1.98000,0.99872,0.00001,0.00000,0.00012,0.00115
43.61000,1.98000,0.99306,0.00002,0.00000,0.00084,0.00607
43.81000,1.98000,0.98825,0.00017,0.00000,0.00291,0.00867
44.01000,1.98000,0.99527,0.00002,0.00000,0.00025,0.00445
44.21000,1.98000,0.96532,0.00015,0.00001,0.00091,0.03361
44.41000,1.98000,0.04124,0.00004,0.00248,0.00084,0.95540
44.61000,1.98000,0.52596,0.00005,0.00064,0.00041,0.47294
44.81000,1.98000,0.99864,0.00001,0.00003,0.00000,0.00132
45.01000,1.98000,0.99997,0.00000,0.00002,0.00000,0.00001
45.21000,1.98000,0.99648,0.00000,0.00337,0.00000,0.00014
45.41000,1.98000,0.99981,0.00000,0.00017,0.00000,0.00002
45.61000,1.98000,0.99871,0.00001,0.00106,0.00000,0.00023
45.81000,1.98000,0.99727,0.00009,0.00233,0.00000,0.00030
46.01000,1.98000,0.98404,0.00061,0.01371,0.00003,0.00161
46.21000,1.98000,0.99991,0.00002,0.00005,0.00000,0.00002
46.41000,1.98000,0.99997,0.00002,0.00000,0.00000,0.00001
46.61000,1.98000,0.99997,0.00002,0.00000,0.00000,0.00001
46.81000,1.98000,0.99989,0.00000,0.00001,0.00001,0.00010
47.01000,1.98000,0.99981,0.00000,0.00000,0.00000,0.00018
47.21000,1.98000,0.99998,0.00000,0.00000,0.00000,0.00002
47.41000,1.98000,0.99997,0.00000,0.00000,0.00000,0.00003
47.61000,1.98000,0.99997,0.00000,0.00000,0.00000,0.00003
47.81000,1.98000,0.99949,0.00002,0.00000,0.00016,0.00034
48.01000,1.98000,0.99959,0.00002,0.00000,0.00010,0.00029
48.21000,1.98000,0.99486,0.00008,0.00000,0.00255,0.00250
48.41000,1.98000,0.99919,0.00001,0.00000,0.00017,0.00063
48.61000,1.98000,0.99797,0.00002,0.00000,0.00037,0.00163
48.81000,1.98000,0.99998,0.00000,0.00000,0.00000,0.00002
49.01000,1.98000,0.99999,0.00000,0.00000,0.00000,0.00001
49.21000,1.98000,0.99999,0.00000,0.00000,0.00000,0.00000
49.41000,1.98000,0.99998,0.00002,0.00000,0.00000,0.00000
49.61000,1.98000,0.99993,0.00007,0.00000,0.00000,0.00000
49.81000,1.98000,0.99944,0.00045,0.00000,0.00000,0.00011
50.01000,1.98000,0.54919,0.31933,0.00977,0.00043,0.12127
50.21000,1.98000,0.70071,0.02913,0.00239,0.00077,0.26699
50.41000,1.98000,0.99918,0.00008,0.00003,0.00000,0.00071
50.61000,1.98000,0.99982,0.00000,0.00005,0.00000,0.00013
50.81000,1.98000,0.99979,0.00000,0.00007,0.00000,0.00014
51.01000,1.98000,0.99973,0.00000,0.00002,0.00000,0.00025
51.21000,1.98000,0.99909,0.00000,0.00005,0.00000,0.00086
51.41000,1.98000,0.99991,0.00000,0.00001,0.00000,0.00008
51.61000,1.98000,0.99992,0.00000,0.00001,0.00000,0.00007
51.81000,1.98000,0.99989,0.00000,0.00001,0.00002,0.00009
52.01000,1.98000,0.99981,0.00000,0.00000,0.00007,0.00012
52.21000,1.98000,0.99973,0.00000,0.00001,0.00006,0.00020
52.41000,1.98000,0.99980,0.00000,0.00001,0.00005,0.00014
52.61000,1.98000,0.99988,0.00000,0.00001,0.00003,0.00009
52.81000,1.98000,0.99991,0.00000,0.00001,0.00001,0.00008
53.01000,1.98000,0.99996,0.00000,0.00000,0.00000,0.00004
53.21000,1.98000,1.00000,0.00000,0.00000,0.00000,0.00000
53.41000,1.98000,0.99998,0.00000,0.00000,0.00000,0.00001
53.61000,1.98000,0.99997,0.00000,0.00000,0.00000,0.00002
53.81000,1.98000,0.99814,0.00013,0.00001,0.00117,0.00056
54.01000,1.98000,0.96765,0.00023,0.00008,0.02679,0.00526
54.21000,1.98000,0.69587,0.00106,0.00122,0.12896,0.17289
54.41000,1.98000,0.99401,0.00208,0.00002,0.00100,0.00289
54.61000,1.98000,0.99999,0.00000,0.00001,0.00000,0.00000
54.81000,1.98000,0.99979,0.00002,0.00010,0.00002,0.00006
55.01000,1.98000,0.99355,0.00000,0.00641,0.00000,0.00003
55.21000,1.98000,0.92450,0.00153,0.00117,0.06952,0.00328
55.41000,1.98000,0.01460,0.00001,0.98356,0.00004,0.00179
55.61000,1.98000,0.99181,0.00007,0.00506,0.00124,0.00181
55.81000,1.98000,0.99042,0.00000,0.00958,0.00000,0.00000
56.01000,1.98000,0.99967,0.00000,0.00014,0.00000,0.00019
56.21000,1.98000,0.99819,0.00000,0.00178,0.00000,0.00003
56.41000,1.98000,0.53854,0.00016,0.01431,0.00107,0.44593
56.61000,1.98000,0.95787,0.00000,0.00121,0.00066,0.04025
56.81000,1.98000,0.99915,0.00000,0.00000,0.00000,0.00085
57.01000,1.98000,0.99925,0.00000,0.00002,0.00000,0.00073
57.21000,1.98000,0.99930,0.00000,0.00001,0.00000,0.00069
57.41000,1.98000,0.99994,0.00000,0.00002,0.00000,0.00004
57.61000,1.98000,0.99994,0.00000,0.00005,0.00000,0.00001
57.81000,1.98000,0.99999,0.00000,0.00001,0.00000,0.00000
58.01000,1.98000,0.99999,0.00000,0.00001,0.00000,0.00000
58.21000,1.98000,0.99997,0.00000,0.00002,0.00000,0.00001
58.41000,1.98000,0.99982,0.00000,0.00018,0.00000,0.00000
58.61000,1.98000,1.00000,0.00000,0.00000,0.00000,0.00000
58.81000,1.98000,1.00000,0.00000,0.00000,0.00000,0.00000
59.01000,1.98000,1.00000,0.00000,0.00000,0.00000,0.00000
59.21000,1.98000,0.99998,0.00000,0.00000,0.00000,0.00002
59.41000,1.98000,0.99999,0.00000,0.00000,0.00000,0.00000
59.61000,1.98000,0.99982,0.00000,0.00000,0.00000,0.00018
59.81000,1.98000,0.99918,0.00002,0.00001,0.00001,0.00078
60.01000,1.98000,0.11607,0.00011,0.02132,0.00015,0.86236
60.21000,1.98000,0.99516,0.00005,0.00001,0.00001,0.00477
60.41000,1.98000,0.99705,0.00000,0.00002,0.00000,0.00293
60.61000,1.98000,0.98519,0.00000,0.00063,0.00000,0.01418
60.81000,1.98000,0.99880,0.00000,0.00004,0.00000,0.00116
61.01000,1.98000,0.99841,0.00000,0.00014,0.00000,0.00145
61.21000,1.98000,0.99933,0.00000,0.00001,0.00000,0.00066
61.41000,1.98000,0.99996,0.00000,0.00000,0.00000,0.00004
61.61000,1.98000,0.99989,0.00000,0.00001,0.00000,0.00010
61.81000,1.98000,0.99991,0.00000,0.00001,0.00000,0.00008
62.01000,1.98000,0.99986,0.00000,0.00001,0.00000,0.00012
62.21000,1.98000,0.99994,0.00000,0.00001,0.00000,0.00005
62.41000,1.98000,0.99997,0.00000,0.00000,0.00000,0.00003
62.61000,1.98000,0.99998,0.00000,0.00000,0.00000,0.00001
62.81000,1.98000,0.99997,0.00000,0.00000,0.00000,0.00003
63.01000,1.98000,0.99998,0.00000,0.00000,0.00000,0.00002
63.21000,1.98000,0.99999,0.00000,0.00000,0.00000,0.00001
63.41000,1.98000,1.00000,0.00000,0.00000,0.00000,0.00000
63.61000,1.98000,1.00000,0.00000,0.00000,0.00000,0.00000
63.81000,1.98000,0.99999,0.00000,0.00000,0.00000,0.00001
64.01000,1.98000,0.99403,0.00000,0.00001,0.00000,0.00596
64.21000,1.98000,0.96182,0.00009,0.00009,0.00001,0.03798
64.41000,1.98000,0.48542,0.00019,0.00337,0.00013,0.51090
64.61000,1.98000,0.99856,0.00000,0.00000,0.00000,0.00143
64.81000,1.98000,0.99993,0.00000,0.00000,0.00000,0.00006
65.01000,1.98000,0.99963,0.00000,0.00002,0.00000,0.00035
65.21000,1.98000,0.99993,0.00000,0.00001,0.00000,0.00006
65.41000,1.98000,0.94820,0.00000,0.00989,0.00022,0.04169
65.61000,1.98000,0.99959,0.00000,0.00004,0.00002,0.00035
65.81000,1.98000,0.99902,0.00000,0.00009,0.00006,0.00083
66.01000,1.98000,0.99929,0.00000,0.00025,0.00002,0.00044
66.21000,1.98000,0.99929,0.00000,0.00022,0.00002,0.00047
66.41000,1.98000,0.99990,0.00000,0.00003,0.00000,0.00006
66.61000,1.98000,0.99998,0.00000,0.00000,0.00000,0.00002
66.81000,1.98000,0.99997,0.00000,0.00001,0.00000,0.00002
67.01000,1.98000,0.99998,0.00000,0.00001,0.00000,0.00001
67.21000,1.98000,0.99997,0.00000,0.00000,0.00001,0.00002
67.41000,1.98000,0.99996,0.00000,0.00000,0.00001,0.00003
67.61000,1.98000,0.99993,0.00000,0.00000,0.00001,0.00005
67.81000,1.98000,0.99994,0.00000,0.00000,0.00001,0.00005
68.01000,1.98000,0.99995,0.00000,0.00000,0.00001,0.00004
68.21000,1.98000,0.99996,0.00000,0.00000,0.00000,0.00004
68.41000,1.98000,1.00000,0.00000,0.00000,0.00000,0.00000
68.61000,1.98000,0.99999,0.00000,0.00000,0.00000,0.00000
68.81000,1.98000,0.99999,0.00001,0.00000,0.00000,0.00000
69.01000,1.98000,0.99999,0.00001,0.00000,0.00000,0.00000
69.21000,1.98000,0.99342,0.00626,0.00001,0.00004,0.00027
69.41000,1.98000,0.40109,0.37445,0.00196,0.18715,0.03535
69.61000,1.98000,0.88498,0.04919,0.00180,0.02834,0.03569
69.81000,1.98000,0.99899,0.00025,0.00007,0.00007,0.00062
70.01000,1.98000,0.99989,0.00001,0.00008,0.00000,0.00002
70.21000,1.98000,0.99970,0.00000,0.00015,0.00004,0.00011
70.41000,1.98000,0.99973,0.00000,0.00007,0.00005,0.00015
70.61000,1.98000,0.99985,0.00000,0.00003,0.00002,0.00010
70.81000,1.98000,0.99988,0.00000,0.00001,0.00004,0.00007
71.01000,1.98000,0.99990,0.00000,0.00001,0.00003,0.00007
71.21000,1.98000,0.99993,0.00000,0.00000,0.00001,0.00006
71.41000,1.98000,0.99996,0.00000,0.00000,0.00000,0.00004
71.61000,1.98000,0.99995,0.00000,0.00000,0.00000,0.00005
71.81000,1.98000,0.99973,0.00000,0.00000,0.00001,0.00026
72.01000,1.98000,0.99981,0.00000,0.00000,0.00000,0.00019
72.21000,1.98000,0.99643,0.00000,0.00009,0.00004,0.00344
72.41000,1.98000,0.99369,0.00000,0.00008,0.00004,0.00619
72.61000,1.98000,0.99497,0.00000,0.00002,0.00007,0.00495
72.81000,1.98000,0.99978,0.00000,0.00001,0.00000,0.00021
73.01000,1.98000,0.99927,0.00000,0.00013,0.00000,0.00059
73.21000,1.98000,0.99997,0.00000,0.00000,0.00000,0.00003
73.41000,1.98000,0.99983,0.00000,0.00011,0.00000,0.00006
73.61000,1.98000,0.99976,0.00000,0.00024,0.00000,0.00000
73.81000,1.98000,0.99999,0.00000,0.00001,0.00000,0.00000
74.01000,1.98000,0.99837,0.00000,0.00162,0.00000,0.00001
74.21000,1.98000,0.79209,0.00000,0.20784,0.00000,0.00007
74.41000,1.98000,0.92153,0.00000,0.07808,0.00030,0.00009
74.61000,1.98000,0.93897,0.00000,0.06099,0.00000,0.00004
74.81000,1.98000,0.99965,0.00000,0.00034,0.00000,0.00000
75.01000,1.98000,0.99904,0.00000,0.00095,0.00000,0.00000
75.21000,1.98000,0.99981,0.00000,0.00018,0.00000,0.00001
75.41000,1.98000,0.99999,0.00000,0.00001,0.00000,0.00000
75.61000,1.98000,0.99943,0.00002,0.00001,0.00010,0.00045
75.81000,1.98000,0.99914,0.00001,0.00001,0.00005,0.00080
76.01000,1.98000,0.99941,0.00001,0.00000,0.00004,0.00053
76.21000,1.98000,0.99924,0.00001,0.00002,0.00019,0.00055
76.41000,1.98000,0.99866,0.00001,0.00001,0.00046,0.00085
76.61000,1.98000,0.99575,0.00000,0.00001,0.00007,0.00417
76.81000,1.98000,0.99589,0.00000,0.00002,0.00009,0.00400
77.01000,1.98000,0.99258,0.00000,0.00002,0.00003,0.00737
77.21000,1.98000,0.99221,0.00000,0.00006,0.00002,0.00770
77.41000,1.98000,0.99943,0.00000,0.00001,0.00000,0.00056
77.61000,1.98000,0.99969,0.00000,0.00000,0.00001,0.00030
77.81000,1.98000,0.99913,0.00000,0.00000,0.00001,0.00085
78.01000,1.98000,0.99929,0.00000,0.00000,0.00002,0.00069
78.21000,1.98000,0.99856,0.00000,0.00003,0.00011,0.00130
78.41000,1.98000,0.99979,0.00000,0.00001,0.00001,0.00019
78.61000,1.98000,0.99987,0.00000,0.00001,0.00005,0.00007
78.81000,1.98000,0.99955,0.00000,0.00000,0.00026,0.00019
79.01000,1.98000,0.99873,0.00001,0.00000,0.00073,0.00053
79.21000,1.98000,0.99879,0.00001,0.00000,0.00016,0.00105
79.41000,1.98000,0.99636,0.00002,0.00003,0.00096,0.00263
79.61000,1.98000,0.56344,0.00323,0.00122,0.26104,0.17107
79.81000,1.98000,0.98034,0.00247,0.00011,0.00201,0.01507
80.01000,1.98000,0.99979,0.00000,0.00010,0.00000,0.00011
80.21000,1.98000,0.99996,0.00001,0.00002,0.00000,0.00001
80.41000,1.98000,0.99994,0.00000,0.00005,0.00000,0.00000
80.61000,1.98000,0.99998,0.00000,0.00001,0.00000,0.00000
80.81000,1.98000,0.99999,0.00000,0.00000,0.00000,0.00000
81.01000,1.98000,0.99999,0.00001,0.00000,0.00000,0.00000
81.21000,1.98000,1.00000,0.00000,0.00000,0.00000,0.00000
81.41000,1.98000,0.99999,0.00001,0.00000,0.00000,0.00000
81.61000,1.98000,0.99998,0.00000,0.00000,0.00000,0.00001
81.81000,1.98000,0.99971,0.00002,0.00000,0.00001,0.00026
82.01000,1.98000,0.99990,0.00001,0.00000,0.00000,0.00009
82.21000,1.98000,0.99996,0.00000,0.00000,0.00000,0.00004
82.41000,1.98000,0.99996,0.00000,0.00000,0.00000,0.00003
82.61000,1.98000,0.99999,0.00000,0.00000,0.00000,0.00001
82.81000,1.98000,1.00000,0.00000,0.00000,0.00000,0.00000
83.01000,1.98000,1.00000,0.00000,0.00000,0.00000,0.00000
83.21000,1.98000,1.00000,0.00000,0.00000,0.00000,0.00000
83.41000,1.98000,1.00000,0.00000,0.00000,0.00000,0.00000
83.61000,1.98000,1.00000,0.00000,0.00000,0.00000,0.00000
83.81000,1.98000,0.99999,0.00000,0.00000,0.00000,0.00001
84.01000,1.98000,1.00000,0.00000,0.00000,0.00000,0.00000
84.21000,1.98000,1.00000,0.00000,0.00000,0.00000,0.00000
84.41000,1.98000,1.00000,0.00000,0.00000,0.00000,0.00000
84.61000,1.98000,0.99999,0.00000,0.00000,0.00000,0.00000
84.81000,1.98000,0.99999,0.00000,0.00000,0.00000,0.00001
85.01000,1.98000,0.99999,0.00000,0.00000,0.00000,0.00001
85.21000,1.98000,0.99986,0.00000,0.00001,0.00000,0.00013
85.41000,1.98000,0.99616,0.00006,0.00011,0.00000,0.00366
85.61000,1.98000,0.76527,0.00006,0.07774,0.00000,0.15692
85.81000,1.98000,0.99994,0.00000,0.00002,0.00000,0.00004
86.01000,1.98000,1.00000,0.00000,0.00000,0.00000,0.00000
86.21000,1.98000,0.99995,0.00000,0.00003,0.00000,0.00002
86.41000,1.98000,0.99984,0.00000,0.00011,0.00000,0.00004
86.61000,1.98000,0.99989,0.00000,0.00009,0.00000,0.00002
86.81000,1.98000,0.99999,0.00000,0.00001,0.00000,0.00000
87.01000,1.98000,0.99998,0.00000,0.00002,0.00000,0.00000
87.21000,1.98000,0.99997,0.00000,0.00002,0.00000,0.00001
87.41000,1.98000,0.99996,0.00000,0.00003,0.00000,0.00001
87.61000,1.98000,0.99999,0.00000,0.00001,0.00000,0.00000
87.81000,1.98000,0.99999,0.00000,0.00001,0.00000,0.00000
88.01000,1.98000,0.99999,0.00000,0.00001,0.00000,0.00000
88.21000,1.98000,0.99989,0.00000,0.00010,0.00000,0.00001
88.41000,1.98000,0.99993,0.00000,0.00006,0.00000,0.00002
88.61000,1.98000,1.00000,0.00000,0.00000,0.00000,0.00000
88.81000,1.98000,1.00000,0.00000,0.00000,0.00000,0.00000
89.01000,1.98000,0.99994,0.00004,0.00001,0.00000,0.00000
89.21000,1.98000,1.00000,0.00000,0.00000,0.00000,0.00000
89.41000,1.98000,0.99948,0.00050,0.00002,0.00000,0.00001
89.61000,1.98000,0.64756,0.34631,0.00353,0.00006,0.00254
89.81000,1.98000,0.96906,0.02272,0.00117,0.00019,0.00686
90.01000,1.98000,0.99906,0.00039,0.00021,0.00001,0.00033
90.21000,1.98000,0.99986,0.00001,0.00010,0.00000,0.00003
90.41000,1.98000,0.99985,0.00000,0.00010,0.00000,0.00005
90.61000,1.98000,0.99935,0.00000,0.00010,0.00007,0.00047
90.81000,1.98000,0.99984,0.00000,0.00003,0.00002,0.00011
91.01000,1.98000,0.99976,0.00000,0.00000,0.00002,0.00021
91.21000,1.98000,0.99800,0.00001,0.00001,0.00027,0.00170
91.41000,1.98000,0.99448,0.00001,0.00005,0.00076,0.00470
91.61000,1.98000,0.99461,0.00000,0.00003,0.00146,0.00389
91.81000,1.98000,0.98940,0.00000,0.00003,0.00081,0.00976
92.01000,1.98000,0.95476,0.00001,0.00008,0.00264,0.04251
92.21000,1.98000,0.88641,0.00001,0.00021,0.00143,0.11193
92.41000,1.98000,0.98959,0.00000,0.00004,0.00005,0.01032
92.61000,1.98000,0.98610,0.00000,0.00012,0.00007,0.01371
92.81000,1.98000,0.98657,0.00000,0.00017,0.00045,0.01280
93.01000,1.98000,0.95208,0.00003,0.00025,0.00156,0.04608
93.21000,1.98000,0.98624,0.00002,0.00035,0.00002,0.01337
93.41000,1.98000,0.99986,0.00000,0.00013,0.00000,0.00001
93.61000,1.98000,0.99998,0.00000,0.00002,0.00000,0.00000
93.81000,1.98000,0.99944,0.00000,0.00055,0.00000,0.00001
94.01000,1.98000,0.98804,0.00001,0.01194,0.00000,0.00000
94.21000,1.98000,0.76894,0.00010,0.22988,0.00011,0.00098
94.41000,1.98000,0.89225,0.00007,0.10764,0.00000,0.00004
94.61000,1.98000,0.99981,0.00000,0.00019,0.00000,0.00000
94.81000,1.98000,0.99996,0.00000,0.00004,0.00000,0.00000
95.01000,1.98000,0.99996,0.00000,0.00004,0.00000,0.00000
95.21000,1.98000,0.99999,0.00000,0.00001,0.00000,0.00000
95.41000,1.98000,1.00000,0.00000,0.00000,0.00000,0.00000
95.61000,1.98000,1.00000,0.00000,0.00000,0.00000,0.00000
95.81000,1.98000,1.00000,0.00000,0.00000,0.00000,0.00000
96.01000,1.98000,1.00000,0.00000,0.00000,0.00000,0.00000
96.21000,1.98000,1.00000,0.00000,0.00000,0.00000,0.00000
96.41000,1.98000,1.00000,0.00000,0.00000,0.00000,0.00000
96.61000,1.98000,0.99996,0.00000,0.00004,0.00000,0.00000
96.81000,1.98000,1.00000,0.00000,0.00000,0.00000,0.00000
97.01000,1.98000,1.00000,0.00000,0.00000,0.00000,0.00000
97.21000,1.98000,0.99999,0.00000,0.00000,0.00000,0.00000
97.41000,1.98000,0.99996,0.00002,0.00002,0.00000,0.00000
97.61000,1.98000,0.98857,0.00014,0.00610,0.00000,0.00519
97.81000,1.98000,0.99940,0.00002,0.00003,0.00000,0.00054
98.01000,1.98000,0.99999,0.00000,0.00000,0.00000,0.00000
98.21000,1.98000,0.99998,0.00000,0.00001,0.00000,0.00001
98.41000,1.98000,0.99999,0.00000,0.00000,0.00000,0.00001
98.61000,1.98000,0.99999,0.00000,0.00000,0.00000,0.00001
98.81000,1.98000,0.99999,0.00000,0.00000,0.00000,0.00001
99.01000,1.98000,0.99984,0.00000,0.00000,0.00000,0.00016
99.21000,1.98000,0.95539,0.00008,0.00105,0.00002,0.04345
99.41000,1.98000,0.78038,0.00014,0.00582,0.00005,0.21361
99.61000,1.98000,0.99992,0.00000,0.00000,0.00000,0.00008
99.81000,1.98000,0.99992,0.00000,0.00000,0.00000,0.00008
100.01000,1.98000,0.99991,0.00000,0.00001,0.00000,0.00008
100.21000,1.98000,0.99996,0.00000,0.00002,0.00000,0.00002
100.41000,1.98000,0.99995,0.00000,0.00003,0.00000,0.00001
100.61000,1.98000,1.00000,0.00000,0.00000,0.00000,0.00000
100.81000,1.98000,1.00000,0.00000,0.00000,0.00000,0.00000
101.01000,1.98000,0.99998,0.00000,0.00002,0.00000,0.00000
101.21000,1.98000,0.99981,0.00000,0.00018,0.00000,0.00001
101.41000,1.98000,0.99999,0.00000,0.00000,0.00000,0.00000
101.61000,1.98000,0.99996,0.00000,0.00004,0.00000,0.00000
101.81000,1.98000,0.99968,0.00000,0.00029,0.00000,0.00003
102.01000,1.98000,0.99981,0.00000,0.00017,0.00000,0.00003
102.21000,1.98000,0.99998,0.00000,0.00001,0.00000,0.00001
102.41000,1.98000,0.99989,0.00000,0.00006,0.00001,0.00004
102.61000,1.98000,0.99992,0.00000,0.00002,0.00000,0.00006
102.81000,1.98000,0.99887,0.00000,0.00003,0.00002,0.00108
103.01000,1.98000,0.99984,0.00000,0.00001,0.00000,0.00015
103.21000,1.98000,0.99963,0.00000,0.00001,0.00000,0.00036
103.41000,1.98000,0.99974,0.00000,0.00000,0.00000,0.00026
103.61000,1.98000,0.99994,0.00000,0.00000,0.00000,0.00006
103.81000,1.98000,0.99982,0.00006,0.00000,0.00000,0.00012
104.01000,1.98000,0.99965,0.00001,0.00000,0.00000,0.00034
104.21000,1.98000,0.99900,0.00001,0.00001,0.00000,0.00099
104.41000,1.98000,0.99942,0.00018,0.00000,0.00002,0.00039
104.61000,1.98000,0.88612,0.00442,0.00750,0.00030,0.10166
104.81000,1.98000,0.99919,0.00009,0.00024,0.00000,0.00048
105.01000,1.98000,0.99996,0.00001,0.00002,0.00000,0.00001
105.21000,1.98000,0.99381,0.00000,0.00610,0.00000,0.00008
105.41000,1.98000,0.99946,0.00004,0.00043,0.00000,0.00007
105.61000,1.98000,0.99996,0.00000,0.00004,0.00000,0.00000
105.81000,1.98000,0.99927,0.00039,0.00024,0.00001,0.00008
106.01000,1.98000,0.99999,0.00001,0.00001,0.00000,0.00000
106.21000,1.98000,0.99993,0.00006,0.00001,0.00000,0.00000
106.41000,1.98000,0.99998,0.00001,0.00001,0.00000,0.00000
106.61000,1.98000,0.99996,0.00001,0.00001,0.00000,0.00002
106.81000,1.98000,0.99997,0.00000,0.00000,0.00000,0.00002
107.01000,1.98000,0.99992,0.00000,0.00000,0.00000,0.00008
107.21000,1.98000,0.99983,0.00001,0.00000,0.00000,0.00015
107.41000,1.98000,0.99999,0.00000,0.00000,0.00000,0.00001
107.61000,1.98000,0.99996,0.00000,0.00000,0.00000,0.00003
107.81000,1.98000,1.00000,0.00000,0.00000,0.00000,0.00000
108.01000,1.98000,1.00000,0.00000,0.00000,0.00000,0.00000
108.21000,1.98000,0.99999,0.00000,0.00000,0.00000,0.00000
108.41000,1.98000,0.99981,0.00002,0.00008,0.00000,0.00009
108.61000,1.98000,0.99999,0.00000,0.00000,0.00000,0.00000
108.81000,1.98000,1.00000,0.00000,0.00000,0.00000,0.00000
109.01000,1.98000,1.00000,0.00000,0.00000,0.00000,0.00000
109.21000,1.98000,1.00000,0.00000,0.00000,0.00000,0.00000
109.41000,1.98000,0.99999,0.00001,0.00000,0.00000,0.00000
109.61000,1.98000,0.99999,0.00001,0.00000,0.00000,0.00000
109.81000,1.98000,0.99998,0.00002,0.00000,0.00000,0.00000
110.01000,1.98000,0.99058,0.00782,0.00003,0.00000,0.00157
110.21000,1.98000,0.83011,0.13575,0.00108,0.00004,0.03302
110.41000,1.98000,0.99872,0.00118,0.00005,0.00000,0.00005
110.61000,1.98000,0.99940,0.00021,0.00009,0.00000,0.00030
110.81000,1.98000,0.99987,0.00004,0.00005,0.00000,0.00004
111.01000,1.98000,0.99835,0.00000,0.00011,0.00000,0.00154
111.21000,1.98000,0.99979,0.00000,0.00000,0.00000,0.00021
111.41000,1.98000,0.99990,0.00000,0.00000,0.00000,0.00010
111.61000,1.98000,0.99985,0.00000,0.00001,0.00000,0.00014
111.81000,1.98000,0.99994,0.00000,0.00000,0.00000,0.00006
112.01000,1.98000,0.99959,0.00000,0.00000,0.00003,0.00037
112.21000,1.98000,0.99924,0.00000,0.00000,0.00007,0.00069
112.41000,1.98000,0.99961,0.00000,0.00000,0.00001,0.00038
112.61000,1.98000,0.99992,0.00000,0.00000,0.00000,0.00008
112.81000,1.98000,0.99988,0.00000,0.00001,0.00001,0.00010
113.01000,1.98000,0.99996,0.00000,0.00000,0.00001,0.00003
113.21000,1.98000,0.99995,0.00000,0.00000,0.00001,0.00005
113.41000,1.98000,0.99994,0.00000,0.00000,0.00000,0.00006
113.61000,1.98000,0.99969,0.00000,0.00000,0.00002,0.00029
113.81000,1.98000,0.99637,0.00000,0.00004,0.00010,0.00348
114.01000,1.98000,0.99793,0.00000,0.00002,0.00028,0.00177
114.21000,1.98000,0.99898,0.00000,0.00002,0.00005,0.00095
114.41000,1.98000,0.99972,0.00000,0.00004,0.00001,0.00023
114.61000,1.98000,0.99997,0.00000,0.00002,0.00000,0.00000
114.81000,1.98000,0.99994,0.00000,0.00006,0.00000,0.00000
115.01000,1.98000,0.99990,0.00000,0.00010,0.00000,0.00000
115.21000,1.98000,0.99987,0.00000,0.00012,0.00000,0.00000
115.41000,1.98000,0.01791,0.00000,0.98198,0.00000,0.00011
115.61000,1.98000,0.86748,0.00000,0.13173,0.00000,0.00079
115.81000,1.98000,0.99990,0.00000,0.00010,0.00000,0.00000
116.01000,1.98000,0.99997,0.00000,0.00003,0.00000,0.00000
116.21000,1.98000,0.99937,0.00000,0.00062,0.00000,0.00001
116.41000,1.98000,0.99929,0.00000,0.00039,0.00000,0.00032
116.61000,1.98000,0.99978,0.00000,0.00001,0.00000,0.00021
116.81000,1.98000,0.99996,0.00000,0.00002,0.00000,0.00002
117.01000,1.98000,0.99995,0.00000,0.00002,0.00000,0.00003
117.21000,1.98000,0.99996,0.00000,0.00002,0.00000,0.00002
117.41000,1.98000,0.99998,0.00000,0.00001,0.00000,0.00002
117.61000,1.98000,0.99999,0.00000,0.00000,0.00000,0.00001
117.81000,1.98000,0.99999,0.00000,0.00001,0.00000,0.00000
118.01000,1.98000,0.99999,0.00000,0.00001,0.00000,0.00000
118.21000,1.98000,0.99999,0.00000,0.00001,0.00000,0.00000
118.41000,1.98000,0.99904,0.00000,0.00094,0.00000,0.00001
118.61000,1.98000,0.99964,0.00000,0.00035,0.00001,0.00000
118.81000,1.98000,0.99999,0.00000,0.00001,0.00000,0.00000
119.01000,1.98000,0.99996,0.00000,0.00004,0.00000,0.00000
119.21000,1.98000,0.99995,0.00000,0.00005,0.00000,0.00000
119.41000,1.98000,0.99999,0.00000,0.00001,0.00000,0.00000
119.61000,1.98000,1.00000,0.00000,0.00000,0.00000,0.00000
119.81000,1.98000,0.99979,0.00000,0.00008,0.00002,0.00011
120.01000,1.98000,0.99685,0.00051,0.00053,0.00022,0.00189
120.21000,1.98000,0.93975,0.00055,0.02109,0.00031,0.03831
120.41000,1.98000,0.99992,0.00000,0.00001,0.00000,0.00007
120.61000,1.98000,0.99982,0.00000,0.00001,0.00000,0.00017
120.81000,1.98000,0.99971,0.00000,0.00004,0.00000,0.00025
121.01000,1.98000,0.99185,0.00000,0.00407,0.00000,0.00407
121.21000,1.98000,0.99983,0.00000,0.00003,0.00000,0.00014
121.41000,1.98000,0.99997,0.00000,0.00000,0.00000,0.00002
121.61000,1.98000,0.99995,0.00000,0.00002,0.00000,0.00003
121.81000,1.98000,0.99998,0.00000,0.00001,0.00000,0.00001
122.01000,1.98000,1.00000,0.00000,0.00000,0.00000,0.00000
122.21000,1.98000,0.99999,0.00000,0.00000,0.00000,0.00001
122.41000,1.98000,1.00000,0.00000,0.00000,0.00000,0.00000
122.61000,1.98000,0.99999,0.00000,0.00000,0.00000,0.00001
122.81000,1.98000,0.99999,0.00000,0.00000,0.00000,0.00000
123.01000,1.98000,0.99996,0.00000,0.00000,0.00000,0.00004
123.21000,1.98000,0.99997,0.00000,0.00000,0.00000,0.00002
123.41000,1.98000,0.99888,0.00001,0.00002,0.00050,0.00059
123.61000,1.98000,0.99956,0.00000,0.00000,0.00026,0.00018
123.81000,1.98000,0.99991,0.00000,0.00000,0.00001,0.00007
124.01000,1.98000,0.99925,0.00000,0.00002,0.00016,0.00056
124.21000,1.98000,0.99919,0.00000,0.00001,0.00007,0.00073
124.41000,1.98000,0.99993,0.00000,0.00000,0.00000,0.00007
124.61000,1.98000,1.00000,0.00000,0.00000,0.00000,0.00000
124.81000,1.98000,0.99999,0.00000,0.00000,0.00000,0.00001
125.01000,1.98000,0.99561,0.00000,0.00000,0.00000,0.00439
125.21000,1.98000,0.97035,0.00000,0.00001,0.00000,0.02964
125.41000,1.98000,0.00192,0.00000,0.00031,0.00000,0.99777
125.61000,1.98000,0.96687,0.00000,0.00001,0.00000,0.03312
125.81000,1.98000,0.99964,0.00000,0.00000,0.00000,0.00036
126.01000,1.98000,0.99723,0.00000,0.00074,0.00000,0.00203
126.21000,1.98000,0.99996,0.00000,0.00003,0.00000,0.00001
126.41000,1.98000,0.99850,0.00000,0.00105,0.00000,0.00045
126.61000,1.98000,0.99686,0.00000,0.00269,0.00000,0.00045
126.81000,1.98000,0.99996,0.00000,0.00003,0.00000,0.00002
127.01000,1.98000,0.99999,0.00000,0.00000,0.00000,0.00000
127.21000,1.98000,0.99992,0.00000,0.00007,0.00000,0.00001
127.41000,1.98000,0.99999,0.00000,0.00000,0.00000,0.00000
127.61000,1.98000,0.99997,0.00000,0.00002,0.00000,0.00001
127.81000,1.98000,0.99996,0.00000,0.00004,0.00000,0.00000
128.00999,1.98001,0.99990,0.00000,0.00009,0.00000,0.00001
128.21001,1.98000,0.99999,0.00000,0.00001,0.00000,0.00000
128.41000,1.98000,0.99865,0.00000,0.00133,0.00000,0.00001
128.61000,1.98000,0.98195,0.00000,0.01802,0.00001,0.00002
128.81000,1.98000,0.99830,0.00000,0.00169,0.00000,0.00001
129.00999,1.98001,0.99977,0.00000,0.00023,0.00000,0.00000
129.21001,1.98000,0.99997,0.00000,0.00003,0.00000,0.00000
129.41000,1.98000,0.99996,0.00000,0.00004,0.00000,0.00000
129.61000,1.98000,0.99998,0.00000,0.00001,0.00000,0.00001
129.81000,1.98000,0.99994,0.00000,0.00000,0.00001,0.00004
130.00999,1.98001,0.99996,0.00000,0.00000,0.00001,0.00003
130.21001,1.98000,0.99995,0.00000,0.00000,0.00001,0.00004
130.41000,1.98000,0.99995,0.00000,0.00000,0.00001,0.00004
130.61000,1.98000,0.99995,0.00000,0.00000,0.00001,0.00004
130.81000,1.98000,0.99995,0.00000,0.00000,0.00001,0.00004
