Time (seconds), Duration (seconds),pred_(unlabeled),pred_On,pred_Off,pred_Dimmer,pred_Lighter
0.01000,1.98000,0.99793,0.00020,0.00005,0.00165,0.00017
0.21000,1.98000,0.99398,0.00068,0.00004,0.00482,0.00047
0.41000,1.98000,0.94185,0.00427,0.00007,0.05234,0.00147
0.61000,1.98000,0.92797,0.00500,0.00007,0.06524,0.00171
0.81000,1.98000,0.92290,0.00571,0.00008,0.06940,0.00191
1.01000,1.98000,0.92842,0.00504,0.00007,0.06468,0.00179
1.21000,1.98000,0.92101,0.00598,0.00008,0.07093,0.00200
1.41000,1.98000,0.93056,0.00535,0.00007,0.06213,0.00188
1.61000,1.98000,0.98060,0.00236,0.00007,0.01627,0.00069
1.81000,1.98000,0.99448,0.00048,0.00010,0.00472,0.00022
2.01000,1.98000,0.99852,0.00013,0.00008,0.00121,0.00006
2.21000,1.98000,0.99839,0.00012,0.00015,0.00125,0.00009
2.41000,1.98000,0.99835,0.00013,0.00031,0.00092,0.00030
2.61000,1.98000,0.99701,0.00007,0.00099,0.00071,0.00122
2.81000,1.98000,0.99518,0.00003,0.00138,0.00082,0.00259
3.01000,1.98000,0.99308,0.00002,0.00206,0.00078,0.00407
3.21000,1.98000,0.99187,0.00001,0.00247,0.00091,0.00475
3.41000,1.98000,0.99050,0.00001,0.00342,0.00094,0.00513
3.61000,1.98000,0.98978,0.00001,0.00394,0.00113,0.00515
3.81000,1.98000,0.98814,0.00000,0.00503,0.00110,0.00573
4.01000,1.98000,0.99273,0.00000,0.00456,0.00046,0.00225
4.21000,1.98000,0.99482,0.00000,0.00381,0.00041,0.00097
4.41000,1.98000,0.99690,0.00000,0.00210,0.00059,0.00040
4.61000,1.98000,0.99754,0.00000,0.00109,0.00117,0.00019
4.81000,1.98000,0.99746,0.00001,0.00094,0.00146,0.00013
5.01000,1.98000,0.99766,0.00001,0.00071,0.00152,0.00010
5.21000,1.98000,0.99781,0.00002,0.00060,0.00149,0.00008
5.41000,1.98000,0.99791,0.00003,0.00053,0.00145,0.00008
5.61000,1.98000,0.99798,0.00003,0.00051,0.00140,0.00008
5.81000,1.98000,0.99788,0.00004,0.00052,0.00148,0.00007
6.01000,1.98000,0.99855,0.00002,0.00043,0.00095,0.00005
6.21000,1.98000,0.99962,0.00002,0.00019,0.00015,0.00001
6.41000,1.98000,0.99904,0.00004,0.00019,0.00065,0.00007
6.61000,1.98000,0.99182,0.00016,0.00033,0.00721,0.00048
6.81000,1.98000,0.87492,0.00127,0.00114,0.11838,0.00429
7.01000,1.98000,0.84243,0.00123,0.00113,0.15180,0.00341
7.21000,1.98000,0.84029,0.00141,0.00126,0.15162,0.00542
7.41000,1.98000,0.84573,0.00143,0.00104,0.14795,0.00386
7.61000,1.98000,0.85084,0.00151,0.00107,0.14094,0.00563
7.81000,1.98000,0.84829,0.00159,0.00097,0.14449,0.00466
8.01000,1.98000,0.89728,0.00137,0.00080,0.09616,0.00439
8.21000,1.98000,0.98718,0.00018,0.00037,0.01172,0.00055
8.41000,1.98000,0.99686,0.00009,0.00037,0.00254,0.00014
8.61000,1.98000,0.99863,0.00005,0.00030,0.00096,0.00006
8.81000,1.98000,0.99847,0.00006,0.00026,0.00112,0.00008
9.01000,1.98000,0.99855,0.00007,0.00024,0.00106,0.00009
9.21000,1.98000,0.99857,0.00006,0.00024,0.00104,0.00008
9.41000,1.98000,0.99851,0.00006,0.00026,0.00109,0.00009
9.61000,1.98000,0.99853,0.00006,0.00026,0.00106,0.00008
9.81000,1.98000,0.99856,0.00006,0.00026,0.00105,0.00008
10.01000,1.98000,0.99850,0.00006,0.00027,0.00109,0.00008
10.21000,1.98000,0.99855,0.00006,0.00025,0.00106,0.00008
10.41000,1.98000,0.99857,0.00005,0.00026,0.00105,0.00008
10.61000,1.98000,0.99895,0.00004,0.00023,0.00072,0.00007
10.81000,1.98000,0.99810,0.00002,0.00053,0.00117,0.00018
11.01000,1.98000,0.99816,0.00001,0.00058,0.00105,0.00020
11.21000,1.98000,0.99786,0.00000,0.00087,0.00096,0.00030
11.41000,1.98000,0.99775,0.00000,0.00097,0.00095,0.00033
11.61000,1.98000,0.99711,0.00000,0.00136,0.00109,0.00043
11.81000,1.98000,0.99695,0.00000,0.00144,0.00120,0.00041
12.01000,1.98000,0.99685,0.00000,0.00157,0.00116,0.00042
12.21000,1.98000,0.99632,0.00000,0.00180,0.00144,0.00044
12.41000,1.98000,0.99751,0.00000,0.00134,0.00090,0.00026
12.61000,1.98000,0.99751,0.00000,0.00119,0.00108,0.00022
12.81000,1.98000,0.99780,0.00000,0.00086,0.00118,0.00016
13.01000,1.98000,0.99797,0.00001,0.00069,0.00121,0.00013
13.21000,1.98000,0.99788,0.00001,0.00058,0.00141,0.00011
13.41000,1.98000,0.99818,0.00002,0.00042,0.00130,0.00009
13.61000,1.98000,0.99828,0.00002,0.00038,0.00123,0.00009
13.81000,1.98000,0.99820,0.00002,0.00038,0.00129,0.00010
14.01000,1.98000,0.99837,0.00003,0.00035,0.00115,0.00010
14.21000,1.98000,0.99846,0.00003,0.00032,0.00109,0.00010
14.41000,1.98000,0.99849,0.00003,0.00030,0.00108,0.00010
14.61000,1.98000,0.99854,0.00003,0.00028,0.00105,0.00010
14.81000,1.98000,0.99851,0.00004,0.00028,0.00106,0.00010
15.01000,1.98000,0.99895,0.00003,0.00021,0.00072,0.00008
15.21000,1.98000,0.99947,0.00005,0.00007,0.00037,0.00005
15.41000,1.98000,0.99853,0.00012,0.00005,0.00116,0.00015
15.61000,1.98000,0.99486,0.00042,0.00004,0.00427,0.00042
15.81000,1.98000,0.92394,0.00293,0.00010,0.06922,0.00381
16.01000,1.98000,0.83054,0.00540,0.00013,0.15689,0.00704
16.21000,1.98000,0.80225,0.00589,0.00019,0.18188,0.00979
16.41000,1.98000,0.82278,0.00572,0.00014,0.16329,0.00807
16.61000,1.98000,0.80034,0.00655,0.00019,0.18081,0.01212
16.81000,1.98000,0.82005,0.00617,0.00014,0.16442,0.00922
17.01000,1.98000,0.93382,0.00313,0.00014,0.05849,0.00442
17.21000,1.98000,0.98902,0.00055,0.00013,0.00942,0.00089
17.41000,1.98000,0.99684,0.00021,0.00019,0.00244,0.00032
17.61000,1.98000,0.99823,0.00011,0.00021,0.00130,0.00015
17.81000,1.98000,0.99879,0.00007,0.00019,0.00086,0.00010
18.01000,1.98000,0.99892,0.00005,0.00016,0.00078,0.00008
18.21000,1.98000,0.99914,0.00004,0.00013,0.00063,0.00006
18.41000,1.98000,0.99889,0.00002,0.00025,0.00074,0.00010
18.61000,1.98000,0.99905,0.00001,0.00029,0.00055,0.00010
18.81000,1.98000,0.99859,0.00001,0.00044,0.00083,0.00014
19.01000,1.98000,0.99824,0.00000,0.00057,0.00101,0.00018
19.21000,1.98000,0.99819,0.00000,0.00063,0.00101,0.00017
19.41000,1.98000,0.99792,0.00000,0.00075,0.00114,0.00019
19.61000,1.98000,0.99786,0.00000,0.00081,0.00115,0.00018
19.81000,1.98000,0.99742,0.00000,0.00099,0.00139,0.00020
20.01000,1.98000,0.99744,0.00000,0.00092,0.00148,0.00016
20.21000,1.98000,0.99747,0.00000,0.00104,0.00134,0.00015
20.41000,1.98000,0.99778,0.00000,0.00062,0.00150,0.00010
20.61000,1.98000,0.99783,0.00000,0.00056,0.00154,0.00007
20.81000,1.98000,0.99801,0.00000,0.00042,0.00150,0.00007
21.01000,1.98000,0.99740,0.00000,0.00053,0.00196,0.00010
21.21000,1.98000,0.99773,0.00000,0.00038,0.00181,0.00008
21.41000,1.98000,0.99690,0.00000,0.00042,0.00259,0.00007
21.61000,1.98000,0.99646,0.00000,0.00049,0.00297,0.00008
21.81000,1.98000,0.99603,0.00001,0.00052,0.00336,0.00008
22.01000,1.98000,0.99641,0.00001,0.00058,0.00290,0.00010
22.21000,1.98000,0.99700,0.00001,0.00060,0.00229,0.00010
22.41000,1.98000,0.99628,0.00001,0.00047,0.00313,0.00010
22.61000,1.98000,0.99319,0.00002,0.00059,0.00601,0.00019
22.81000,1.98000,0.99466,0.00003,0.00065,0.00442,0.00024
23.01000,1.98000,0.99059,0.00008,0.00076,0.00798,0.00059
23.21000,1.98000,0.98864,0.00008,0.00129,0.00894,0.00105
23.41000,1.98000,0.98771,0.00016,0.00131,0.00956,0.00127
23.61000,1.98000,0.98815,0.00016,0.00139,0.00864,0.00166
23.81000,1.98000,0.98779,0.00020,0.00138,0.00855,0.00207
24.01000,1.98000,0.98759,0.00021,0.00143,0.00867,0.00210
24.21000,1.98000,0.99110,0.00020,0.00115,0.00581,0.00174
24.41000,1.98000,0.99367,0.00014,0.00101,0.00411,0.00106
24.61000,1.98000,0.99611,0.00012,0.00070,0.00236,0.00071
24.81000,1.98000,0.99743,0.00006,0.00050,0.00172,0.00029
25.01000,1.98000,0.99754,0.00007,0.00049,0.00166,0.00024
25.21000,1.98000,0.99829,0.00008,0.00030,0.00119,0.00014
25.41000,1.98000,0.99923,0.00005,0.00017,0.00050,0.00005
25.61000,1.98000,0.99938,0.00006,0.00008,0.00041,0.00006
25.81000,1.98000,0.99498,0.00023,0.00013,0.00413,0.00053
26.01000,1.98000,0.94525,0.00145,0.00025,0.05057,0.00248
26.21000,1.98000,0.90729,0.00177,0.00045,0.08652,0.00398
26.41000,1.98000,0.89476,0.00166,0.00038,0.09960,0.00360
26.61000,1.98000,0.88987,0.00166,0.00053,0.10363,0.00430
26.81000,1.98000,0.88931,0.00169,0.00042,0.10494,0.00364
27.01000,1.98000,0.88691,0.00159,0.00056,0.10686,0.00407
27.21000,1.98000,0.89135,0.00158,0.00045,0.10315,0.00348
27.41000,1.98000,0.97860,0.00036,0.00035,0.01965,0.00104
27.61000,1.98000,0.99815,0.00007,0.00018,0.00151,0.00009
27.81000,1.98000,0.99777,0.00007,0.00040,0.00167,0.00009
28.01000,1.98000,0.99826,0.00006,0.00034,0.00126,0.00008
28.21000,1.98000,0.99840,0.00006,0.00029,0.00116,0.00009
28.41000,1.98000,0.99853,0.00006,0.00026,0.00105,0.00009
28.61000,1.98000,0.99838,0.00007,0.00029,0.00116,0.00010
28.81000,1.98000,0.99856,0.00006,0.00026,0.00103,0.00010
29.01000,1.98000,0.99839,0.00005,0.00036,0.00107,0.00013
29.21000,1.98000,0.99775,0.00004,0.00052,0.00152,0.00016
29.41000,1.98000,0.99790,0.00003,0.00047,0.00145,0.00015
29.61000,1.98000,0.99760,0.00002,0.00058,0.00162,0.00018
29.81000,1.98000,0.99760,0.00002,0.00059,0.00163,0.00017
30.01000,1.98000,0.99735,0.00001,0.00070,0.00174,0.00019
30.21000,1.98000,0.99765,0.00001,0.00062,0.00156,0.00016
30.41000,1.98000,0.99738,0.00001,0.00072,0.00172,0.00018
30.61000,1.98000,0.99748,0.00001,0.00071,0.00164,0.00017
30.81000,1.98000,0.99720,0.00001,0.00084,0.00176,0.00019
31.01000,1.98000,0.99809,0.00001,0.00047,0.00132,0.00011
31.21000,1.98000,0.99831,0.00001,0.00038,0.00120,0.00010
31.41000,1.98000,0.99830,0.00001,0.00039,0.00120,0.00010
31.61000,1.98000,0.99846,0.00001,0.00034,0.00110,0.00009
31.81000,1.98000,0.99851,0.00001,0.00032,0.00107,0.00009
32.01000,1.98000,0.99855,0.00001,0.00032,0.00103,0.00010
32.21000,1.98000,0.99856,0.00001,0.00031,0.00103,0.00010
32.41000,1.98000,0.99860,0.00001,0.00030,0.00099,0.00010
32.61000,1.98000,0.99855,0.00001,0.00031,0.00102,0.00011
32.81000,1.98000,0.99861,0.00001,0.00029,0.00099,0.00010
33.01000,1.98000,0.99861,0.00001,0.00029,0.00099,0.00011
33.21000,1.98000,0.99863,0.00001,0.00028,0.00097,0.00011
33.41000,1.98000,0.99858,0.00001,0.00029,0.00101,0.00011
33.61000,1.98000,0.99855,0.00002,0.00028,0.00104,0.00011
33.81000,1.98000,0.99854,0.00002,0.00028,0.00105,0.00011
34.01000,1.98000,0.99863,0.00003,0.00025,0.00099,0.00011
34.21000,1.98000,0.99858,0.00004,0.00026,0.00102,0.00011
34.41000,1.98000,0.99860,0.00005,0.00025,0.00100,0.00010
34.61000,1.98000,0.99868,0.00005,0.00022,0.00096,0.00009
34.81000,1.98000,0.99873,0.00005,0.00021,0.00093,0.00008
35.01000,1.98000,0.99871,0.00005,0.00021,0.00096,0.00007
35.21000,1.98000,0.99862,0.00005,0.00024,0.00102,0.00007
35.41000,1.98000,0.99857,0.00006,0.00024,0.00106,0.00008
35.61000,1.98000,0.99854,0.00006,0.00024,0.00109,0.00008
35.81000,1.98000,0.99845,0.00006,0.00026,0.00114,0.00008
36.01000,1.98000,0.99851,0.00005,0.00027,0.00110,0.00008
36.21000,1.98000,0.99836,0.00006,0.00029,0.00120,0.00010
36.41000,1.98000,0.99812,0.00007,0.00031,0.00136,0.00014
36.61000,1.98000,0.99796,0.00008,0.00034,0.00145,0.00018
36.81000,1.98000,0.99792,0.00009,0.00033,0.00145,0.00022
37.01000,1.98000,0.99781,0.00010,0.00036,0.00146,0.00028
37.21000,1.98000,0.99791,0.00009,0.00035,0.00138,0.00027
37.41000,1.98000,0.99804,0.00008,0.00032,0.00129,0.00027
37.61000,1.98000,0.99951,0.00006,0.00014,0.00021,0.00008
37.81000,1.98000,0.99868,0.00012,0.00011,0.00081,0.00028
38.01000,1.98000,0.98738,0.00107,0.00013,0.00969,0.00173
38.21000,1.98000,0.96816,0.00167,0.00006,0.02833,0.00178
38.41000,1.98000,0.90610,0.00280,0.00011,0.08651,0.00448
38.61000,1.98000,0.90453,0.00271,0.00010,0.08909,0.00358
38.81000,1.98000,0.91339,0.00254,0.00010,0.08019,0.00378
39.01000,1.98000,0.91052,0.00252,0.00009,0.08379,0.00309
39.21000,1.98000,0.91851,0.00247,0.00009,0.07570,0.00323
39.41000,1.98000,0.92942,0.00211,0.00007,0.06579,0.00261
39.61000,1.98000,0.99146,0.00028,0.00004,0.00779,0.00043
39.81000,1.98000,0.99805,0.00014,0.00004,0.00166,0.00011
40.01000,1.98000,0.99854,0.00009,0.00009,0.00117,0.00011
40.21000,1.98000,0.99862,0.00006,0.00021,0.00097,0.00014
40.41000,1.98000,0.99872,0.00006,0.00020,0.00089,0.00013
40.61000,1.98000,0.99871,0.00006,0.00021,0.00090,0.00013
40.81000,1.98000,0.99871,0.00006,0.00020,0.00090,0.00012
41.01000,1.98000,0.99893,0.00005,0.00017,0.00076,0.00009
41.21000,1.98000,0.99882,0.00005,0.00018,0.00085,0.00011
41.41000,1.98000,0.99835,0.00003,0.00028,0.00116,0.00018
41.61000,1.98000,0.99843,0.00002,0.00028,0.00110,0.00017
41.81000,1.98000,0.99827,0.00001,0.00033,0.00118,0.00020
42.01000,1.98000,0.99806,0.00001,0.00042,0.00128,0.00023
42.21000,1.98000,0.99789,0.00001,0.00049,0.00136,0.00026
42.41000,1.98000,0.99779,0.00001,0.00052,0.00144,0.00025
42.61000,1.98000,0.99789,0.00001,0.00050,0.00137,0.00024
42.81000,1.98000,0.99778,0.00001,0.00053,0.00145,0.00024
43.01000,1.98000,0.99834,0.00000,0.00040,0.00108,0.00017
43.21000,1.98000,0.99837,0.00001,0.00042,0.00105,0.00015
43.41000,1.98000,0.99843,0.00001,0.00040,0.00101,0.00016
43.61000,1.98000,0.99832,0.00001,0.00045,0.00105,0.00017
43.81000,1.98000,0.99853,0.00001,0.00036,0.00097,0.00013
44.01000,1.98000,0.99861,0.00001,0.00032,0.00093,0.00013
44.21000,1.98000,0.99862,0.00001,0.00030,0.00094,0.00013
44.41000,1.98000,0.99862,0.00001,0.00032,0.00093,0.00013
44.61000,1.98000,0.99856,0.00001,0.00033,0.00096,0.00014
44.81000,1.98000,0.99848,0.00001,0.00034,0.00102,0.00015
45.01000,1.98000,0.99846,0.00001,0.00034,0.00103,0.00016
45.21000,1.98000,0.99850,0.00001,0.00033,0.00102,0.00014
45.41000,1.98000,0.99855,0.00002,0.00030,0.00100,0.00013
45.61000,1.98000,0.99870,0.00003,0.00024,0.00092,0.00011
45.81000,1.98000,0.99863,0.00003,0.00025,0.00098,0.00011
46.01000,1.98000,0.99830,0.00003,0.00035,0.00118,0.00014
46.21000,1.98000,0.99845,0.00003,0.00031,0.00108,0.00013
46.41000,1.98000,0.99833,0.00004,0.00034,0.00116,0.00013
46.61000,1.98000,0.99958,0.00003,0.00010,0.00025,0.00004
46.81000,1.98000,0.99875,0.00010,0.00008,0.00096,0.00011
47.01000,1.98000,0.99465,0.00032,0.00005,0.00465,0.00033
47.21000,1.98000,0.97981,0.00100,0.00003,0.01832,0.00083
47.41000,1.98000,0.88238,0.00259,0.00005,0.11273,0.00225
47.61000,1.98000,0.87105,0.00325,0.00006,0.12287,0.00278
47.81000,1.98000,0.87310,0.00407,0.00005,0.12044,0.00234
48.01000,1.98000,0.87999,0.00422,0.00005,0.11302,0.00271
48.21000,1.98000,0.87752,0.00452,0.00004,0.11548,0.00244
48.41000,1.98000,0.93664,0.00334,0.00004,0.05837,0.00161
48.61000,1.98000,0.98755,0.00074,0.00003,0.01129,0.00039
48.81000,1.98000,0.99716,0.00023,0.00004,0.00243,0.00014
49.01000,1.98000,0.99782,0.00016,0.00009,0.00183,0.00010
49.21000,1.98000,0.99837,0.00008,0.00020,0.00123,0.00012
49.41000,1.98000,0.99867,0.00007,0.00020,0.00093,0.00013
49.61000,1.98000,0.99880,0.00006,0.00017,0.00086,0.00011
49.81000,1.98000,0.99883,0.00006,0.00018,0.00083,0.00010
50.01000,1.98000,0.99880,0.00005,0.00019,0.00086,0.00010
50.21000,1.98000,0.99878,0.00004,0.00020,0.00086,0.00012
50.41000,1.98000,0.99869,0.00004,0.00022,0.00092,0.00012
50.61000,1.98000,0.99870,0.00002,0.00023,0.00093,0.00011
50.81000,1.98000,0.99851,0.00002,0.00028,0.00105,0.00013
51.01000,1.98000,0.99858,0.00002,0.00028,0.00100,0.00013
51.21000,1.98000,0.99849,0.00002,0.00030,0.00106,0.00013
51.41000,1.98000,0.99845,0.00001,0.00033,0.00106,0.00014
51.61000,1.98000,0.99831,0.00001,0.00037,0.00115,0.00016
51.81000,1.98000,0.99826,0.00001,0.00040,0.00116,0.00016
52.01000,1.98000,0.99840,0.00001,0.00038,0.00105,0.00016
52.21000,1.98000,0.99839,0.00001,0.00037,0.00109,0.00015
52.41000,1.98000,0.99836,0.00001,0.00038,0.00110,0.00015
52.61000,1.98000,0.99843,0.00001,0.00035,0.00108,0.00013
52.81000,1.98000,0.99856,0.00001,0.00033,0.00097,0.00013
53.01000,1.98000,0.99846,0.00001,0.00035,0.00104,0.00014
53.21000,1.98000,0.99854,0.00001,0.00033,0.00099,0.00013
53.41000,1.98000,0.99845,0.00001,0.00034,0.00106,0.00014
53.61000,1.98000,0.99855,0.00001,0.00031,0.00099,0.00014
53.81000,1.98000,0.99857,0.00002,0.00029,0.00098,0.00014
54.01000,1.98000,0.99863,0.00002,0.00027,0.00094,0.00014
54.21000,1.98000,0.99860,0.00003,0.00026,0.00097,0.00014
54.41000,1.98000,0.99882,0.00003,0.00021,0.00084,0.00010
54.61000,1.98000,0.99853,0.00003,0.00024,0.00109,0.00011
54.81000,1.98000,0.99846,0.00005,0.00024,0.00114,0.00011
55.01000,1.98000,0.99841,0.00006,0.00024,0.00118,0.00011
55.21000,1.98000,0.99842,0.00007,0.00023,0.00118,0.00011
55.41000,1.98000,0.99850,0.00007,0.00022,0.00109,0.00012
55.61000,1.98000,0.99853,0.00008,0.00021,0.00108,0.00010
55.81000,1.98000,0.99788,0.00011,0.00028,0.00158,0.00014
56.01000,1.98000,0.99764,0.00014,0.00029,0.00172,0.00021
56.21000,1.98000,0.99762,0.00013,0.00029,0.00176,0.00020
56.41000,1.98000,0.99761,0.00015,0.00031,0.00166,0.00026
56.61000,1.98000,0.99739,0.00019,0.00035,0.00176,0.00032
56.81000,1.98000,0.99729,0.00019,0.00037,0.00178,0.00036
57.01000,1.98000,0.99733,0.00018,0.00036,0.00182,0.00030
57.21000,1.98000,0.99766,0.00013,0.00036,0.00156,0.00028
57.41000,1.98000,0.99916,0.00010,0.00023,0.00043,0.00008
57.61000,1.98000,0.99904,0.00017,0.00010,0.00055,0.00013
57.81000,1.98000,0.99605,0.00051,0.00008,0.00298,0.00039
58.01000,1.98000,0.96777,0.00191,0.00008,0.02924,0.00100
58.21000,1.98000,0.95606,0.00251,0.00012,0.03974,0.00157
58.41000,1.98000,0.94930,0.00251,0.00011,0.04653,0.00155
58.61000,1.98000,0.95454,0.00250,0.00012,0.04138,0.00147
58.81000,1.98000,0.95141,0.00243,0.00010,0.04453,0.00154
59.01000,1.98000,0.95716,0.00237,0.00011,0.03876,0.00161
59.21000,1.98000,0.95968,0.00236,0.00008,0.03645,0.00142
59.41000,1.98000,0.99162,0.00054,0.00006,0.00738,0.00039
59.61000,1.98000,0.99846,0.00014,0.00007,0.00123,0.00010
59.81000,1.98000,0.99843,0.00011,0.00015,0.00119,0.00011
60.01000,1.98000,0.99805,0.00007,0.00038,0.00131,0.00018
60.21000,1.98000,0.99837,0.00006,0.00030,0.00111,0.00017
60.41000,1.98000,0.99842,0.00005,0.00028,0.00106,0.00018
60.61000,1.98000,0.99839,0.00005,0.00029,0.00109,0.00018
60.81000,1.98000,0.99862,0.00003,0.00026,0.00092,0.00015
61.01000,1.98000,0.99840,0.00003,0.00031,0.00106,0.00019
61.21000,1.98000,0.99846,0.00002,0.00030,0.00103,0.00018
61.41000,1.98000,0.99835,0.00003,0.00033,0.00110,0.00019
61.61000,1.98000,0.99841,0.00002,0.00032,0.00107,0.00018
61.81000,1.98000,0.99831,0.00003,0.00036,0.00112,0.00019
62.01000,1.98000,0.99847,0.00003,0.00029,0.00104,0.00017
62.21000,1.98000,0.99853,0.00003,0.00029,0.00099,0.00016
62.41000,1.98000,0.99858,0.00002,0.00028,0.00098,0.00014
62.61000,1.98000,0.99862,0.00002,0.00027,0.00095,0.00013
62.81000,1.98000,0.99853,0.00003,0.00030,0.00101,0.00013
63.01000,1.98000,0.99860,0.00003,0.00027,0.00098,0.00012
63.21000,1.98000,0.99860,0.00003,0.00027,0.00098,0.00012
63.41000,1.98000,0.99866,0.00002,0.00026,0.00095,0.00011
63.61000,1.98000,0.99863,0.00002,0.00027,0.00097,0.00012
63.81000,1.98000,0.99874,0.00002,0.00024,0.00089,0.00011
64.01000,1.98000,0.99871,0.00002,0.00025,0.00091,0.00011
64.21000,1.98000,0.99869,0.00002,0.00025,0.00092,0.00012
64.41000,1.98000,0.99869,0.00003,0.00025,0.00091,0.00012
64.61000,1.98000,0.99880,0.00003,0.00022,0.00084,0.00011
64.81000,1.98000,0.99874,0.00003,0.00024,0.00088,0.00012
65.01000,1.98000,0.99880,0.00003,0.00021,0.00086,0.00011
65.21000,1.98000,0.99870,0.00003,0.00023,0.00092,0.00011
65.41000,1.98000,0.99876,0.00004,0.00021,0.00087,0.00012
65.61000,1.98000,0.99869,0.00004,0.00022,0.00092,0.00013
65.81000,1.98000,0.99875,0.00004,0.00021,0.00088,0.00012
66.01000,1.98000,0.99862,0.00005,0.00023,0.00096,0.00013
66.21000,1.98000,0.99868,0.00005,0.00021,0.00093,0.00013
66.41000,1.98000,0.99860,0.00005,0.00024,0.00097,0.00013
66.61000,1.98000,0.99861,0.00005,0.00024,0.00095,0.00015
66.81000,1.98000,0.99841,0.00008,0.00027,0.00106,0.00018
67.01000,1.98000,0.99843,0.00009,0.00024,0.00105,0.00020
67.21000,1.98000,0.99844,0.00010,0.00023,0.00099,0.00024
67.41000,1.98000,0.99837,0.00009,0.00024,0.00105,0.00024
67.61000,1.98000,0.99831,0.00010,0.00025,0.00109,0.00025
67.81000,1.98000,0.99830,0.00010,0.00025,0.00109,0.00026
68.01000,1.98000,0.99826,0.00010,0.00026,0.00110,0.00027
68.21000,1.98000,0.99817,0.00011,0.00028,0.00114,0.00031
68.41000,1.98000,0.99833,0.00010,0.00025,0.00107,0.00025
68.61000,1.98000,0.99832,0.00010,0.00025,0.00109,0.00024
68.81000,1.98000,0.99851,0.00009,0.00022,0.00099,0.00020
69.01000,1.98000,0.99855,0.00008,0.00022,0.00099,0.00016
69.21000,1.98000,0.99857,0.00008,0.00022,0.00097,0.00015
69.41000,1.98000,0.99868,0.00007,0.00020,0.00092,0.00013
69.61000,1.98000,0.99861,0.00008,0.00021,0.00096,0.00014
69.81000,1.98000,0.99863,0.00008,0.00020,0.00095,0.00014
70.01000,1.98000,0.99869,0.00007,0.00019,0.00092,0.00012
70.21000,1.98000,0.99865,0.00008,0.00020,0.00095,0.00013
70.41000,1.98000,0.99863,0.00007,0.00021,0.00096,0.00012
70.61000,1.98000,0.99856,0.00008,0.00022,0.00100,0.00013
70.81000,1.98000,0.99860,0.00008,0.00021,0.00099,0.00012
71.01000,1.98000,0.99881,0.00006,0.00019,0.00085,0.00009
71.21000,1.98000,0.99936,0.00003,0.00018,0.00037,0.00005
71.41000,1.98000,0.99945,0.00005,0.00009,0.00034,0.00006
71.61000,1.98000,0.99721,0.00017,0.00009,0.00225,0.00028
71.81000,1.98000,0.98899,0.00056,0.00007,0.00965,0.00073
72.01000,1.98000,0.86344,0.00260,0.00016,0.12837,0.00542
72.21000,1.98000,0.85669,0.00288,0.00019,0.13463,0.00560
72.41000,1.98000,0.84569,0.00333,0.00019,0.14362,0.00717
72.61000,1.98000,0.85467,0.00324,0.00020,0.13470,0.00720
72.81000,1.98000,0.83491,0.00361,0.00020,0.15275,0.00853
73.01000,1.98000,0.87237,0.00374,0.00018,0.11617,0.00754
73.21000,1.98000,0.97203,0.00097,0.00011,0.02505,0.00184
73.41000,1.98000,0.99461,0.00024,0.00010,0.00464,0.00041
73.61000,1.98000,0.99750,0.00020,0.00014,0.00195,0.00022
73.81000,1.98000,0.99827,0.00010,0.00024,0.00124,0.00016
74.01000,1.98000,0.99842,0.00008,0.00025,0.00109,0.00017
74.21000,1.98000,0.99849,0.00007,0.00024,0.00104,0.00017
74.41000,1.98000,0.99857,0.00006,0.00023,0.00100,0.00014
74.61000,1.98000,0.99866,0.00005,0.00022,0.00096,0.00012
74.81000,1.98000,0.99867,0.00004,0.00022,0.00095,0.00011
75.01000,1.98000,0.99854,0.00003,0.00026,0.00104,0.00013
75.21000,1.98000,0.99858,0.00003,0.00025,0.00101,0.00013
75.41000,1.98000,0.99879,0.00003,0.00022,0.00086,0.00011
75.61000,1.98000,0.99875,0.00002,0.00023,0.00089,0.00010
75.81000,1.98000,0.99866,0.00002,0.00025,0.00096,0.00011
76.01000,1.98000,0.99859,0.00002,0.00027,0.00100,0.00011
76.21000,1.98000,0.99859,0.00002,0.00028,0.00100,0.00011
76.41000,1.98000,0.99860,0.00002,0.00028,0.00099,0.00011
76.61000,1.98000,0.99857,0.00002,0.00028,0.00101,0.00011
76.81000,1.98000,0.99859,0.00003,0.00027,0.00100,0.00011
77.01000,1.98000,0.99863,0.00003,0.00026,0.00097,0.00011
77.21000,1.98000,0.99859,0.00002,0.00027,0.00100,0.00011
77.41000,1.98000,0.99857,0.00002,0.00028,0.00101,0.00011
77.61000,1.98000,0.99861,0.00002,0.00027,0.00100,0.00011
77.81000,1.98000,0.99849,0.00002,0.00030,0.00107,0.00012
78.01000,1.98000,0.99855,0.00003,0.00028,0.00103,0.00012
78.21000,1.98000,0.99849,0.00003,0.00029,0.00106,0.00013
78.41000,1.98000,0.99862,0.00003,0.00026,0.00098,0.00012
78.61000,1.98000,0.99856,0.00003,0.00027,0.00102,0.00012
78.81000,1.98000,0.99866,0.00003,0.00025,0.00096,0.00011
79.01000,1.98000,0.99872,0.00003,0.00024,0.00090,0.00012
79.21000,1.98000,0.99855,0.00004,0.00027,0.00102,0.00013
79.41000,1.98000,0.99860,0.00005,0.00025,0.00098,0.00013
79.61000,1.98000,0.99863,0.00006,0.00023,0.00096,0.00013
79.81000,1.98000,0.99876,0.00005,0.00020,0.00087,0.00012
80.01000,1.98000,0.99907,0.00003,0.00021,0.00060,0.00010
80.21000,1.98000,0.99959,0.00003,0.00008,0.00025,0.00005
80.41000,1.98000,0.99834,0.00013,0.00007,0.00128,0.00018
80.61000,1.98000,0.99599,0.00030,0.00004,0.00325,0.00041
80.81000,1.98000,0.93250,0.00147,0.00009,0.06347,0.00247
81.01000,1.98000,0.90103,0.00234,0.00013,0.09328,0.00322
81.21000,1.98000,0.86990,0.00271,0.00013,0.12239,0.00486
81.41000,1.98000,0.88496,0.00282,0.00015,0.10809,0.00399
81.61000,1.98000,0.86263,0.00291,0.00014,0.12900,0.00532
81.81000,1.98000,0.88357,0.00301,0.00015,0.10884,0.00443
82.01000,1.98000,0.93315,0.00280,0.00010,0.06087,0.00309
82.21000,1.98000,0.98946,0.00050,0.00010,0.00938,0.00056
82.41000,1.98000,0.99777,0.00017,0.00010,0.00179,0.00017
82.61000,1.98000,0.99891,0.00007,0.00017,0.00077,0.00008
82.81000,1.98000,0.99867,0.00007,0.00019,0.00092,0.00015
83.01000,1.98000,0.99878,0.00007,0.00017,0.00084,0.00014
83.21000,1.98000,0.99896,0.00006,0.00017,0.00068,0.00013
83.41000,1.98000,0.99871,0.00004,0.00021,0.00088,0.00016
83.61000,1.98000,0.99866,0.00005,0.00022,0.00091,0.00017
83.81000,1.98000,0.99866,0.00004,0.00022,0.00091,0.00016
84.01000,1.98000,0.99866,0.00004,0.00023,0.00091,0.00016
84.21000,1.98000,0.99868,0.00003,0.00022,0.00090,0.00016
84.41000,1.98000,0.99860,0.00003,0.00025,0.00094,0.00018
84.61000,1.98000,0.99860,0.00002,0.00027,0.00095,0.00016
84.81000,1.98000,0.99865,0.00002,0.00025,0.00091,0.00016
85.01000,1.98000,0.99861,0.00002,0.00027,0.00093,0.00017
85.21000,1.98000,0.99862,0.00002,0.00028,0.00093,0.00016
85.41000,1.98000,0.99872,0.00001,0.00025,0.00089,0.00014
85.61000,1.98000,0.99872,0.00001,0.00025,0.00088,0.00013
85.81000,1.98000,0.99864,0.00001,0.00027,0.00094,0.00013
86.01000,1.98000,0.99865,0.00001,0.00027,0.00094,0.00013
86.21000,1.98000,0.99866,0.00001,0.00028,0.00093,0.00013
86.41000,1.98000,0.99862,0.00001,0.00029,0.00095,0.00013
86.61000,1.98000,0.99858,0.00001,0.00030,0.00097,0.00013
86.81000,1.98000,0.99855,0.00001,0.00031,0.00100,0.00013
87.01000,1.98000,0.99864,0.00001,0.00026,0.00098,0.00011
87.21000,1.98000,0.99838,0.00002,0.00030,0.00119,0.00010
87.41000,1.98000,0.99852,0.00002,0.00027,0.00108,0.00011
87.61000,1.98000,0.99835,0.00002,0.00030,0.00122,0.00010
87.81000,1.98000,0.99854,0.00002,0.00026,0.00109,0.00009
88.01000,1.98000,0.99836,0.00003,0.00031,0.00121,0.00010
88.21000,1.98000,0.99840,0.00003,0.00029,0.00118,0.00009
88.41000,1.98000,0.99838,0.00004,0.00029,0.00121,0.00009
88.61000,1.98000,0.99841,0.00004,0.00028,0.00119,0.00008
88.81000,1.98000,0.99852,0.00004,0.00025,0.00112,0.00007
89.01000,1.98000,0.99857,0.00005,0.00024,0.00106,0.00008
89.21000,1.98000,0.99862,0.00005,0.00024,0.00100,0.00009
89.41000,1.98000,0.99862,0.00006,0.00023,0.00100,0.00009
89.61000,1.98000,0.99865,0.00006,0.00021,0.00097,0.00010
89.81000,1.98000,0.99860,0.00007,0.00023,0.00100,0.00011
90.01000,1.98000,0.99865,0.00006,0.00022,0.00096,0.00010
90.21000,1.98000,0.99856,0.00005,0.00027,0.00101,0.00012
90.41000,1.98000,0.99960,0.00003,0.00012,0.00021,0.00004
90.61000,1.98000,0.99925,0.00008,0.00007,0.00051,0.00009
90.81000,1.98000,0.99468,0.00022,0.00008,0.00454,0.00048
91.01000,1.98000,0.93837,0.00100,0.00017,0.05857,0.00189
91.21000,1.98000,0.88435,0.00144,0.00028,0.11121,0.00271
91.41000,1.98000,0.90382,0.00124,0.00025,0.09186,0.00283
91.61000,1.98000,0.89009,0.00137,0.00026,0.10566,0.00261
91.81000,1.98000,0.90924,0.00116,0.00022,0.08684,0.00254
92.01000,1.98000,0.89264,0.00154,0.00026,0.10324,0.00233
92.21000,1.98000,0.94184,0.00118,0.00017,0.05522,0.00159
92.41000,1.98000,0.99091,0.00018,0.00011,0.00854,0.00026
92.61000,1.98000,0.99805,0.00006,0.00011,0.00171,0.00007
92.81000,1.98000,0.99836,0.00005,0.00020,0.00134,0.00006
93.01000,1.98000,0.99881,0.00005,0.00019,0.00088,0.00007
93.21000,1.98000,0.99883,0.00005,0.00019,0.00086,0.00008
93.41000,1.98000,0.99875,0.00005,0.00020,0.00092,0.00008
93.61000,1.98000,0.99876,0.00005,0.00020,0.00092,0.00008
93.81000,1.98000,0.99874,0.00005,0.00021,0.00093,0.00008
94.01000,1.98000,0.99875,0.00004,0.00022,0.00091,0.00009
94.21000,1.98000,0.99867,0.00003,0.00024,0.00097,0.00009
94.41000,1.98000,0.99853,0.00002,0.00029,0.00105,0.00011
94.61000,1.98000,0.99850,0.00002,0.00031,0.00106,0.00012
94.81000,1.98000,0.99847,0.00001,0.00033,0.00106,0.00012
95.01000,1.98000,0.99838,0.00001,0.00039,0.00109,0.00013
95.21000,1.98000,0.99834,0.00001,0.00044,0.00108,0.00013
95.41000,1.98000,0.99820,0.00000,0.00049,0.00116,0.00015
95.61000,1.98000,0.99814,0.00000,0.00054,0.00115,0.00016
95.81000,1.98000,0.99803,0.00000,0.00060,0.00120,0.00017
96.01000,1.98000,0.99785,0.00000,0.00067,0.00129,0.00018
96.21000,1.98000,0.99786,0.00000,0.00065,0.00131,0.00017
96.41000,1.98000,0.99793,0.00000,0.00062,0.00129,0.00015
96.61000,1.98000,0.99795,0.00000,0.00061,0.00129,0.00015
96.81000,1.98000,0.99803,0.00000,0.00056,0.00127,0.00014
97.01000,1.98000,0.99802,0.00001,0.00050,0.00134,0.00013
97.21000,1.98000,0.99812,0.00001,0.00043,0.00131,0.00013
97.41000,1.98000,0.99808,0.00002,0.00043,0.00134,0.00013
97.61000,1.98000,0.99816,0.00002,0.00039,0.00131,0.00012
97.81000,1.98000,0.99844,0.00003,0.00029,0.00116,0.00009
98.01000,1.98000,0.99826,0.00004,0.00032,0.00129,0.00010
98.21000,1.98000,0.99850,0.00004,0.00025,0.00111,0.00008
98.41000,1.98000,0.99851,0.00005,0.00026,0.00110,0.00008
98.61000,1.98000,0.99857,0.00004,0.00026,0.00105,0.00009
98.81000,1.98000,0.99846,0.00005,0.00028,0.00113,0.00009
99.01000,1.98000,0.99857,0.00004,0.00027,0.00104,0.00009
99.21000,1.98000,0.99946,0.00003,0.00012,0.00036,0.00003
99.41000,1.98000,0.99912,0.00005,0.00008,0.00068,0.00007
99.61000,1.98000,0.99682,0.00011,0.00011,0.00264,0.00032
99.81000,1.98000,0.91150,0.00119,0.00025,0.08287,0.00418
100.01000,1.98000,0.82834,0.00126,0.00040,0.16132,0.00868
100.21000,1.98000,0.82252,0.00116,0.00045,0.16554,0.01034
100.41000,1.98000,0.82944,0.00127,0.00041,0.15979,0.00909
100.61000,1.98000,0.81314,0.00174,0.00046,0.17518,0.00947
100.81000,1.98000,0.82088,0.00167,0.00040,0.16828,0.00877
101.01000,1.98000,0.81592,0.00183,0.00047,0.17205,0.00973
101.21000,1.98000,0.97155,0.00035,0.00030,0.02606,0.00174
101.41000,1.98000,0.99453,0.00009,0.00036,0.00464,0.00038
101.61000,1.98000,0.99844,0.00004,0.00027,0.00115,0.00009
101.81000,1.98000,0.99792,0.00005,0.00044,0.00147,0.00013
102.01000,1.98000,0.99833,0.00006,0.00030,0.00122,0.00009
102.21000,1.98000,0.99835,0.00006,0.00029,0.00123,0.00008
102.41000,1.98000,0.99844,0.00005,0.00027,0.00117,0.00007
102.61000,1.98000,0.99844,0.00004,0.00030,0.00115,0.00007
102.81000,1.98000,0.99872,0.00004,0.00023,0.00097,0.00005
103.01000,1.98000,0.99845,0.00003,0.00028,0.00118,0.00006
103.21000,1.98000,0.99855,0.00002,0.00027,0.00110,0.00006
103.41000,1.98000,0.99827,0.00002,0.00035,0.00130,0.00007
103.61000,1.98000,0.99847,0.00001,0.00031,0.00115,0.00006
103.81000,1.98000,0.99831,0.00001,0.00035,0.00126,0.00007
104.01000,1.98000,0.99848,0.00001,0.00031,0.00114,0.00006
104.21000,1.98000,0.99827,0.00001,0.00036,0.00128,0.00007
104.41000,1.98000,0.99821,0.00001,0.00039,0.00131,0.00008
104.61000,1.98000,0.99833,0.00000,0.00038,0.00120,0.00009
104.81000,1.98000,0.99804,0.00000,0.00052,0.00134,0.00011
105.01000,1.98000,0.99805,0.00000,0.00053,0.00129,0.00012
105.21000,1.98000,0.99787,0.00000,0.00060,0.00140,0.00013
105.41000,1.98000,0.99806,0.00000,0.00053,0.00127,0.00014
105.61000,1.98000,0.99787,0.00001,0.00059,0.00140,0.00014
105.81000,1.98000,0.99803,0.00001,0.00052,0.00129,0.00016
106.01000,1.98000,0.99789,0.00001,0.00056,0.00139,0.00015
106.21000,1.98000,0.99809,0.00001,0.00050,0.00125,0.00015
106.41000,1.98000,0.99813,0.00001,0.00048,0.00121,0.00016
106.61000,1.98000,0.99830,0.00001,0.00042,0.00111,0.00016
106.81000,1.98000,0.99909,0.00001,0.00029,0.00053,0.00008
107.01000,1.98000,0.99785,0.00002,0.00061,0.00129,0.00023
107.21000,1.98000,0.99944,0.00002,0.00019,0.00026,0.00009
107.41000,1.98000,0.99860,0.00006,0.00012,0.00093,0.00030
107.61000,1.98000,0.98790,0.00015,0.00016,0.00957,0.00222
107.81000,1.98000,0.86669,0.00102,0.00034,0.12022,0.01173
108.01000,1.98000,0.77261,0.00116,0.00048,0.21013,0.01563
108.21000,1.98000,0.76283,0.00143,0.00055,0.21465,0.02053
108.41000,1.98000,0.73382,0.00120,0.00060,0.24847,0.01592
108.61000,1.98000,0.76794,0.00164,0.00054,0.20662,0.02325
108.81000,1.98000,0.77410,0.00291,0.00034,0.21128,0.01138
109.01000,1.98000,0.90158,0.00197,0.00027,0.09030,0.00589
109.21000,1.98000,0.98338,0.00031,0.00021,0.01520,0.00091
109.41000,1.98000,0.99784,0.00013,0.00018,0.00166,0.00018
109.61000,1.98000,0.99844,0.00007,0.00031,0.00108,0.00010
109.81000,1.98000,0.99854,0.00006,0.00025,0.00106,0.00010
110.01000,1.98000,0.99857,0.00003,0.00026,0.00105,0.00010
110.21000,1.98000,0.99866,0.00002,0.00028,0.00093,0.00011
110.41000,1.98000,0.99847,0.00001,0.00036,0.00102,0.00014
110.61000,1.98000,0.99839,0.00001,0.00039,0.00106,0.00015
110.81000,1.98000,0.99816,0.00000,0.00048,0.00120,0.00017
111.01000,1.98000,0.99820,0.00000,0.00052,0.00110,0.00017
111.21000,1.98000,0.99799,0.00000,0.00065,0.00118,0.00018
111.41000,1.98000,0.99765,0.00000,0.00079,0.00134,0.00022
111.61000,1.98000,0.99724,0.00000,0.00109,0.00140,0.00026
111.81000,1.98000,0.99721,0.00000,0.00108,0.00145,0.00026
112.01000,1.98000,0.99737,0.00000,0.00098,0.00139,0.00026
112.21000,1.98000,0.99779,0.00000,0.00071,0.00130,0.00020
112.41000,1.98000,0.99769,0.00000,0.00073,0.00136,0.00022
112.61000,1.98000,0.99804,0.00000,0.00058,0.00119,0.00019
112.81000,1.98000,0.99804,0.00000,0.00057,0.00119,0.00020
113.01000,1.98000,0.99815,0.00001,0.00048,0.00119,0.00017
113.21000,1.98000,0.99837,0.00001,0.00039,0.00108,0.00015
113.41000,1.98000,0.99834,0.00001,0.00037,0.00111,0.00016
113.61000,1.98000,0.99870,0.00002,0.00026,0.00090,0.00012
113.81000,1.98000,0.99882,0.00003,0.00018,0.00085,0.00013
114.01000,1.98000,0.99816,0.00005,0.00011,0.00154,0.00014
114.21000,1.98000,0.99740,0.00011,0.00005,0.00230,0.00014
114.41000,1.98000,0.99460,0.00034,0.00003,0.00479,0.00025
114.61000,1.98000,0.98665,0.00076,0.00001,0.01218,0.00040
114.81000,1.98000,0.95450,0.00226,0.00001,0.04221,0.00102
115.01000,1.98000,0.89925,0.00352,0.00001,0.09589,0.00134
115.21000,1.98000,0.72957,0.00678,0.00001,0.26029,0.00336
115.41000,1.98000,0.72099,0.00711,0.00001,0.26868,0.00322
115.61000,1.98000,0.76122,0.00655,0.00001,0.22915,0.00307
115.81000,1.98000,0.89342,0.00445,0.00001,0.10075,0.00138
116.01000,1.98000,0.96148,0.00268,0.00001,0.03462,0.00121
116.21000,1.98000,0.98385,0.00121,0.00001,0.01436,0.00056
116.41000,1.98000,0.99303,0.00056,0.00002,0.00603,0.00036
116.61000,1.98000,0.99674,0.00025,0.00004,0.00278,0.00019
116.81000,1.98000,0.99850,0.00011,0.00009,0.00117,0.00012
117.01000,1.98000,0.99872,0.00008,0.00015,0.00088,0.00017
117.21000,1.98000,0.99872,0.00008,0.00018,0.00087,0.00015
117.41000,1.98000,0.99872,0.00007,0.00018,0.00088,0.00014
117.61000,1.98000,0.99883,0.00006,0.00017,0.00082,0.00012
117.81000,1.98000,0.99885,0.00005,0.00017,0.00082,0.00011
118.01000,1.98000,0.99887,0.00004,0.00018,0.00081,0.00010
118.21000,1.98000,0.99884,0.00003,0.00020,0.00084,0.00009
118.41000,1.98000,0.99867,0.00002,0.00024,0.00098,0.00010
118.61000,1.98000,0.99868,0.00002,0.00025,0.00097,0.00009
118.81000,1.98000,0.99870,0.00001,0.00025,0.00094,0.00010
119.01000,1.98000,0.99861,0.00001,0.00028,0.00100,0.00010
119.21000,1.98000,0.99863,0.00001,0.00029,0.00097,0.00010
119.41000,1.98000,0.99839,0.00000,0.00037,0.00112,0.00012
119.61000,1.98000,0.99837,0.00000,0.00040,0.00110,0.00014
119.81000,1.98000,0.99830,0.00000,0.00042,0.00114,0.00013
120.01000,1.98000,0.99831,0.00000,0.00042,0.00113,0.00014
120.21000,1.98000,0.99849,0.00000,0.00038,0.00100,0.00013
120.41000,1.98000,0.99844,0.00000,0.00039,0.00102,0.00015
120.61000,1.98000,0.99839,0.00000,0.00042,0.00103,0.00017
120.81000,1.98000,0.99822,0.00000,0.00048,0.00112,0.00019
121.01000,1.98000,0.99818,0.00000,0.00051,0.00112,0.00018
121.21000,1.98000,0.99831,0.00000,0.00045,0.00107,0.00017
121.41000,1.98000,0.99832,0.00000,0.00044,0.00106,0.00017
121.61000,1.98000,0.99825,0.00000,0.00046,0.00112,0.00018
121.81000,1.98000,0.99832,0.00000,0.00043,0.00109,0.00015
122.01000,1.98000,0.99827,0.00001,0.00040,0.00117,0.00015
122.21000,1.98000,0.99826,0.00001,0.00040,0.00118,0.00015
122.41000,1.98000,0.99835,0.00001,0.00035,0.00114,0.00015
122.61000,1.98000,0.99828,0.00002,0.00035,0.00120,0.00015
122.81000,1.98000,0.99834,0.00003,0.00030,0.00118,0.00014
123.01000,1.98000,0.99831,0.00004,0.00031,0.00120,0.00014
123.21000,1.98000,0.99846,0.00006,0.00025,0.00110,0.00013
123.41000,1.98000,0.99841,0.00008,0.00026,0.00113,0.00014
123.61000,1.98000,0.99850,0.00008,0.00022,0.00106,0.00014
123.81000,1.98000,0.99853,0.00009,0.00022,0.00103,0.00013
124.01000,1.98000,0.99860,0.00008,0.00020,0.00098,0.00014
124.21000,1.98000,0.99863,0.00008,0.00020,0.00096,0.00013
124.41000,1.98000,0.99868,0.00007,0.00020,0.00092,0.00013
124.61000,1.98000,0.99867,0.00007,0.00019,0.00092,0.00014
124.81000,1.98000,0.99886,0.00007,0.00016,0.00079,0.00012
125.01000,1.98000,0.99880,0.00007,0.00018,0.00083,0.00013
125.21000,1.98000,0.99914,0.00004,0.00015,0.00057,0.00010
125.41000,1.98000,0.99933,0.00005,0.00009,0.00046,0.00007
125.61000,1.98000,0.99902,0.00011,0.00005,0.00070,0.00012
125.81000,1.98000,0.99658,0.00032,0.00004,0.00272,0.00035
126.01000,1.98000,0.98485,0.00090,0.00003,0.01327,0.00096
126.21000,1.98000,0.91020,0.00257,0.00003,0.08518,0.00203
126.41000,1.98000,0.90550,0.00220,0.00004,0.09003,0.00223
126.61000,1.98000,0.86956,0.00254,0.00005,0.12536,0.00250
126.81000,1.98000,0.89842,0.00204,0.00004,0.09748,0.00202
127.01000,1.98000,0.86517,0.00234,0.00005,0.13009,0.00235
127.21000,1.98000,0.92535,0.00153,0.00004,0.07178,0.00131
127.41000,1.98000,0.97820,0.00051,0.00004,0.02080,0.00044
127.61000,1.98000,0.99410,0.00009,0.00006,0.00561,0.00014
127.81000,1.98000,0.99752,0.00004,0.00009,0.00228,0.00007
128.00999,1.98001,0.99935,0.00001,0.00014,0.00046,0.00004
128.21001,1.98000,0.99786,0.00001,0.00068,0.00123,0.00022
128.41000,1.98000,0.99784,0.00000,0.00083,0.00101,0.00031
128.61000,1.98000,0.99739,0.00000,0.00113,0.00095,0.00052
128.81000,1.98000,0.99649,0.00000,0.00161,0.00110,0.00080
129.00999,1.98001,0.99615,0.00000,0.00184,0.00115,0.00085
129.21001,1.98000,0.99628,0.00000,0.00172,0.00106,0.00094
129.41000,1.98000,0.99665,0.00000,0.00148,0.00112,0.00076
129.61000,1.98000,0.99694,0.00000,0.00128,0.00106,0.00072
129.81000,1.98000,0.99782,0.00000,0.00095,0.00078,0.00045
130.00999,1.98001,0.99790,0.00000,0.00087,0.00089,0.00034
130.21001,1.98000,0.99820,0.00000,0.00064,0.00091,0.00024
130.41000,1.98000,0.99830,0.00001,0.00049,0.00104,0.00017
