Time (seconds), Duration (seconds),pred_(unlabeled),pred_On,pred_Off,pred_Dimmer,pred_Lighter
0.01000,1.98000,0.99992,0.00000,0.00000,0.00000,0.00007
0.21000,1.98000,0.99990,0.00000,0.00000,0.00000,0.00009
0.41000,1.98000,0.99996,0.00000,0.00000,0.00001,0.00003
0.61000,1.98000,0.99988,0.00000,0.00000,0.00005,0.00006
0.81000,1.98000,0.99977,0.00000,0.00000,0.00005,0.00018
1.01000,1.98000,0.99854,0.00000,0.00000,0.00011,0.00134
1.21000,1.98000,0.57706,0.00006,0.00058,0.00322,0.41909
1.41000,1.98000,0.25296,0.00003,0.00089,0.00321,0.74291
1.61000,1.98000,0.95423,0.00000,0.00002,0.00002,0.04572
1.81000,1.98000,0.99182,0.00000,0.00002,0.00000,0.00816
2.01000,1.98000,0.98888,0.00000,0.00007,0.00000,0.01106
2.21000,1.98000,0.99418,0.00000,0.00003,0.00000,0.00579
2.41000,1.98000,0.99871,0.00000,0.00002,0.00000,0.00127
2.61000,1.98000,0.99954,0.00000,0.00001,0.00000,0.00045
2.81000,1.98000,0.99964,0.00000,0.00001,0.00000,0.00035
3.01000,1.98000,0.99974,0.00000,0.00001,0.00000,0.00025
3.21000,1.98000,0.99972,0.00000,0.00001,0.00000,0.00027
3.41000,1.98000,0.99978,0.00000,0.00001,0.00000,0.00021
3.61000,1.98000,0.99946,0.00000,0.00001,0.00000,0.00053
3.81000,1.98000,0.99882,0.00000,0.00002,0.00000,0.00116
4.01000,1.98000,0.98633,0.00000,0.00012,0.00000,0.01354
4.21000,1.98000,0.97549,0.00000,0.00024,0.00000,0.02427
4.41000,1.98000,0.99356,0.00000,0.00007,0.00000,0.00638
4.61000,1.98000,0.99806,0.00000,0.00002,0.00000,0.00192
4.81000,1.98000,0.99825,0.00000,0.00001,0.00000,0.00174
5.01000,1.98000,0.99953,0.00000,0.00000,0.00000,0.00046
5.21000,1.98000,0.99953,0.00000,0.00000,0.00000,0.00047
5.41000,1.98000,0.99960,0.00000,0.00001,0.00000,0.00040
5.61000,1.98000,0.99914,0.00000,0.00002,0.00000,0.00084
5.81000,1.98000,0.99870,0.00000,0.00003,0.00000,0.00127
6.01000,1.98000,0.99919,0.00000,0.00001,0.00000,0.00079
6.21000,1.98000,0.99906,0.00000,0.00002,0.00000,0.00092
6.41000,1.98000,0.99881,0.00000,0.00002,0.00001,0.00117
6.61000,1.98000,0.99876,0.00000,0.00001,0.00000,0.00122
6.81000,1.98000,0.99790,0.00000,0.00002,0.00001,0.00206
7.01000,1.98000,0.99835,0.00000,0.00003,0.00001,0.00161
7.21000,1.98000,0.99844,0.00000,0.00004,0.00002,0.00150
7.41000,1.98000,0.99808,0.00000,0.00006,0.00005,0.00182
7.61000,1.98000,0.99853,0.00000,0.00006,0.00014,0.00128
7.81000,1.98000,0.99904,0.00000,0.00004,0.00012,0.00080
8.01000,1.98000,0.99950,0.00000,0.00002,0.00006,0.00043
8.21000,1.98000,0.99967,0.00000,0.00001,0.00003,0.00029
8.41000,1.98000,0.99983,0.00000,0.00001,0.00002,0.00014
8.61000,1.98000,0.99988,0.00000,0.00000,0.00001,0.00010
8.81000,1.98000,0.99991,0.00000,0.00000,0.00000,0.00008
9.01000,1.98000,0.99994,0.00000,0.00000,0.00000,0.00005
9.21000,1.98000,0.99990,0.00000,0.00000,0.00001,0.00008
9.41000,1.98000,0.99968,0.00000,0.00000,0.00003,0.00028
9.61000,1.98000,0.99606,0.00001,0.00001,0.00007,0.00385
9.81000,1.98000,0.44736,0.00007,0.00107,0.00107,0.55042
10.01000,1.98000,0.03737,0.00002,0.00341,0.00027,0.95894
10.21000,1.98000,0.99082,0.00000,0.00001,0.00000,0.00917
10.41000,1.98000,0.99893,0.00000,0.00002,0.00000,0.00105
10.61000,1.98000,0.99496,0.00000,0.00007,0.00000,0.00497
10.81000,1.98000,0.99663,0.00000,0.00002,0.00000,0.00335
11.01000,1.98000,0.99890,0.00000,0.00002,0.00000,0.00108
11.21000,1.98000,0.99960,0.00000,0.00002,0.00000,0.00039
11.41000,1.98000,0.99962,0.00000,0.00002,0.00000,0.00037
11.61000,1.98000,0.99961,0.00000,0.00001,0.00000,0.00037
11.81000,1.98000,0.99960,0.00000,0.00002,0.00000,0.00038
12.01000,1.98000,0.99959,0.00000,0.00002,0.00000,0.00040
12.21000,1.98000,0.99960,0.00000,0.00002,0.00000,0.00038
12.41000,1.98000,0.99968,0.00000,0.00001,0.00000,0.00031
12.61000,1.98000,0.99975,0.00000,0.00001,0.00000,0.00024
12.81000,1.98000,0.99968,0.00000,0.00001,0.00000,0.00031
13.01000,1.98000,0.99967,0.00000,0.00001,0.00000,0.00032
13.21000,1.98000,0.99976,0.00000,0.00001,0.00000,0.00023
13.41000,1.98000,0.99976,0.00000,0.00001,0.00000,0.00023
13.61000,1.98000,0.99987,0.00000,0.00000,0.00000,0.00012
13.81000,1.98000,0.99971,0.00000,0.00000,0.00000,0.00029
14.01000,1.98000,0.99392,0.00000,0.00003,0.00000,0.00604
14.21000,1.98000,0.93942,0.00000,0.00022,0.00000,0.06035
14.41000,1.98000,0.59611,0.00000,0.00096,0.00000,0.40293
14.61000,1.98000,0.63484,0.00000,0.00068,0.00000,0.36447
14.81000,1.98000,0.82294,0.00000,0.00013,0.00000,0.17693
15.01000,1.98000,0.86421,0.00000,0.00013,0.00000,0.13566
15.21000,1.98000,0.93949,0.00000,0.00007,0.00000,0.06044
15.41000,1.98000,0.95236,0.00000,0.00010,0.00001,0.04753
15.61000,1.98000,0.97626,0.00000,0.00008,0.00004,0.02362
15.81000,1.98000,0.98051,0.00000,0.00012,0.00008,0.01929
16.01000,1.98000,0.98963,0.00000,0.00012,0.00010,0.01015
16.21000,1.98000,0.99593,0.00000,0.00008,0.00015,0.00384
16.41000,1.98000,0.99814,0.00000,0.00004,0.00015,0.00166
16.61000,1.98000,0.99927,0.00000,0.00002,0.00007,0.00064
16.81000,1.98000,0.99965,0.00000,0.00001,0.00003,0.00031
17.01000,1.98000,0.99986,0.00000,0.00001,0.00001,0.00012
17.21000,1.98000,0.99991,0.00000,0.00000,0.00001,0.00008
17.41000,1.98000,0.99993,0.00000,0.00000,0.00001,0.00006
17.61000,1.98000,0.99995,0.00000,0.00000,0.00001,0.00005
17.81000,1.98000,0.99995,0.00000,0.00000,0.00001,0.00004
18.01000,1.98000,0.99994,0.00000,0.00000,0.00001,0.00005
18.21000,1.98000,0.99994,0.00000,0.00000,0.00001,0.00005
18.41000,1.98000,0.99994,0.00000,0.00000,0.00001,0.00005
18.61000,1.98000,0.99989,0.00000,0.00000,0.00000,0.00010
18.81000,1.98000,0.99995,0.00000,0.00000,0.00000,0.00004
19.01000,1.98000,0.99986,0.00000,0.00000,0.00002,0.00011
19.21000,1.98000,0.99989,0.00001,0.00000,0.00004,0.00007
19.41000,1.98000,0.99944,0.00000,0.00000,0.00002,0.00053
19.61000,1.98000,0.88252,0.00044,0.00010,0.00267,0.11426
19.81000,1.98000,0.00668,0.00002,0.00203,0.00051,0.99076
20.01000,1.98000,0.93052,0.00006,0.00005,0.00002,0.06936
20.21000,1.98000,0.99329,0.00000,0.00005,0.00000,0.00666
20.41000,1.98000,0.99399,0.00000,0.00006,0.00000,0.00595
20.61000,1.98000,0.99661,0.00000,0.00001,0.00000,0.00337
20.81000,1.98000,0.99780,0.00000,0.00003,0.00000,0.00217
21.01000,1.98000,0.99896,0.00000,0.00002,0.00000,0.00102
21.21000,1.98000,0.99952,0.00000,0.00002,0.00000,0.00045
21.41000,1.98000,0.99956,0.00000,0.00002,0.00000,0.00042
21.61000,1.98000,0.99948,0.00000,0.00002,0.00000,0.00049
21.81000,1.98000,0.99963,0.00000,0.00002,0.00000,0.00035
22.01000,1.98000,0.99955,0.00000,0.00001,0.00000,0.00043
22.21000,1.98000,0.99930,0.00000,0.00002,0.00000,0.00068
22.41000,1.98000,0.99949,0.00000,0.00001,0.00000,0.00049
22.61000,1.98000,0.99959,0.00000,0.00001,0.00000,0.00039
22.81000,1.98000,0.99961,0.00000,0.00002,0.00000,0.00037
23.01000,1.98000,0.99957,0.00000,0.00001,0.00000,0.00042
23.21000,1.98000,0.99628,0.00000,0.00003,0.00000,0.00369
23.41000,1.98000,0.96654,0.00000,0.00017,0.00000,0.03329
23.61000,1.98000,0.94168,0.00000,0.00024,0.00000,0.05807
23.81000,1.98000,0.90425,0.00000,0.00030,0.00002,0.09543
24.01000,1.98000,0.96581,0.00000,0.00004,0.00001,0.03414
24.21000,1.98000,0.93350,0.00000,0.00008,0.00005,0.06637
24.41000,1.98000,0.93752,0.00000,0.00012,0.00016,0.06219
24.61000,1.98000,0.96842,0.00000,0.00006,0.00062,0.03090
24.81000,1.98000,0.95995,0.00000,0.00010,0.00150,0.03844
25.01000,1.98000,0.98052,0.00000,0.00009,0.00037,0.01901
25.21000,1.98000,0.99462,0.00000,0.00005,0.00017,0.00516
25.41000,1.98000,0.99829,0.00000,0.00003,0.00010,0.00158
25.61000,1.98000,0.99947,0.00000,0.00001,0.00004,0.00048
25.81000,1.98000,0.99975,0.00000,0.00001,0.00002,0.00022
26.01000,1.98000,0.99991,0.00000,0.00000,0.00001,0.00008
26.21000,1.98000,0.99993,0.00000,0.00000,0.00001,0.00006
26.41000,1.98000,0.99993,0.00000,0.00000,0.00001,0.00006
26.61000,1.98000,0.99994,0.00000,0.00000,0.00001,0.00005
26.81000,1.98000,0.99993,0.00000,0.00000,0.00001,0.00006
27.01000,1.98000,0.99993,0.00000,0.00001,0.00001,0.00006
27.21000,1.98000,0.99993,0.00000,0.00000,0.00001,0.00006
27.41000,1.98000,0.99993,0.00000,0.00000,0.00001,0.00006
27.61000,1.98000,0.99993,0.00000,0.00000,0.00001,0.00006
27.81000,1.98000,0.99993,0.00000,0.00000,0.00000,0.00006
28.01000,1.98000,0.99991,0.00000,0.00000,0.00000,0.00008
28.21000,1.98000,0.99996,0.00000,0.00000,0.00001,0.00003
28.41000,1.98000,0.99983,0.00000,0.00000,0.00009,0.00008
28.61000,1.98000,0.99991,0.00000,0.00000,0.00003,0.00005
28.81000,1.98000,0.99950,0.00000,0.00000,0.00004,0.00046
29.01000,1.98000,0.86669,0.00021,0.00009,0.00159,0.13142
29.21000,1.98000,0.02195,0.00003,0.00169,0.00174,0.97459
29.41000,1.98000,0.92918,0.00001,0.00003,0.00002,0.07075
29.61000,1.98000,0.98466,0.00000,0.00002,0.00000,0.01531
29.81000,1.98000,0.99130,0.00000,0.00005,0.00000,0.00865
30.01000,1.98000,0.99629,0.00000,0.00002,0.00000,0.00370
30.21000,1.98000,0.99797,0.00000,0.00002,0.00000,0.00200
30.41000,1.98000,0.99962,0.00000,0.00002,0.00000,0.00037
30.61000,1.98000,0.99961,0.00000,0.00001,0.00000,0.00038
30.81000,1.98000,0.99958,0.00000,0.00002,0.00000,0.00040
31.01000,1.98000,0.99951,0.00000,0.00002,0.00000,0.00047
31.21000,1.98000,0.99954,0.00000,0.00002,0.00000,0.00044
31.41000,1.98000,0.99955,0.00000,0.00002,0.00000,0.00043
31.61000,1.98000,0.99952,0.00000,0.00002,0.00000,0.00046
31.81000,1.98000,0.99956,0.00000,0.00002,0.00000,0.00042
32.01000,1.98000,0.99950,0.00000,0.00002,0.00000,0.00048
32.21000,1.98000,0.99946,0.00000,0.00002,0.00000,0.00053
32.41000,1.98000,0.99940,0.00000,0.00001,0.00000,0.00058
32.61000,1.98000,0.99916,0.00000,0.00002,0.00000,0.00082
32.81000,1.98000,0.99805,0.00000,0.00003,0.00000,0.00192
33.01000,1.98000,0.99513,0.00000,0.00005,0.00000,0.00482
33.21000,1.98000,0.99314,0.00000,0.00003,0.00000,0.00683
33.41000,1.98000,0.97992,0.00000,0.00005,0.00000,0.02002
33.61000,1.98000,0.92461,0.00000,0.00007,0.00000,0.07532
33.81000,1.98000,0.93821,0.00000,0.00003,0.00000,0.06176
34.01000,1.98000,0.95374,0.00000,0.00002,0.00000,0.04623
34.21000,1.98000,0.90448,0.00000,0.00003,0.00001,0.09547
34.41000,1.98000,0.68904,0.00000,0.00008,0.00019,0.31069
34.61000,1.98000,0.79759,0.00000,0.00008,0.00031,0.20202
34.81000,1.98000,0.88576,0.00000,0.00010,0.00036,0.11378
35.01000,1.98000,0.96913,0.00000,0.00004,0.00020,0.03063
35.21000,1.98000,0.99141,0.00000,0.00004,0.00004,0.00852
35.41000,1.98000,0.99816,0.00000,0.00002,0.00005,0.00178
35.61000,1.98000,0.99965,0.00000,0.00001,0.00002,0.00032
35.81000,1.98000,0.99970,0.00000,0.00001,0.00001,0.00028
36.01000,1.98000,0.99983,0.00000,0.00001,0.00001,0.00015
36.21000,1.98000,0.99993,0.00000,0.00000,0.00001,0.00005
36.41000,1.98000,0.99993,0.00000,0.00000,0.00001,0.00006
36.61000,1.98000,0.99993,0.00000,0.00000,0.00001,0.00006
36.81000,1.98000,0.99993,0.00000,0.00001,0.00001,0.00006
37.01000,1.98000,0.99993,0.00000,0.00000,0.00001,0.00006
37.21000,1.98000,0.99993,0.00000,0.00000,0.00001,0.00006
37.41000,1.98000,0.99993,0.00000,0.00000,0.00001,0.00006
37.61000,1.98000,0.99993,0.00000,0.00000,0.00001,0.00006
37.81000,1.98000,0.99993,0.00000,0.00000,0.00001,0.00006
38.01000,1.98000,0.99994,0.00000,0.00000,0.00000,0.00005
38.21000,1.98000,0.99991,0.00000,0.00000,0.00000,0.00009
38.41000,1.98000,0.99996,0.00000,0.00000,0.00000,0.00004
38.61000,1.98000,0.99984,0.00000,0.00000,0.00007,0.00010
38.81000,1.98000,0.99990,0.00000,0.00000,0.00003,0.00007
39.01000,1.98000,0.99946,0.00000,0.00000,0.00005,0.00049
39.21000,1.98000,0.89817,0.00008,0.00006,0.00102,0.10067
39.41000,1.98000,0.01470,0.00002,0.00234,0.00333,0.97962
39.61000,1.98000,0.94191,0.00001,0.00002,0.00002,0.05804
39.81000,1.98000,0.98613,0.00000,0.00004,0.00000,0.01383
40.01000,1.98000,0.99328,0.00000,0.00004,0.00000,0.00668
40.21000,1.98000,0.99598,0.00000,0.00002,0.00000,0.00400
40.41000,1.98000,0.99711,0.00000,0.00002,0.00000,0.00286
40.61000,1.98000,0.99946,0.00000,0.00001,0.00000,0.00052
40.81000,1.98000,0.99961,0.00000,0.00002,0.00000,0.00037
41.01000,1.98000,0.99960,0.00000,0.00002,0.00000,0.00039
41.21000,1.98000,0.99961,0.00000,0.00002,0.00000,0.00037
41.41000,1.98000,0.99955,0.00000,0.00002,0.00000,0.00043
41.61000,1.98000,0.99957,0.00000,0.00002,0.00000,0.00041
41.81000,1.98000,0.99964,0.00000,0.00002,0.00000,0.00034
42.01000,1.98000,0.99974,0.00000,0.00001,0.00000,0.00025
42.21000,1.98000,0.99983,0.00000,0.00001,0.00000,0.00016
42.41000,1.98000,0.99986,0.00000,0.00001,0.00000,0.00013
42.61000,1.98000,0.99934,0.00000,0.00001,0.00000,0.00065
42.81000,1.98000,0.99831,0.00000,0.00002,0.00000,0.00167
43.01000,1.98000,0.97776,0.00000,0.00020,0.00001,0.02203
43.21000,1.98000,0.93145,0.00000,0.00059,0.00013,0.06782
43.41000,1.98000,0.95138,0.00000,0.00017,0.00053,0.04791
43.61000,1.98000,0.93653,0.00000,0.00047,0.00024,0.06277
43.81000,1.98000,0.96563,0.00000,0.00054,0.00069,0.03314
44.01000,1.98000,0.99128,0.00000,0.00009,0.00015,0.00847
44.21000,1.98000,0.99663,0.00000,0.00006,0.00007,0.00324
44.41000,1.98000,0.99868,0.00000,0.00004,0.00002,0.00126
44.61000,1.98000,0.99964,0.00000,0.00001,0.00003,0.00032
44.81000,1.98000,0.99990,0.00000,0.00000,0.00001,0.00009
45.01000,1.98000,0.99992,0.00000,0.00001,0.00001,0.00007
45.21000,1.98000,0.99992,0.00000,0.00001,0.00001,0.00007
45.41000,1.98000,0.99992,0.00000,0.00001,0.00001,0.00007
45.61000,1.98000,0.99992,0.00000,0.00001,0.00001,0.00007
45.81000,1.98000,0.99992,0.00000,0.00001,0.00001,0.00007
46.01000,1.98000,0.99992,0.00000,0.00001,0.00001,0.00007
46.21000,1.98000,0.99992,0.00000,0.00001,0.00001,0.00007
46.41000,1.98000,0.99992,0.00000,0.00001,0.00001,0.00007
46.61000,1.98000,0.99992,0.00000,0.00001,0.00001,0.00007
46.81000,1.98000,0.99992,0.00000,0.00001,0.00001,0.00007
47.01000,1.98000,0.99992,0.00000,0.00001,0.00001,0.00007
47.21000,1.98000,0.99992,0.00000,0.00001,0.00001,0.00007
47.41000,1.98000,0.99994,0.00000,0.00000,0.00001,0.00005
47.61000,1.98000,0.99996,0.00000,0.00000,0.00000,0.00004
47.81000,1.98000,0.99996,0.00000,0.00000,0.00000,0.00003
48.01000,1.98000,0.99995,0.00000,0.00000,0.00001,0.00004
48.21000,1.98000,0.99993,0.00000,0.00000,0.00002,0.00006
48.41000,1.98000,0.99930,0.00000,0.00000,0.00007,0.00062
48.61000,1.98000,0.95946,0.00001,0.00017,0.00092,0.03945
48.81000,1.98000,0.51350,0.00000,0.00316,0.00257,0.48076
49.01000,1.98000,0.82873,0.00000,0.00026,0.00028,0.17072
49.21000,1.98000,0.92400,0.00000,0.00015,0.00010,0.07575
49.41000,1.98000,0.98940,0.00000,0.00002,0.00000,0.01057
49.61000,1.98000,0.99632,0.00000,0.00003,0.00000,0.00365
49.81000,1.98000,0.99861,0.00000,0.00001,0.00000,0.00138
50.01000,1.98000,0.99936,0.00000,0.00002,0.00000,0.00063
50.21000,1.98000,0.99958,0.00000,0.00002,0.00000,0.00040
50.41000,1.98000,0.99960,0.00000,0.00002,0.00000,0.00038
50.61000,1.98000,0.99957,0.00000,0.00002,0.00000,0.00041
50.81000,1.98000,0.99955,0.00000,0.00002,0.00000,0.00043
51.01000,1.98000,0.99960,0.00000,0.00002,0.00000,0.00038
51.21000,1.98000,0.99961,0.00000,0.00001,0.00000,0.00038
51.41000,1.98000,0.99955,0.00000,0.00002,0.00000,0.00043
51.61000,1.98000,0.99969,0.00000,0.00001,0.00000,0.00030
51.81000,1.98000,0.99957,0.00000,0.00001,0.00000,0.00042
52.01000,1.98000,0.99937,0.00000,0.00002,0.00000,0.00061
52.21000,1.98000,0.99949,0.00000,0.00002,0.00000,0.00049
52.41000,1.98000,0.99731,0.00000,0.00004,0.00000,0.00265
52.61000,1.98000,0.96281,0.00000,0.00065,0.00000,0.03654
52.81000,1.98000,0.97767,0.00000,0.00021,0.00000,0.02212
53.01000,1.98000,0.98751,0.00000,0.00005,0.00000,0.01244
53.21000,1.98000,0.96773,0.00000,0.00003,0.00000,0.03223
53.41000,1.98000,0.94905,0.00000,0.00003,0.00000,0.05092
53.61000,1.98000,0.91671,0.00000,0.00004,0.00002,0.08324
53.81000,1.98000,0.93184,0.00000,0.00005,0.00022,0.06788
54.01000,1.98000,0.86559,0.00000,0.00013,0.00133,0.13295
54.21000,1.98000,0.91447,0.00000,0.00011,0.00284,0.08258
54.41000,1.98000,0.95870,0.00000,0.00006,0.00104,0.04019
54.61000,1.98000,0.98823,0.00000,0.00003,0.00011,0.01162
54.81000,1.98000,0.99468,0.00000,0.00005,0.00005,0.00522
55.01000,1.98000,0.99873,0.00000,0.00002,0.00008,0.00116
55.21000,1.98000,0.99926,0.00000,0.00001,0.00014,0.00058
55.41000,1.98000,0.99937,0.00000,0.00002,0.00008,0.00053
55.61000,1.98000,0.99957,0.00000,0.00002,0.00004,0.00037
55.81000,1.98000,0.99955,0.00000,0.00001,0.00010,0.00034
56.01000,1.98000,0.99952,0.00001,0.00002,0.00013,0.00033
56.21000,1.98000,0.99970,0.00000,0.00001,0.00004,0.00025
56.41000,1.98000,0.99968,0.00000,0.00001,0.00008,0.00023
56.61000,1.98000,0.99980,0.00000,0.00001,0.00003,0.00016
56.81000,1.98000,0.99956,0.00000,0.00002,0.00002,0.00040
57.01000,1.98000,0.99986,0.00000,0.00000,0.00000,0.00014
57.21000,1.98000,0.99989,0.00000,0.00000,0.00001,0.00010
57.41000,1.98000,0.99975,0.00000,0.00000,0.00011,0.00013
57.61000,1.98000,0.99984,0.00001,0.00000,0.00007,0.00008
57.81000,1.98000,0.99882,0.00001,0.00000,0.00043,0.00073
58.01000,1.98000,0.95367,0.00005,0.00009,0.00380,0.04239
58.21000,1.98000,0.05625,0.00001,0.00408,0.00538,0.93427
58.41000,1.98000,0.42777,0.00000,0.00153,0.00031,0.57038
58.61000,1.98000,0.98121,0.00000,0.00009,0.00002,0.01869
58.81000,1.98000,0.99231,0.00000,0.00003,0.00000,0.00766
59.01000,1.98000,0.99073,0.00000,0.00005,0.00000,0.00922
59.21000,1.98000,0.99616,0.00000,0.00003,0.00000,0.00380
59.41000,1.98000,0.99869,0.00000,0.00003,0.00000,0.00128
59.61000,1.98000,0.99953,0.00000,0.00002,0.00000,0.00045
59.81000,1.98000,0.99956,0.00000,0.00002,0.00000,0.00042
60.01000,1.98000,0.99954,0.00000,0.00002,0.00000,0.00044
60.21000,1.98000,0.99951,0.00000,0.00002,0.00000,0.00047
60.41000,1.98000,0.99958,0.00000,0.00002,0.00000,0.00040
60.61000,1.98000,0.99964,0.00000,0.00002,0.00000,0.00034
60.81000,1.98000,0.99974,0.00000,0.00001,0.00000,0.00025
61.01000,1.98000,0.99977,0.00000,0.00001,0.00000,0.00023
61.21000,1.98000,0.99978,0.00000,0.00001,0.00000,0.00021
61.41000,1.98000,0.99851,0.00000,0.00003,0.00000,0.00145
61.61000,1.98000,0.95942,0.00000,0.00019,0.00000,0.04039
61.81000,1.98000,0.96107,0.00000,0.00011,0.00000,0.03882
62.01000,1.98000,0.73224,0.00000,0.00268,0.00007,0.26501
62.21000,1.98000,0.95590,0.00000,0.00011,0.00006,0.04392
62.41000,1.98000,0.95223,0.00000,0.00013,0.00009,0.04755
62.61000,1.98000,0.96585,0.00001,0.00012,0.00021,0.03382
62.81000,1.98000,0.98934,0.00001,0.00005,0.00062,0.00999
63.01000,1.98000,0.99508,0.00001,0.00001,0.00006,0.00483
63.21000,1.98000,0.99673,0.00000,0.00010,0.00002,0.00315
63.41000,1.98000,0.99873,0.00000,0.00006,0.00002,0.00119
63.61000,1.98000,0.99963,0.00000,0.00002,0.00006,0.00029
63.81000,1.98000,0.99977,0.00000,0.00001,0.00002,0.00020
64.01000,1.98000,0.99985,0.00000,0.00001,0.00002,0.00012
64.21000,1.98000,0.99993,0.00000,0.00000,0.00001,0.00006
64.41000,1.98000,0.99992,0.00000,0.00001,0.00001,0.00007
64.61000,1.98000,0.99993,0.00000,0.00001,0.00001,0.00006
64.81000,1.98000,0.99993,0.00000,0.00000,0.00001,0.00006
65.01000,1.98000,0.99995,0.00000,0.00000,0.00001,0.00004
65.21000,1.98000,0.99995,0.00000,0.00000,0.00001,0.00005
65.41000,1.98000,0.99994,0.00000,0.00000,0.00001,0.00005
65.61000,1.98000,0.99994,0.00000,0.00000,0.00001,0.00005
65.81000,1.98000,0.99994,0.00000,0.00000,0.00001,0.00005
66.01000,1.98000,0.99994,0.00000,0.00000,0.00001,0.00005
66.21000,1.98000,0.99994,0.00000,0.00000,0.00001,0.00005
66.41000,1.98000,0.99994,0.00000,0.00000,0.00001,0.00005
66.61000,1.98000,0.99994,0.00000,0.00000,0.00000,0.00005
66.81000,1.98000,0.99993,0.00000,0.00000,0.00001,0.00006
67.01000,1.98000,0.99991,0.00000,0.00001,0.00001,0.00008
67.21000,1.98000,0.99988,0.00000,0.00001,0.00002,0.00010
67.41000,1.98000,0.99989,0.00000,0.00001,0.00001,0.00009
67.61000,1.98000,0.99989,0.00000,0.00001,0.00001,0.00009
67.81000,1.98000,0.99986,0.00000,0.00000,0.00000,0.00013
68.01000,1.98000,0.99982,0.00000,0.00000,0.00001,0.00017
68.21000,1.98000,0.99936,0.00000,0.00000,0.00012,0.00052
68.41000,1.98000,0.99911,0.00000,0.00001,0.00035,0.00053
68.61000,1.98000,0.99797,0.00001,0.00001,0.00095,0.00106
68.81000,1.98000,0.96710,0.00007,0.00005,0.01183,0.02095
69.01000,1.98000,0.32669,0.00062,0.00142,0.11284,0.55844
69.21000,1.98000,0.07572,0.00007,0.00320,0.00356,0.91745
69.41000,1.98000,0.88635,0.00001,0.00093,0.00026,0.11246
69.61000,1.98000,0.97733,0.00000,0.00016,0.00005,0.02246
69.81000,1.98000,0.99512,0.00000,0.00005,0.00000,0.00482
70.01000,1.98000,0.99384,0.00000,0.00005,0.00000,0.00610
70.21000,1.98000,0.99809,0.00000,0.00002,0.00000,0.00188
70.41000,1.98000,0.99962,0.00000,0.00001,0.00000,0.00037
70.61000,1.98000,0.99963,0.00000,0.00001,0.00000,0.00035
70.81000,1.98000,0.99966,0.00000,0.00001,0.00000,0.00033
71.01000,1.98000,0.99964,0.00000,0.00001,0.00000,0.00034
71.21000,1.98000,0.99965,0.00000,0.00001,0.00000,0.00033
71.41000,1.98000,0.99966,0.00000,0.00001,0.00000,0.00033
71.61000,1.98000,0.99965,0.00000,0.00001,0.00000,0.00034
71.81000,1.98000,0.99964,0.00000,0.00001,0.00000,0.00034
72.01000,1.98000,0.99968,0.00000,0.00001,0.00000,0.00031
72.21000,1.98000,0.99965,0.00000,0.00001,0.00000,0.00034
72.41000,1.98000,0.99966,0.00000,0.00001,0.00000,0.00032
72.61000,1.98000,0.99975,0.00000,0.00001,0.00000,0.00024
72.81000,1.98000,0.99981,0.00000,0.00001,0.00000,0.00019
73.01000,1.98000,0.99973,0.00000,0.00001,0.00000,0.00026
73.21000,1.98000,0.99918,0.00000,0.00001,0.00000,0.00081
73.41000,1.98000,0.98939,0.00000,0.00005,0.00000,0.01056
73.61000,1.98000,0.95802,0.00000,0.00013,0.00000,0.04186
73.81000,1.98000,0.88878,0.00000,0.00029,0.00002,0.11092
74.01000,1.98000,0.87530,0.00000,0.00015,0.00002,0.12453
74.21000,1.98000,0.91613,0.00000,0.00008,0.00005,0.08374
74.41000,1.98000,0.93138,0.00000,0.00007,0.00012,0.06843
74.61000,1.98000,0.95079,0.00000,0.00011,0.00025,0.04884
74.81000,1.98000,0.96501,0.00000,0.00010,0.00026,0.03463
75.01000,1.98000,0.98827,0.00000,0.00007,0.00020,0.01145
75.21000,1.98000,0.99536,0.00000,0.00004,0.00011,0.00448
75.41000,1.98000,0.99832,0.00000,0.00003,0.00008,0.00157
75.61000,1.98000,0.99927,0.00000,0.00002,0.00006,0.00065
75.81000,1.98000,0.99967,0.00000,0.00001,0.00004,0.00028
76.01000,1.98000,0.99963,0.00000,0.00001,0.00004,0.00032
76.21000,1.98000,0.99974,0.00000,0.00001,0.00002,0.00022
76.41000,1.98000,0.99975,0.00000,0.00001,0.00003,0.00022
76.61000,1.98000,0.99975,0.00000,0.00001,0.00002,0.00022
76.81000,1.98000,0.99976,0.00000,0.00000,0.00001,0.00023
77.01000,1.98000,0.99982,0.00000,0.00000,0.00001,0.00017
77.21000,1.98000,0.99954,0.00000,0.00000,0.00008,0.00038
77.41000,1.98000,0.99947,0.00001,0.00000,0.00019,0.00033
77.61000,1.98000,0.99879,0.00000,0.00001,0.00024,0.00096
77.81000,1.98000,0.97007,0.00004,0.00004,0.00190,0.02794
78.01000,1.98000,0.23603,0.00010,0.00106,0.00310,0.75970
78.21000,1.98000,0.10819,0.00002,0.00340,0.00014,0.88824
78.41000,1.98000,0.99191,0.00000,0.00007,0.00000,0.00802
78.61000,1.98000,0.99740,0.00000,0.00002,0.00000,0.00258
78.81000,1.98000,0.99107,0.00000,0.00005,0.00000,0.00888
79.01000,1.98000,0.99454,0.00000,0.00003,0.00000,0.00543
79.21000,1.98000,0.99895,0.00000,0.00001,0.00000,0.00103
79.41000,1.98000,0.99966,0.00000,0.00001,0.00000,0.00033
79.61000,1.98000,0.99967,0.00000,0.00001,0.00000,0.00032
79.81000,1.98000,0.99966,0.00000,0.00001,0.00000,0.00033
80.01000,1.98000,0.99967,0.00000,0.00001,0.00000,0.00032
80.21000,1.98000,0.99969,0.00000,0.00001,0.00000,0.00030
80.41000,1.98000,0.99968,0.00000,0.00001,0.00000,0.00031
80.61000,1.98000,0.99965,0.00000,0.00001,0.00000,0.00034
80.81000,1.98000,0.99967,0.00000,0.00001,0.00000,0.00032
81.01000,1.98000,0.99956,0.00000,0.00001,0.00000,0.00042
81.21000,1.98000,0.99970,0.00000,0.00001,0.00000,0.00029
81.41000,1.98000,0.99972,0.00000,0.00000,0.00000,0.00028
81.61000,1.98000,0.99866,0.00000,0.00001,0.00000,0.00134
81.81000,1.98000,0.99230,0.00000,0.00001,0.00000,0.00769
82.01000,1.98000,0.97371,0.00000,0.00003,0.00000,0.02626
82.21000,1.98000,0.90832,0.00000,0.00006,0.00001,0.09160
82.41000,1.98000,0.93006,0.00000,0.00002,0.00003,0.06989
82.61000,1.98000,0.75844,0.00000,0.00007,0.00017,0.24132
82.81000,1.98000,0.82390,0.00000,0.00006,0.00026,0.17578
83.01000,1.98000,0.89496,0.00000,0.00005,0.00063,0.10435
83.21000,1.98000,0.93021,0.00001,0.00007,0.00102,0.06870
83.41000,1.98000,0.96286,0.00000,0.00010,0.00073,0.03631
83.61000,1.98000,0.98870,0.00000,0.00006,0.00043,0.01081
83.81000,1.98000,0.99786,0.00000,0.00003,0.00014,0.00198
84.01000,1.98000,0.99888,0.00000,0.00002,0.00008,0.00102
84.21000,1.98000,0.99944,0.00000,0.00001,0.00005,0.00050
84.41000,1.98000,0.99969,0.00000,0.00001,0.00002,0.00028
84.61000,1.98000,0.99987,0.00000,0.00000,0.00001,0.00012
84.81000,1.98000,0.99989,0.00000,0.00000,0.00001,0.00010
85.01000,1.98000,0.99985,0.00000,0.00000,0.00001,0.00013
85.21000,1.98000,0.99984,0.00000,0.00000,0.00004,0.00012
85.41000,1.98000,0.99971,0.00000,0.00000,0.00012,0.00017
85.61000,1.98000,0.99962,0.00001,0.00000,0.00012,0.00025
85.81000,1.98000,0.99783,0.00002,0.00000,0.00026,0.00190
86.01000,1.98000,0.41641,0.00045,0.00059,0.01081,0.57173
86.21000,1.98000,0.03179,0.00005,0.00104,0.00086,0.96626
86.41000,1.98000,0.96162,0.00000,0.00003,0.00001,0.03834
86.61000,1.98000,0.98984,0.00000,0.00004,0.00000,0.01012
86.81000,1.98000,0.99103,0.00000,0.00007,0.00000,0.00890
87.01000,1.98000,0.99436,0.00000,0.00004,0.00000,0.00561
87.21000,1.98000,0.99902,0.00000,0.00002,0.00000,0.00096
87.41000,1.98000,0.99967,0.00000,0.00001,0.00000,0.00031
87.61000,1.98000,0.99867,0.00000,0.00004,0.00000,0.00130
87.81000,1.98000,0.98050,0.00000,0.00052,0.00000,0.01897
88.01000,1.98000,0.99683,0.00000,0.00010,0.00000,0.00308
88.21000,1.98000,0.99754,0.00000,0.00006,0.00000,0.00240
88.41000,1.98000,0.99893,0.00000,0.00002,0.00000,0.00105
88.61000,1.98000,0.99791,0.00000,0.00003,0.00000,0.00205
88.81000,1.98000,0.99909,0.00000,0.00001,0.00000,0.00090
89.01000,1.98000,0.99963,0.00000,0.00001,0.00000,0.00037
89.21000,1.98000,0.99975,0.00000,0.00001,0.00000,0.00024
89.41000,1.98000,0.99986,0.00000,0.00000,0.00000,0.00014
89.61000,1.98000,0.99972,0.00000,0.00000,0.00000,0.00028
89.81000,1.98000,0.99841,0.00000,0.00001,0.00000,0.00158
90.01000,1.98000,0.99263,0.00000,0.00003,0.00000,0.00735
90.21000,1.98000,0.98192,0.00000,0.00004,0.00003,0.01801
90.41000,1.98000,0.94085,0.00000,0.00007,0.00012,0.05896
90.61000,1.98000,0.82776,0.00000,0.00015,0.00094,0.17115
90.81000,1.98000,0.76413,0.00000,0.00009,0.00048,0.23529
91.01000,1.98000,0.83159,0.00001,0.00009,0.00162,0.16668
91.21000,1.98000,0.89397,0.00001,0.00002,0.00137,0.10462
91.41000,1.98000,0.90183,0.00001,0.00006,0.00168,0.09641
91.61000,1.98000,0.84452,0.00006,0.00005,0.01142,0.14395
91.81000,1.98000,0.84331,0.00005,0.00011,0.01876,0.13777
92.01000,1.98000,0.95826,0.00001,0.00005,0.00182,0.03986
92.21000,1.98000,0.98303,0.00001,0.00004,0.00083,0.01609
92.41000,1.98000,0.99888,0.00000,0.00000,0.00012,0.00100
92.61000,1.98000,0.99881,0.00000,0.00001,0.00007,0.00111
92.81000,1.98000,0.99942,0.00000,0.00002,0.00003,0.00053
93.01000,1.98000,0.99989,0.00000,0.00000,0.00001,0.00010
93.21000,1.98000,0.99990,0.00000,0.00000,0.00001,0.00008
93.41000,1.98000,0.99989,0.00000,0.00001,0.00001,0.00009
93.61000,1.98000,0.99991,0.00000,0.00001,0.00001,0.00008
93.81000,1.98000,0.99990,0.00000,0.00001,0.00001,0.00008
94.01000,1.98000,0.99990,0.00000,0.00001,0.00001,0.00008
94.21000,1.98000,0.99990,0.00000,0.00001,0.00001,0.00008
94.41000,1.98000,0.99990,0.00000,0.00001,0.00001,0.00008
94.61000,1.98000,0.99990,0.00000,0.00001,0.00001,0.00008
94.81000,1.98000,0.99990,0.00000,0.00001,0.00001,0.00008
95.01000,1.98000,0.99990,0.00000,0.00001,0.00001,0.00008
95.21000,1.98000,0.99990,0.00000,0.00001,0.00001,0.00008
95.41000,1.98000,0.99990,0.00000,0.00001,0.00001,0.00008
95.61000,1.98000,0.99990,0.00000,0.00001,0.00001,0.00008
95.81000,1.98000,0.99990,0.00000,0.00001,0.00001,0.00008
96.01000,1.98000,0.99990,0.00000,0.00001,0.00001,0.00009
96.21000,1.98000,0.99990,0.00000,0.00001,0.00001,0.00009
96.41000,1.98000,0.99989,0.00000,0.00001,0.00001,0.00009
96.61000,1.98000,0.99989,0.00000,0.00001,0.00001,0.00009
96.81000,1.98000,0.99989,0.00000,0.00001,0.00001,0.00009
97.01000,1.98000,0.99989,0.00000,0.00001,0.00001,0.00009
97.21000,1.98000,0.99990,0.00000,0.00001,0.00001,0.00009
97.41000,1.98000,0.99990,0.00000,0.00001,0.00001,0.00008
97.61000,1.98000,0.99993,0.00000,0.00000,0.00001,0.00006
97.81000,1.98000,0.99989,0.00000,0.00001,0.00001,0.00009
98.01000,1.98000,0.99993,0.00000,0.00000,0.00000,0.00007
98.21000,1.98000,0.99992,0.00001,0.00000,0.00000,0.00007
98.41000,1.98000,0.99986,0.00000,0.00000,0.00002,0.00012
98.61000,1.98000,0.99954,0.00010,0.00000,0.00008,0.00028
98.81000,1.98000,0.99695,0.00002,0.00000,0.00061,0.00242
99.01000,1.98000,0.96544,0.00096,0.00010,0.00098,0.03252
99.21000,1.98000,0.15625,0.00013,0.00258,0.00618,0.83486
99.41000,1.98000,0.96081,0.00008,0.00018,0.00005,0.03888
99.61000,1.98000,0.99519,0.00000,0.00002,0.00000,0.00478
99.81000,1.98000,0.99896,0.00000,0.00003,0.00000,0.00101
100.01000,1.98000,0.99898,0.00000,0.00008,0.00000,0.00093
100.21000,1.98000,0.99882,0.00000,0.00009,0.00000,0.00109
100.41000,1.98000,0.99633,0.00000,0.00041,0.00000,0.00326
100.61000,1.98000,0.98564,0.00000,0.00155,0.00000,0.01281
100.81000,1.98000,0.99590,0.00000,0.00060,0.00000,0.00350
101.01000,1.98000,0.99866,0.00000,0.00015,0.00000,0.00118
101.21000,1.98000,0.99674,0.00000,0.00045,0.00000,0.00281
101.41000,1.98000,0.99974,0.00000,0.00002,0.00000,0.00024
101.61000,1.98000,0.99982,0.00000,0.00001,0.00000,0.00018
101.81000,1.98000,0.99900,0.00000,0.00003,0.00000,0.00097
102.01000,1.98000,0.99938,0.00000,0.00002,0.00000,0.00061
102.21000,1.98000,0.99852,0.00000,0.00002,0.00000,0.00147
102.41000,1.98000,0.99423,0.00000,0.00002,0.00000,0.00575
102.61000,1.98000,0.84957,0.00000,0.00066,0.00001,0.14977
102.81000,1.98000,0.93269,0.00000,0.00010,0.00001,0.06720
103.01000,1.98000,0.90289,0.00000,0.00012,0.00002,0.09697
103.21000,1.98000,0.84963,0.00000,0.00015,0.00010,0.15012
103.41000,1.98000,0.89371,0.00000,0.00017,0.00016,0.10596
103.61000,1.98000,0.93908,0.00000,0.00012,0.00015,0.06066
103.81000,1.98000,0.97481,0.00000,0.00011,0.00012,0.02496
104.01000,1.98000,0.98292,0.00000,0.00013,0.00014,0.01681
104.21000,1.98000,0.99410,0.00000,0.00010,0.00015,0.00565
104.41000,1.98000,0.99842,0.00000,0.00003,0.00015,0.00140
104.61000,1.98000,0.99957,0.00000,0.00001,0.00004,0.00037
104.81000,1.98000,0.99947,0.00000,0.00001,0.00004,0.00049
105.01000,1.98000,0.99952,0.00000,0.00001,0.00006,0.00041
105.21000,1.98000,0.99936,0.00000,0.00002,0.00010,0.00052
105.41000,1.98000,0.99953,0.00000,0.00001,0.00008,0.00038
105.61000,1.98000,0.99945,0.00000,0.00001,0.00009,0.00044
105.81000,1.98000,0.99934,0.00000,0.00002,0.00008,0.00056
106.01000,1.98000,0.99943,0.00000,0.00002,0.00006,0.00049
106.21000,1.98000,0.99970,0.00000,0.00001,0.00002,0.00027
106.41000,1.98000,0.99972,0.00000,0.00001,0.00003,0.00025
106.61000,1.98000,0.99987,0.00000,0.00001,0.00002,0.00011
106.81000,1.98000,0.99988,0.00000,0.00001,0.00001,0.00010
107.01000,1.98000,0.99989,0.00000,0.00001,0.00001,0.00009
107.21000,1.98000,0.99990,0.00000,0.00001,0.00001,0.00008
107.41000,1.98000,0.99991,0.00000,0.00001,0.00001,0.00008
107.61000,1.98000,0.99990,0.00000,0.00001,0.00001,0.00008
107.81000,1.98000,0.99990,0.00000,0.00001,0.00001,0.00008
108.01000,1.98000,0.99990,0.00000,0.00001,0.00001,0.00009
108.21000,1.98000,0.99990,0.00000,0.00001,0.00001,0.00008
108.41000,1.98000,0.99990,0.00000,0.00001,0.00001,0.00008
108.61000,1.98000,0.99989,0.00000,0.00001,0.00001,0.00009
108.81000,1.98000,0.99990,0.00000,0.00001,0.00001,0.00009
109.01000,1.98000,0.99992,0.00000,0.00000,0.00000,0.00007
109.21000,1.98000,0.99992,0.00000,0.00000,0.00002,0.00006
109.41000,1.98000,0.99980,0.00000,0.00000,0.00010,0.00010
109.61000,1.98000,0.99975,0.00000,0.00000,0.00005,0.00020
109.81000,1.98000,0.99793,0.00000,0.00000,0.00023,0.00183
110.01000,1.98000,0.82094,0.00005,0.00039,0.00155,0.17708
110.21000,1.98000,0.11184,0.00002,0.00153,0.00325,0.88336
110.41000,1.98000,0.96533,0.00000,0.00003,0.00004,0.03460
110.61000,1.98000,0.99050,0.00000,0.00002,0.00000,0.00947
110.81000,1.98000,0.99129,0.00000,0.00006,0.00000,0.00865
111.01000,1.98000,0.99430,0.00000,0.00004,0.00000,0.00566
111.21000,1.98000,0.99894,0.00000,0.00001,0.00000,0.00104
111.41000,1.98000,0.99962,0.00000,0.00001,0.00000,0.00036
111.61000,1.98000,0.99963,0.00000,0.00001,0.00000,0.00036
111.81000,1.98000,0.99966,0.00000,0.00001,0.00000,0.00033
112.01000,1.98000,0.99974,0.00000,0.00001,0.00000,0.00025
112.21000,1.98000,0.99977,0.00000,0.00001,0.00000,0.00022
112.41000,1.98000,0.99976,0.00000,0.00001,0.00000,0.00023
112.61000,1.98000,0.99974,0.00000,0.00001,0.00000,0.00025
112.81000,1.98000,0.99961,0.00000,0.00001,0.00000,0.00039
113.01000,1.98000,0.99390,0.00000,0.00005,0.00000,0.00604
113.21000,1.98000,0.96128,0.00000,0.00033,0.00000,0.03839
113.41000,1.98000,0.94570,0.00000,0.00032,0.00000,0.05398
113.61000,1.98000,0.98200,0.00000,0.00009,0.00000,0.01791
113.81000,1.98000,0.98301,0.00000,0.00005,0.00000,0.01694
114.01000,1.98000,0.98034,0.00000,0.00005,0.00000,0.01961
114.21000,1.98000,0.98519,0.00000,0.00003,0.00000,0.01479
114.41000,1.98000,0.98630,0.00000,0.00003,0.00000,0.01366
114.61000,1.98000,0.99167,0.00000,0.00002,0.00000,0.00831
114.81000,1.98000,0.97764,0.00000,0.00003,0.00000,0.02234
115.01000,1.98000,0.96780,0.00000,0.00002,0.00001,0.03218
115.21000,1.98000,0.93248,0.00000,0.00003,0.00008,0.06741
115.41000,1.98000,0.84112,0.00000,0.00013,0.00101,0.15774
115.61000,1.98000,0.82974,0.00001,0.00018,0.00384,0.16624
115.81000,1.98000,0.91973,0.00001,0.00015,0.00427,0.07585
116.01000,1.98000,0.97300,0.00000,0.00008,0.00111,0.02580
116.21000,1.98000,0.99118,0.00000,0.00004,0.00018,0.00860
116.41000,1.98000,0.99692,0.00000,0.00003,0.00008,0.00297
116.61000,1.98000,0.99904,0.00000,0.00002,0.00008,0.00086
116.81000,1.98000,0.99954,0.00000,0.00001,0.00005,0.00040
117.01000,1.98000,0.99981,0.00000,0.00000,0.00001,0.00018
117.21000,1.98000,0.99974,0.00000,0.00000,0.00002,0.00023
117.41000,1.98000,0.99971,0.00000,0.00000,0.00005,0.00024
117.61000,1.98000,0.99949,0.00001,0.00000,0.00018,0.00032
117.81000,1.98000,0.99878,0.00003,0.00000,0.00074,0.00045
118.01000,1.98000,0.99805,0.00002,0.00000,0.00056,0.00137
118.21000,1.98000,0.97973,0.00014,0.00001,0.00295,0.01718
118.41000,1.98000,0.08747,0.00007,0.00086,0.00442,0.90717
118.61000,1.98000,0.62240,0.00005,0.00052,0.00080,0.37623
118.81000,1.98000,0.98908,0.00000,0.00001,0.00000,0.01091
119.01000,1.98000,0.99380,0.00000,0.00002,0.00000,0.00618
119.21000,1.98000,0.99195,0.00000,0.00006,0.00000,0.00799
119.41000,1.98000,0.99736,0.00000,0.00003,0.00000,0.00262
119.61000,1.98000,0.99902,0.00000,0.00002,0.00000,0.00097
119.81000,1.98000,0.99963,0.00000,0.00001,0.00000,0.00036
120.01000,1.98000,0.99962,0.00000,0.00001,0.00000,0.00036
120.21000,1.98000,0.99966,0.00000,0.00001,0.00000,0.00032
120.41000,1.98000,0.99969,0.00000,0.00001,0.00000,0.00030
120.61000,1.98000,0.99960,0.00000,0.00002,0.00000,0.00039
120.81000,1.98000,0.99960,0.00000,0.00001,0.00000,0.00039
121.01000,1.98000,0.99966,0.00000,0.00001,0.00000,0.00032
121.21000,1.98000,0.99977,0.00000,0.00001,0.00000,0.00022
121.41000,1.98000,0.99984,0.00000,0.00001,0.00000,0.00015
121.61000,1.98000,0.99987,0.00000,0.00000,0.00000,0.00012
121.81000,1.98000,0.99974,0.00000,0.00000,0.00000,0.00026
122.01000,1.98000,0.99934,0.00000,0.00001,0.00000,0.00066
122.21000,1.98000,0.99878,0.00000,0.00001,0.00000,0.00121
122.41000,1.98000,0.99584,0.00000,0.00002,0.00000,0.00413
122.61000,1.98000,0.99068,0.00000,0.00001,0.00000,0.00931
122.81000,1.98000,0.98528,0.00000,0.00001,0.00001,0.01470
123.01000,1.98000,0.84968,0.00000,0.00006,0.00024,0.15002
123.21000,1.98000,0.88600,0.00000,0.00004,0.00025,0.11372
123.41000,1.98000,0.97259,0.00000,0.00003,0.00006,0.02732
