Time (seconds), Duration (seconds),pred_unlabelled,pred_circle,pred_shaking
0.01000,1.98000,0.23851,0.76149,0.00000
0.21000,1.98000,0.05553,0.94447,0.00000
0.41000,1.98000,0.03146,0.96853,0.00000
0.61000,1.98000,0.06169,0.93831,0.00000
0.81000,1.98000,0.04348,0.95652,0.00000
1.01000,1.98000,0.02314,0.97685,0.00001
1.21000,1.98000,0.01201,0.98798,0.00001
1.41000,1.98000,0.00587,0.99412,0.00001
1.61000,1.98000,0.00407,0.99593,0.00001
1.81000,1.98000,0.00544,0.99455,0.00001
2.01000,1.98000,0.00793,0.99206,0.00001
2.21000,1.98000,0.01868,0.98132,0.00001
2.41000,1.98000,0.02451,0.97548,0.00001
2.61000,1.98000,0.01256,0.98742,0.00001
2.81000,1.98000,0.00900,0.99100,0.00000
3.01000,1.98000,0.01268,0.98732,0.00000
3.21000,1.98000,0.02573,0.97427,0.00000
3.41000,1.98000,0.03559,0.96441,0.00000
3.61000,1.98000,0.04297,0.95703,0.00000
3.81000,1.98000,0.10717,0.89283,0.00000
4.01000,1.98000,0.12744,0.87256,0.00000
4.21000,1.98000,0.10810,0.89189,0.00000
4.41000,1.98000,0.03319,0.96681,0.00000
4.61000,1.98000,0.01935,0.98064,0.00001
4.81000,1.98000,0.01057,0.98942,0.00001
5.01000,1.98000,0.00692,0.99307,0.00001
5.21000,1.98000,0.00743,0.99256,0.00001
5.41000,1.98000,0.01324,0.98675,0.00001
5.61000,1.98000,0.04757,0.95243,0.00001
5.81000,1.98000,0.02484,0.97515,0.00001
6.01000,1.98000,0.01388,0.98611,0.00001
6.21000,1.98000,0.00958,0.99042,0.00000
6.41000,1.98000,0.00837,0.99163,0.00000
6.61000,1.98000,0.01714,0.98286,0.00000
6.81000,1.98000,0.03611,0.96388,0.00000
7.01000,1.98000,0.05065,0.94935,0.00000
7.21000,1.98000,0.04763,0.95237,0.00000
7.41000,1.98000,0.05585,0.94415,0.00000
7.61000,1.98000,0.03156,0.96844,0.00000
7.81000,1.98000,0.01876,0.98124,0.00000
8.01000,1.98000,0.01231,0.98769,0.00000
8.21000,1.98000,0.01453,0.98547,0.00000
8.41000,1.98000,0.00755,0.99245,0.00000
8.61000,1.98000,0.00374,0.99625,0.00000
8.81000,1.98000,0.00273,0.99727,0.00000
9.01000,1.98000,0.00320,0.99680,0.00000
9.21000,1.98000,0.00867,0.99133,0.00000
9.41000,1.98000,0.01914,0.98086,0.00000
9.61000,1.98000,0.01770,0.98230,0.00001
9.81000,1.98000,0.02468,0.97531,0.00001
10.01000,1.98000,0.02066,0.97933,0.00001
10.21000,1.98000,0.02212,0.97788,0.00000
10.41000,1.98000,0.03805,0.96194,0.00001
10.61000,1.98000,0.04874,0.95125,0.00001
10.81000,1.98000,0.04906,0.95093,0.00001
11.01000,1.98000,0.06026,0.93973,0.00001
11.21000,1.98000,0.07025,0.92974,0.00001
11.41000,1.98000,0.03711,0.96288,0.00001
11.61000,1.98000,0.02416,0.97583,0.00001
11.81000,1.98000,0.02245,0.97753,0.00002
12.01000,1.98000,0.01085,0.98912,0.00003
12.21000,1.98000,0.00699,0.99299,0.00002
12.41000,1.98000,0.01376,0.98622,0.00002
12.61000,1.98000,0.02013,0.97984,0.00003
12.81000,1.98000,0.01483,0.98514,0.00003
13.01000,1.98000,0.02628,0.97369,0.00003
13.21000,1.98000,0.02535,0.97462,0.00003
13.41000,1.98000,0.01829,0.98169,0.00002
13.61000,1.98000,0.02584,0.97415,0.00001
13.81000,1.98000,0.03163,0.96837,0.00000
14.01000,1.98000,0.04322,0.95677,0.00000
14.21000,1.98000,0.03350,0.96650,0.00000
14.41000,1.98000,0.04455,0.95544,0.00000
14.61000,1.98000,0.05033,0.94967,0.00000
14.81000,1.98000,0.03128,0.96872,0.00000
15.01000,1.98000,0.04936,0.95063,0.00001
15.21000,1.98000,0.02948,0.97049,0.00002
15.41000,1.98000,0.01304,0.98693,0.00002
15.61000,1.98000,0.01026,0.98971,0.00003
15.81000,1.98000,0.01036,0.98961,0.00003
16.01000,1.98000,0.01883,0.98110,0.00007
16.21000,1.98000,0.01957,0.98035,0.00008
16.41000,1.98000,0.03701,0.96293,0.00006
16.61000,1.98000,0.02145,0.97848,0.00007
16.81000,1.98000,0.01610,0.98387,0.00003
17.01000,1.98000,0.01090,0.98909,0.00001
17.21000,1.98000,0.01962,0.98037,0.00000
17.41000,1.98000,0.02773,0.97227,0.00000
17.61000,1.98000,0.03286,0.96713,0.00000
17.81000,1.98000,0.05148,0.94852,0.00000
18.01000,1.98000,0.04327,0.95672,0.00001
18.21000,1.98000,0.02874,0.97124,0.00003
18.41000,1.98000,0.01029,0.98968,0.00003
18.61000,1.98000,0.00501,0.99497,0.00003
18.81000,1.98000,0.00648,0.99349,0.00003
19.01000,1.98000,0.01685,0.98311,0.00004
19.21000,1.98000,0.02397,0.97597,0.00006
19.41000,1.98000,0.02170,0.97820,0.00010
19.61000,1.98000,0.02702,0.97289,0.00008
19.81000,1.98000,0.01327,0.98667,0.00006
20.01000,1.98000,0.01030,0.98969,0.00001
20.21000,1.98000,0.02550,0.97448,0.00001
20.41000,1.98000,0.04196,0.95803,0.00001
20.61000,1.98000,0.04329,0.95670,0.00001
20.81000,1.98000,0.06607,0.93393,0.00000
21.01000,1.98000,0.08909,0.91090,0.00000
21.21000,1.98000,0.03003,0.96996,0.00001
21.41000,1.98000,0.03579,0.96420,0.00001
21.61000,1.98000,0.01083,0.98915,0.00002
21.81000,1.98000,0.00606,0.99392,0.00002
22.01000,1.98000,0.00851,0.99148,0.00002
22.21000,1.98000,0.01811,0.98185,0.00004
22.41000,1.98000,0.02675,0.97321,0.00004
22.61000,1.98000,0.02300,0.97695,0.00005
22.81000,1.98000,0.02305,0.97693,0.00003
23.01000,1.98000,0.00841,0.99157,0.00002
23.21000,1.98000,0.00707,0.99292,0.00001
23.41000,1.98000,0.01753,0.98246,0.00001
23.61000,1.98000,0.03434,0.96565,0.00001
23.81000,1.98000,0.04656,0.95344,0.00001
24.01000,1.98000,0.06369,0.93631,0.00000
24.21000,1.98000,0.04559,0.95440,0.00000
24.41000,1.98000,0.02723,0.97277,0.00000
24.61000,1.98000,0.01791,0.98209,0.00001
24.81000,1.98000,0.01068,0.98931,0.00001
25.01000,1.98000,0.00510,0.99488,0.00002
25.21000,1.98000,0.00396,0.99603,0.00002
25.41000,1.98000,0.00614,0.99385,0.00001
25.61000,1.98000,0.00613,0.99385,0.00002
25.81000,1.98000,0.00612,0.99387,0.00001
26.01000,1.98000,0.01084,0.98915,0.00001
26.21000,1.98000,0.02375,0.97624,0.00001
26.41000,1.98000,0.00804,0.99195,0.00001
26.61000,1.98000,0.01181,0.98819,0.00000
26.81000,1.98000,0.02162,0.97838,0.00000
27.01000,1.98000,0.03422,0.96578,0.00000
27.21000,1.98000,0.04502,0.95498,0.00000
27.41000,1.98000,0.05434,0.94566,0.00000
27.61000,1.98000,0.02673,0.97327,0.00000
27.81000,1.98000,0.01985,0.98014,0.00000
28.01000,1.98000,0.01888,0.98111,0.00001
28.21000,1.98000,0.00448,0.99551,0.00001
28.41000,1.98000,0.00639,0.99360,0.00001
28.61000,1.98000,0.01233,0.98765,0.00002
28.81000,1.98000,0.01642,0.98355,0.00003
29.01000,1.98000,0.02025,0.97970,0.00005
29.21000,1.98000,0.01525,0.98472,0.00003
29.41000,1.98000,0.01298,0.98700,0.00003
29.61000,1.98000,0.01721,0.98274,0.00004
29.81000,1.98000,0.02843,0.97153,0.00003
30.01000,1.98000,0.04796,0.95201,0.00002
30.21000,1.98000,0.04520,0.95478,0.00002
30.41000,1.98000,0.06178,0.93822,0.00001
30.61000,1.98000,0.04105,0.95894,0.00000
30.81000,1.98000,0.04334,0.95665,0.00001
31.01000,1.98000,0.02103,0.97896,0.00001
31.21000,1.98000,0.01033,0.98965,0.00002
31.41000,1.98000,0.00563,0.99435,0.00002
31.61000,1.98000,0.00759,0.99240,0.00001
31.81000,1.98000,0.01469,0.98530,0.00001
32.01000,1.98000,0.01086,0.98912,0.00001
32.21000,1.98000,0.01085,0.98912,0.00002
32.41000,1.98000,0.01233,0.98762,0.00005
32.61000,1.98000,0.00820,0.99178,0.00002
32.81000,1.98000,0.00768,0.99231,0.00001
33.01000,1.98000,0.01240,0.98759,0.00001
33.21000,1.98000,0.02134,0.97865,0.00001
33.41000,1.98000,0.01740,0.98259,0.00000
33.61000,1.98000,0.01773,0.98227,0.00000
33.81000,1.98000,0.02159,0.97840,0.00000
34.01000,1.98000,0.02038,0.97962,0.00001
34.21000,1.98000,0.00883,0.99116,0.00001
34.41000,1.98000,0.00577,0.99422,0.00001
34.61000,1.98000,0.00345,0.99654,0.00001
34.81000,1.98000,0.00367,0.99631,0.00002
35.01000,1.98000,0.00769,0.99229,0.00002
35.21000,1.98000,0.01302,0.98695,0.00003
35.41000,1.98000,0.01313,0.98682,0.00005
35.61000,1.98000,0.01021,0.98977,0.00003
35.81000,1.98000,0.00593,0.99406,0.00001
36.01000,1.98000,0.00585,0.99415,0.00001
36.21000,1.98000,0.01076,0.98923,0.00001
36.41000,1.98000,0.01611,0.98388,0.00001
36.61000,1.98000,0.01978,0.98021,0.00001
36.81000,1.98000,0.01855,0.98145,0.00001
37.01000,1.98000,0.01189,0.98810,0.00000
37.21000,1.98000,0.00995,0.99004,0.00000
37.41000,1.98000,0.01382,0.98617,0.00002
37.61000,1.98000,0.00722,0.99275,0.00003
37.81000,1.98000,0.00455,0.99539,0.00005
38.01000,1.98000,0.00364,0.99633,0.00003
38.21000,1.98000,0.00962,0.99035,0.00003
38.41000,1.98000,0.00929,0.99065,0.00007
38.61000,1.98000,0.01237,0.98757,0.00006
38.81000,1.98000,0.02361,0.97630,0.00009
39.01000,1.98000,0.01654,0.98330,0.00016
39.21000,1.98000,0.00957,0.99037,0.00006
39.41000,1.98000,0.01517,0.98480,0.00003
39.61000,1.98000,0.02135,0.97864,0.00001
39.81000,1.98000,0.02732,0.97267,0.00001
40.01000,1.98000,0.07153,0.92846,0.00000
40.21000,1.98000,0.02544,0.97456,0.00000
40.41000,1.98000,0.00726,0.99273,0.00000
40.61000,1.98000,0.00405,0.99594,0.00000
40.81000,1.98000,0.00239,0.99761,0.00000
41.01000,1.98000,0.00168,0.99831,0.00000
41.21000,1.98000,0.00230,0.99770,0.00000
41.41000,1.98000,0.00363,0.99637,0.00000
41.61000,1.98000,0.00653,0.99346,0.00001
41.81000,1.98000,0.01501,0.98498,0.00001
42.01000,1.98000,0.03397,0.96602,0.00001
42.21000,1.98000,0.03503,0.96495,0.00002
42.41000,1.98000,0.03573,0.96424,0.00003
42.61000,1.98000,0.04269,0.95729,0.00002
42.81000,1.98000,0.05690,0.94309,0.00001
43.01000,1.98000,0.06400,0.93599,0.00001
43.21000,1.98000,0.04243,0.95756,0.00000
43.41000,1.98000,0.05858,0.94142,0.00000
43.61000,1.98000,0.03274,0.96726,0.00001
43.81000,1.98000,0.01763,0.98235,0.00001
44.01000,1.98000,0.00256,0.99743,0.00002
44.21000,1.98000,0.00209,0.99790,0.00001
44.41000,1.98000,0.00648,0.99351,0.00001
44.61000,1.98000,0.00537,0.99460,0.00003
44.81000,1.98000,0.00777,0.99220,0.00003
45.01000,1.98000,0.01421,0.98574,0.00006
45.21000,1.98000,0.01849,0.98133,0.00018
45.41000,1.98000,0.02883,0.97108,0.00009
45.61000,1.98000,0.02468,0.97528,0.00003
45.81000,1.98000,0.02800,0.97198,0.00002
46.01000,1.98000,0.01908,0.98091,0.00001
46.21000,1.98000,0.02881,0.97118,0.00001
46.41000,1.98000,0.00592,0.99407,0.00000
46.61000,1.98000,0.00337,0.99662,0.00000
46.81000,1.98000,0.00355,0.99644,0.00001
47.01000,1.98000,0.00274,0.99726,0.00000
47.21000,1.98000,0.00262,0.99737,0.00000
47.41000,1.98000,0.00263,0.99737,0.00000
47.61000,1.98000,0.00422,0.99577,0.00001
47.81000,1.98000,0.01201,0.98798,0.00001
48.01000,1.98000,0.01840,0.98159,0.00001
48.21000,1.98000,0.02145,0.97854,0.00001
48.41000,1.98000,0.02418,0.97580,0.00002
48.61000,1.98000,0.01496,0.98503,0.00002
48.81000,1.98000,0.00498,0.99501,0.00001
49.01000,1.98000,0.00564,0.99435,0.00001
49.21000,1.98000,0.00386,0.99612,0.00002
49.41000,1.98000,0.00395,0.99604,0.00002
49.61000,1.98000,0.00374,0.99625,0.00001
49.81000,1.98000,0.00624,0.99374,0.00003
50.01000,1.98000,0.00690,0.99302,0.00008
50.21000,1.98000,0.01789,0.98205,0.00006
50.41000,1.98000,0.03219,0.96777,0.00005
50.61000,1.98000,0.04553,0.95440,0.00006
50.81000,1.98000,0.04561,0.95422,0.00017
51.01000,1.98000,0.02038,0.97955,0.00007
51.21000,1.98000,0.01022,0.98968,0.00009
51.41000,1.98000,0.00734,0.99259,0.00007
51.61000,1.98000,0.00637,0.99357,0.00006
51.81000,1.98000,0.00535,0.99461,0.00004
52.01000,1.98000,0.00563,0.99432,0.00005
52.21000,1.98000,0.00544,0.99450,0.00006
52.41000,1.98000,0.00821,0.99170,0.00009
52.61000,1.98000,0.02172,0.97824,0.00004
52.81000,1.98000,0.03696,0.96299,0.00004
53.01000,1.98000,0.04187,0.95810,0.00003
53.21000,1.98000,0.03323,0.96673,0.00004
53.41000,1.98000,0.02042,0.97954,0.00004
53.61000,1.98000,0.01362,0.98636,0.00002
53.81000,1.98000,0.00689,0.99309,0.00002
54.01000,1.98000,0.00463,0.99536,0.00002
54.21000,1.98000,0.00435,0.99562,0.00003
54.41000,1.98000,0.00445,0.99551,0.00004
54.61000,1.98000,0.00528,0.99469,0.00003
54.81000,1.98000,0.00500,0.99495,0.00005
55.01000,1.98000,0.01064,0.98930,0.00005
55.21000,1.98000,0.02699,0.97298,0.00003
55.41000,1.98000,0.02932,0.97065,0.00003
55.61000,1.98000,0.02324,0.97673,0.00002
55.81000,1.98000,0.02285,0.97713,0.00003
56.01000,1.98000,0.01047,0.98952,0.00001
56.21000,1.98000,0.00354,0.99646,0.00000
56.41000,1.98000,0.00266,0.99733,0.00000
56.61000,1.98000,0.00387,0.99613,0.00000
56.81000,1.98000,0.00196,0.99804,0.00000
57.01000,1.98000,0.00201,0.99799,0.00000
57.21000,1.98000,0.00204,0.99795,0.00000
57.41000,1.98000,0.00357,0.99642,0.00001
57.61000,1.98000,0.00767,0.99232,0.00001
57.81000,1.98000,0.02014,0.97985,0.00000
58.01000,1.98000,0.04335,0.95664,0.00000
58.21000,1.98000,0.03490,0.96509,0.00000
58.41000,1.98000,0.03780,0.96220,0.00000
58.61000,1.98000,0.00852,0.99147,0.00000
58.81000,1.98000,0.00389,0.99611,0.00000
59.01000,1.98000,0.00198,0.99802,0.00000
59.21000,1.98000,0.00225,0.99775,0.00000
59.41000,1.98000,0.00173,0.99827,0.00000
59.61000,1.98000,0.00175,0.99825,0.00000
59.81000,1.98000,0.00197,0.99803,0.00000
60.01000,1.98000,0.00296,0.99703,0.00001
60.21000,1.98000,0.00599,0.99399,0.00001
60.41000,1.98000,0.01319,0.98680,0.00001
60.61000,1.98000,0.03431,0.96568,0.00001
60.81000,1.98000,0.04773,0.95226,0.00001
61.01000,1.98000,0.07315,0.92683,0.00001
61.21000,1.98000,0.02074,0.97925,0.00001
61.41000,1.98000,0.00815,0.99184,0.00001
61.61000,1.98000,0.00488,0.99511,0.00001
61.81000,1.98000,0.00315,0.99684,0.00001
62.01000,1.98000,0.00464,0.99535,0.00001
62.21000,1.98000,0.00328,0.99670,0.00002
62.41000,1.98000,0.00451,0.99548,0.00001
62.61000,1.98000,0.00474,0.99522,0.00004
62.81000,1.98000,0.00704,0.99291,0.00005
63.01000,1.98000,0.02102,0.97895,0.00003
63.21000,1.98000,0.01646,0.98352,0.00002
63.41000,1.98000,0.01665,0.98334,0.00001
63.61000,1.98000,0.01256,0.98742,0.00002
63.81000,1.98000,0.01098,0.98899,0.00003
64.01000,1.98000,0.00447,0.99552,0.00001
64.21000,1.98000,0.00367,0.99632,0.00001
64.41000,1.98000,0.00321,0.99679,0.00001
64.61000,1.98000,0.00261,0.99738,0.00001
64.81000,1.98000,0.00395,0.99605,0.00000
65.01000,1.98000,0.00293,0.99707,0.00001
65.21000,1.98000,0.00652,0.99347,0.00001
65.41000,1.98000,0.01982,0.98017,0.00001
65.61000,1.98000,0.02551,0.97449,0.00000
65.81000,1.98000,0.04698,0.95302,0.00000
66.01000,1.98000,0.04680,0.95319,0.00001
66.21000,1.98000,0.02366,0.97634,0.00000
66.41000,1.98000,0.00783,0.99216,0.00000
66.61000,1.98000,0.00472,0.99528,0.00000
66.81000,1.98000,0.00316,0.99684,0.00000
67.01000,1.98000,0.00405,0.99595,0.00000
67.21000,1.98000,0.00394,0.99606,0.00000
67.41000,1.98000,0.00305,0.99694,0.00000
67.61000,1.98000,0.00383,0.99617,0.00001
67.81000,1.98000,0.00741,0.99258,0.00001
68.01000,1.98000,0.02242,0.97755,0.00003
68.21000,1.98000,0.05150,0.94847,0.00003
68.41000,1.98000,0.06817,0.93180,0.00003
68.61000,1.98000,0.08976,0.91017,0.00007
68.81000,1.98000,0.10819,0.89158,0.00024
69.01000,1.98000,0.04309,0.95601,0.00090
69.21000,1.98000,0.11002,0.88034,0.00964
69.41000,1.98000,0.11637,0.86028,0.02335
69.61000,1.98000,0.14608,0.81695,0.03697
69.81000,1.98000,0.06816,0.92220,0.00964
70.01000,1.98000,0.04617,0.94613,0.00770
70.21000,1.98000,0.02221,0.96811,0.00968
70.41000,1.98000,0.01795,0.97793,0.00411
70.61000,1.98000,0.05670,0.93997,0.00333
70.81000,1.98000,0.06043,0.93745,0.00212
71.01000,1.98000,0.01157,0.98823,0.00020
71.21000,1.98000,0.00732,0.99262,0.00006
71.41000,1.98000,0.00411,0.99586,0.00004
71.61000,1.98000,0.00235,0.99762,0.00003
71.81000,1.98000,0.00478,0.99514,0.00008
72.01000,1.98000,0.00895,0.99083,0.00021
72.21000,1.98000,0.01477,0.98496,0.00027
72.41000,1.98000,0.01689,0.98298,0.00013
72.61000,1.98000,0.00509,0.99482,0.00009
72.81000,1.98000,0.00395,0.99599,0.00007
73.01000,1.98000,0.00387,0.99609,0.00004
73.21000,1.98000,0.00349,0.99649,0.00002
73.41000,1.98000,0.00915,0.99080,0.00005
73.61000,1.98000,0.01060,0.98937,0.00003
73.81000,1.98000,0.00659,0.99339,0.00002
74.01000,1.98000,0.00581,0.99414,0.00005
74.21000,1.98000,0.01143,0.98836,0.00021
74.41000,1.98000,0.02694,0.97224,0.00081
74.61000,1.98000,0.04123,0.95702,0.00175
74.81000,1.98000,0.05979,0.93797,0.00224
75.01000,1.98000,0.05806,0.94004,0.00190
75.21000,1.98000,0.02286,0.97659,0.00054
75.41000,1.98000,0.01457,0.98492,0.00050
75.61000,1.98000,0.01350,0.98620,0.00030
75.81000,1.98000,0.01607,0.98382,0.00011
76.01000,1.98000,0.01925,0.98070,0.00005
76.21000,1.98000,0.02136,0.97861,0.00003
76.41000,1.98000,0.01096,0.98900,0.00004
76.61000,1.98000,0.00531,0.99462,0.00008
76.81000,1.98000,0.00378,0.99610,0.00012
77.01000,1.98000,0.01247,0.98686,0.00068
77.21000,1.98000,0.01959,0.97884,0.00157
77.41000,1.98000,0.02202,0.97681,0.00117
77.61000,1.98000,0.01550,0.98336,0.00113
77.81000,1.98000,0.00831,0.99131,0.00038
78.01000,1.98000,0.00339,0.99635,0.00026
78.21000,1.98000,0.00303,0.99690,0.00007
78.41000,1.98000,0.00856,0.99130,0.00014
78.61000,1.98000,0.01776,0.98190,0.00034
78.81000,1.98000,0.02357,0.97597,0.00046
79.01000,1.98000,0.01366,0.98607,0.00027
79.21000,1.98000,0.01390,0.98559,0.00052
79.41000,1.98000,0.01095,0.98855,0.00050
79.61000,1.98000,0.00983,0.98980,0.00037
79.81000,1.98000,0.01830,0.98076,0.00094
80.01000,1.98000,0.02638,0.97107,0.00255
80.21000,1.98000,0.02732,0.96589,0.00678
80.41000,1.98000,0.03000,0.96314,0.00686
80.61000,1.98000,0.03846,0.95704,0.00450
80.81000,1.98000,0.02339,0.97600,0.00061
81.01000,1.98000,0.02062,0.97882,0.00056
81.21000,1.98000,0.01938,0.98031,0.00030
81.41000,1.98000,0.02412,0.97558,0.00030
81.61000,1.98000,0.02978,0.96991,0.00031
81.81000,1.98000,0.02719,0.97228,0.00052
82.01000,1.98000,0.02202,0.97727,0.00071
82.21000,1.98000,0.01321,0.98632,0.00047
82.41000,1.98000,0.01253,0.98721,0.00026
82.61000,1.98000,0.01453,0.98506,0.00040
82.81000,1.98000,0.01847,0.98123,0.00030
83.01000,1.98000,0.01772,0.98199,0.00029
83.21000,1.98000,0.02055,0.97916,0.00030
83.41000,1.98000,0.01144,0.98842,0.00014
83.61000,1.98000,0.00986,0.99002,0.00013
83.81000,1.98000,0.01485,0.98501,0.00014
84.01000,1.98000,0.01603,0.98387,0.00010
84.21000,1.98000,0.00583,0.99414,0.00003
84.41000,1.98000,0.00883,0.99113,0.00004
84.61000,1.98000,0.01322,0.98655,0.00023
84.81000,1.98000,0.02593,0.97344,0.00063
85.01000,1.98000,0.02787,0.97138,0.00075
85.21000,1.98000,0.02400,0.97528,0.00072
85.41000,1.98000,0.01809,0.98144,0.00047
85.61000,1.98000,0.00812,0.99157,0.00031
85.81000,1.98000,0.01029,0.98945,0.00026
86.01000,1.98000,0.03396,0.96581,0.00023
86.21000,1.98000,0.23361,0.76626,0.00013
86.41000,1.98000,0.11715,0.88279,0.00006
86.61000,1.98000,0.07420,0.92576,0.00004
86.81000,1.98000,0.06984,0.93009,0.00007
87.01000,1.98000,0.07674,0.92309,0.00017
87.21000,1.98000,0.14818,0.85126,0.00055
87.41000,1.98000,0.22538,0.77307,0.00156
87.61000,1.98000,0.24856,0.74983,0.00161
87.81000,1.98000,0.26186,0.73757,0.00057
88.01000,1.98000,0.18731,0.81251,0.00017
88.21000,1.98000,0.02889,0.97102,0.00010
88.41000,1.98000,0.00777,0.99215,0.00007
88.61000,1.98000,0.01784,0.98211,0.00005
88.81000,1.98000,0.02410,0.97580,0.00010
89.01000,1.98000,0.03445,0.96546,0.00009
89.21000,1.98000,0.01701,0.98293,0.00006
89.41000,1.98000,0.00831,0.99165,0.00004
89.61000,1.98000,0.01739,0.98251,0.00011
89.81000,1.98000,0.02427,0.97523,0.00051
90.01000,1.98000,0.03849,0.96058,0.00093
90.21000,1.98000,0.04636,0.95299,0.00065
90.41000,1.98000,0.06046,0.93913,0.00041
90.61000,1.98000,0.01607,0.98377,0.00016
90.81000,1.98000,0.00739,0.99250,0.00011
91.01000,1.98000,0.01215,0.98778,0.00007
91.21000,1.98000,0.01572,0.98422,0.00006
91.41000,1.98000,0.02416,0.97576,0.00008
91.61000,1.98000,0.01472,0.98523,0.00005
91.81000,1.98000,0.00831,0.99161,0.00008
92.01000,1.98000,0.01384,0.98577,0.00039
92.21000,1.98000,0.02104,0.97825,0.00070
92.41000,1.98000,0.02633,0.97313,0.00054
92.61000,1.98000,0.02936,0.97023,0.00041
92.81000,1.98000,0.02026,0.97956,0.00017
93.01000,1.98000,0.00815,0.99179,0.00006
93.21000,1.98000,0.00718,0.99273,0.00009
93.41000,1.98000,0.00513,0.99480,0.00007
93.61000,1.98000,0.00675,0.99322,0.00003
93.81000,1.98000,0.00956,0.99041,0.00003
94.01000,1.98000,0.00718,0.99279,0.00003
94.21000,1.98000,0.01335,0.98656,0.00009
94.41000,1.98000,0.02599,0.97370,0.00031
94.61000,1.98000,0.05797,0.94051,0.00152
94.81000,1.98000,0.14462,0.84946,0.00592
95.01000,1.98000,0.22722,0.76591,0.00688
95.21000,1.98000,0.15216,0.84190,0.00594
95.41000,1.98000,0.12879,0.86592,0.00529
95.61000,1.98000,0.06283,0.93423,0.00294
95.81000,1.98000,0.02321,0.97621,0.00058
96.01000,1.98000,0.02966,0.96944,0.00089
96.21000,1.98000,0.00939,0.99037,0.00024
96.41000,1.98000,0.00601,0.99385,0.00014
96.61000,1.98000,0.00688,0.99306,0.00006
96.81000,1.98000,0.00471,0.99523,0.00006
97.01000,1.98000,0.01104,0.98877,0.00019
97.21000,1.98000,0.01302,0.98635,0.00063
97.41000,1.98000,0.02229,0.97658,0.00112
97.61000,1.98000,0.03191,0.96654,0.00155
97.81000,1.98000,0.01832,0.98096,0.00072
98.01000,1.98000,0.00870,0.99090,0.00039
98.21000,1.98000,0.00868,0.99096,0.00036
98.41000,1.98000,0.02632,0.97292,0.00076
98.61000,1.98000,0.01331,0.98619,0.00050
98.81000,1.98000,0.00570,0.99416,0.00014
99.01000,1.98000,0.00251,0.99742,0.00007
99.21000,1.98000,0.00081,0.99916,0.00003
99.41000,1.98000,0.00054,0.99944,0.00002
99.61000,1.98000,0.00081,0.99914,0.00004
99.81000,1.98000,0.00443,0.99538,0.00019
100.01000,1.98000,0.00642,0.99273,0.00084
100.21000,1.98000,0.01273,0.98657,0.00070
100.41000,1.98000,0.00501,0.99453,0.00046
100.61000,1.98000,0.00530,0.99433,0.00037
100.81000,1.98000,0.00723,0.99236,0.00041
101.01000,1.98000,0.02173,0.97733,0.00095
101.21000,1.98000,0.03625,0.96262,0.00113
101.41000,1.98000,0.04175,0.95741,0.00083
101.61000,1.98000,0.05253,0.94710,0.00038
101.81000,1.98000,0.01348,0.98637,0.00015
102.01000,1.98000,0.00514,0.99482,0.00004
102.21000,1.98000,0.01353,0.98640,0.00007
102.41000,1.98000,0.01443,0.98540,0.00018
102.61000,1.98000,0.01398,0.98577,0.00024
102.81000,1.98000,0.00734,0.99256,0.00011
103.01000,1.98000,0.00471,0.99525,0.00004
103.21000,1.98000,0.02123,0.97867,0.00010
103.41000,1.98000,0.02033,0.97938,0.00029
103.61000,1.98000,0.01442,0.98526,0.00033
103.81000,1.98000,0.01781,0.98165,0.00055
104.01000,1.98000,0.02039,0.97938,0.00023
104.21000,1.98000,0.00624,0.99365,0.00012
104.41000,1.98000,0.00775,0.99210,0.00015
104.61000,1.98000,0.01018,0.98962,0.00020
104.81000,1.98000,0.01185,0.98798,0.00016
105.01000,1.98000,0.00974,0.99020,0.00006
105.21000,1.98000,0.00884,0.99113,0.00003
105.41000,1.98000,0.01668,0.98326,0.00006
105.61000,1.98000,0.04536,0.95448,0.00016
105.81000,1.98000,0.03391,0.96594,0.00015
106.01000,1.98000,0.04912,0.95079,0.00010
106.21000,1.98000,0.02138,0.97854,0.00008
106.41000,1.98000,0.01665,0.98328,0.00007
106.61000,1.98000,0.02541,0.97445,0.00014
106.81000,1.98000,0.04227,0.95731,0.00043
107.01000,1.98000,0.02756,0.97221,0.00023
107.21000,1.98000,0.02468,0.97526,0.00006
107.41000,1.98000,0.01197,0.98801,0.00001
107.61000,1.98000,0.01883,0.98115,0.00001
107.81000,1.98000,0.01450,0.98546,0.00004
108.01000,1.98000,0.01078,0.98919,0.00003
108.21000,1.98000,0.00837,0.99160,0.00003
108.41000,1.98000,0.01243,0.98754,0.00002
108.61000,1.98000,0.00377,0.99622,0.00001
108.81000,1.98000,0.00448,0.99551,0.00001
109.01000,1.98000,0.00485,0.99513,0.00002
109.21000,1.98000,0.00665,0.99321,0.00014
109.41000,1.98000,0.00536,0.99453,0.00011
109.61000,1.98000,0.00351,0.99645,0.00003
109.81000,1.98000,0.00391,0.99608,0.00001
110.01000,1.98000,0.00757,0.99237,0.00005
110.21000,1.98000,0.01141,0.98849,0.00010
110.41000,1.98000,0.01239,0.98746,0.00014
110.61000,1.98000,0.01704,0.98285,0.00011
110.81000,1.98000,0.01311,0.98680,0.00009
111.01000,1.98000,0.00431,0.99566,0.00004
111.21000,1.98000,0.00296,0.99701,0.00003
111.41000,1.98000,0.00325,0.99671,0.00004
111.61000,1.98000,0.00502,0.99488,0.00010
111.81000,1.98000,0.00543,0.99442,0.00016
112.01000,1.98000,0.00270,0.99727,0.00004
112.21000,1.98000,0.00157,0.99842,0.00002
112.41000,1.98000,0.00220,0.99779,0.00001
112.61000,1.98000,0.00496,0.99502,0.00002
112.81000,1.98000,0.01873,0.98119,0.00008
113.01000,1.98000,0.03933,0.96052,0.00014
113.21000,1.98000,0.03256,0.96728,0.00016
113.41000,1.98000,0.01513,0.98475,0.00012
113.61000,1.98000,0.00745,0.99250,0.00005
113.81000,1.98000,0.00703,0.99292,0.00005
114.01000,1.98000,0.00770,0.99222,0.00008
114.21000,1.98000,0.01386,0.98585,0.00028
114.41000,1.98000,0.01438,0.98542,0.00020
114.61000,1.98000,0.01314,0.98678,0.00008
114.81000,1.98000,0.00953,0.99043,0.00004
115.01000,1.98000,0.00318,0.99680,0.00002
115.21000,1.98000,0.00793,0.99204,0.00002
115.41000,1.98000,0.01591,0.98404,0.00005
115.61000,1.98000,0.09193,0.90794,0.00013
115.81000,1.98000,0.08646,0.91327,0.00027
116.01000,1.98000,0.08371,0.91616,0.00013
116.21000,1.98000,0.03674,0.96319,0.00007
116.41000,1.98000,0.01761,0.98234,0.00005
116.61000,1.98000,0.01183,0.98813,0.00004
116.81000,1.98000,0.01633,0.98358,0.00009
117.01000,1.98000,0.02713,0.97265,0.00022
117.21000,1.98000,0.03404,0.96572,0.00024
117.41000,1.98000,0.01311,0.98681,0.00008
117.61000,1.98000,0.00214,0.99784,0.00002
117.81000,1.98000,0.00282,0.99715,0.00003
118.01000,1.98000,0.00590,0.99402,0.00008
118.21000,1.98000,0.01926,0.98060,0.00014
118.41000,1.98000,0.03651,0.96313,0.00036
118.61000,1.98000,0.05355,0.94591,0.00054
118.81000,1.98000,0.04130,0.95845,0.00025
119.01000,1.98000,0.01083,0.98903,0.00014
119.21000,1.98000,0.00724,0.99264,0.00012
119.41000,1.98000,0.01050,0.98919,0.00031
119.61000,1.98000,0.01304,0.98512,0.00185
119.81000,1.98000,0.01135,0.98780,0.00085
120.01000,1.98000,0.01082,0.98893,0.00026
120.21000,1.98000,0.00644,0.99350,0.00007
120.41000,1.98000,0.00337,0.99659,0.00004
120.61000,1.98000,0.01241,0.98748,0.00011
120.81000,1.98000,0.07302,0.92674,0.00024
121.01000,1.98000,0.07396,0.92579,0.00026
121.21000,1.98000,0.06231,0.93752,0.00017
121.41000,1.98000,0.02327,0.97667,0.00006
121.61000,1.98000,0.01285,0.98713,0.00002
121.81000,1.98000,0.00892,0.99105,0.00003
122.01000,1.98000,0.00687,0.99306,0.00007
122.21000,1.98000,0.00943,0.99018,0.00039
122.41000,1.98000,0.01228,0.98743,0.00029
122.61000,1.98000,0.00584,0.99410,0.00005
122.81000,1.98000,0.00201,0.99797,0.00002
123.01000,1.98000,0.00612,0.99385,0.00004
123.21000,1.98000,0.01050,0.98934,0.00016
123.41000,1.98000,0.01181,0.98798,0.00021
123.61000,1.98000,0.01267,0.98706,0.00027
123.81000,1.98000,0.01523,0.98450,0.00027
124.01000,1.98000,0.01810,0.98168,0.00022
124.21000,1.98000,0.01107,0.98867,0.00026
124.41000,1.98000,0.01060,0.98909,0.00031
124.61000,1.98000,0.00703,0.99270,0.00028
124.81000,1.98000,0.00605,0.99380,0.00015
125.01000,1.98000,0.00733,0.99254,0.00013
125.21000,1.98000,0.01970,0.97997,0.00033
125.41000,1.98000,0.02109,0.97856,0.00035
125.61000,1.98000,0.02134,0.97825,0.00041
125.81000,1.98000,0.03084,0.96884,0.00032
126.01000,1.98000,0.01581,0.98409,0.00010
126.21000,1.98000,0.02182,0.97803,0.00015
126.41000,1.98000,0.05323,0.94578,0.00099
126.61000,1.98000,0.06449,0.93193,0.00358
126.81000,1.98000,0.03169,0.96713,0.00118
127.01000,1.98000,0.01903,0.98077,0.00020
127.21000,1.98000,0.01657,0.98336,0.00007
127.41000,1.98000,0.02792,0.97192,0.00016
127.61000,1.98000,0.01918,0.98043,0.00039
127.81000,1.98000,0.01017,0.98957,0.00026
128.00999,1.98001,0.01142,0.98844,0.00015
128.21001,1.98000,0.00464,0.99531,0.00005
128.41000,1.98000,0.00268,0.99730,0.00002
128.61000,1.98000,0.00454,0.99541,0.00005
128.81000,1.98000,0.00637,0.99335,0.00028
129.00999,1.98001,0.00651,0.99279,0.00070
129.21001,1.98000,0.00521,0.99458,0.00021
129.41000,1.98000,0.00291,0.99701,0.00008
129.61000,1.98000,0.00626,0.99353,0.00021
129.81000,1.98000,0.01253,0.98685,0.00062
130.00999,1.98001,0.02120,0.97731,0.00149
130.21001,1.98000,0.02775,0.96908,0.00316
130.41000,1.98000,0.05912,0.93424,0.00664
130.61000,1.98000,0.07902,0.91368,0.00730
130.81000,1.98000,0.08042,0.91607,0.00351
131.00999,1.98001,0.14378,0.84444,0.01178
131.21001,1.98000,0.23359,0.74408,0.02233
131.41000,1.98000,0.28717,0.70330,0.00953
131.61000,1.98000,0.16946,0.82600,0.00453
131.81000,1.98000,0.19495,0.79439,0.01066
132.00999,1.98001,0.28068,0.69981,0.01952
132.21001,1.98000,0.23154,0.75822,0.01025
132.41000,1.98000,0.04389,0.95567,0.00045
132.61000,1.98000,0.03016,0.96961,0.00023
132.81000,1.98000,0.01617,0.98366,0.00017
133.00999,1.98001,0.02548,0.97340,0.00111
133.21001,1.98000,0.03245,0.96451,0.00304
133.41000,1.98000,0.04100,0.95065,0.00835
133.61000,1.98000,0.02140,0.97755,0.00105
133.81000,1.98000,0.01192,0.98799,0.00009
134.00999,1.98001,0.01947,0.98048,0.00005
134.21001,1.98000,0.05754,0.94236,0.00010
134.41000,1.98000,0.14562,0.85360,0.00078
134.61000,1.98000,0.10174,0.89788,0.00038
134.81000,1.98000,0.06508,0.93479,0.00013
135.00999,1.98001,0.10927,0.89065,0.00007
135.21001,1.98000,0.13260,0.86737,0.00004
135.41000,1.98000,0.12349,0.87612,0.00038
135.61000,1.98000,0.17503,0.82283,0.00214
135.81000,1.98000,0.15558,0.84313,0.00129
136.00999,1.98001,0.15027,0.84906,0.00067
136.21001,1.98000,0.08063,0.91918,0.00019
136.41000,1.98000,0.14692,0.85286,0.00022
136.61000,1.98000,0.25139,0.74667,0.00193
136.81000,1.98000,0.22514,0.77370,0.00116
137.00999,1.98001,0.07123,0.92860,0.00017
137.21001,1.98000,0.01066,0.98931,0.00003
137.41000,1.98000,0.00598,0.99401,0.00001
137.61000,1.98000,0.00947,0.99051,0.00002
137.81000,1.98000,0.01109,0.98876,0.00016
138.00999,1.98001,0.01414,0.98543,0.00042
138.21001,1.98000,0.01268,0.98727,0.00005
138.41000,1.98000,0.00663,0.99336,0.00001
138.61000,1.98000,0.00338,0.99662,0.00000
138.81000,1.98000,0.01141,0.98858,0.00001
139.00999,1.98001,0.04655,0.95342,0.00002
139.21001,1.98000,0.07714,0.92277,0.00009
139.41000,1.98000,0.06342,0.93652,0.00005
139.61000,1.98000,0.03445,0.96553,0.00001
139.81000,1.98000,0.02695,0.97304,0.00001
140.00999,1.98001,0.04681,0.95315,0.00004
140.21001,1.98000,0.04007,0.95980,0.00014
140.41000,1.98000,0.05717,0.94253,0.00030
140.61000,1.98000,0.05021,0.94962,0.00017
140.81000,1.98000,0.04547,0.95452,0.00001
141.00999,1.98001,0.01240,0.98760,0.00000
141.21001,1.98000,0.02030,0.97970,0.00000
141.41000,1.98000,0.04492,0.95506,0.00002
141.61000,1.98000,0.03530,0.96469,0.00001
141.81000,1.98000,0.04052,0.95948,0.00000
142.00999,1.98001,0.01894,0.98106,0.00000
142.21001,1.98000,0.02437,0.97562,0.00001
142.41000,1.98000,0.03078,0.96919,0.00002
142.61000,1.98000,0.04551,0.95443,0.00006
142.81000,1.98000,0.07483,0.92493,0.00024
143.00999,1.98001,0.03885,0.96102,0.00012
143.21001,1.98000,0.04033,0.95958,0.00008
143.41000,1.98000,0.02936,0.97058,0.00006
143.61000,1.98000,0.05457,0.94532,0.00011
143.81000,1.98000,0.06077,0.93898,0.00025
144.00999,1.98001,0.06612,0.93360,0.00029
144.21001,1.98000,0.06323,0.93647,0.00031
144.41000,1.98000,0.04452,0.95524,0.00024
144.61000,1.98000,0.05715,0.94191,0.00094
144.81000,1.98000,0.12199,0.87537,0.00264
145.00999,1.98001,0.08359,0.91428,0.00213
145.21001,1.98000,0.03998,0.95946,0.00056
145.41000,1.98000,0.02751,0.97211,0.00038
145.61000,1.98000,0.03553,0.96394,0.00053
145.81000,1.98000,0.02348,0.97647,0.00005
146.00999,1.98001,0.01216,0.98783,0.00001
146.21001,1.98000,0.01142,0.98858,0.00000
146.41000,1.98000,0.01318,0.98681,0.00001
146.61000,1.98000,0.01190,0.98810,0.00000
146.81000,1.98000,0.00704,0.99295,0.00000
147.00999,1.98001,0.00264,0.99736,0.00000
147.21001,1.98000,0.00197,0.99803,0.00000
147.41000,1.98000,0.00267,0.99733,0.00000
147.61000,1.98000,0.00348,0.99652,0.00001
147.81000,1.98000,0.00406,0.99593,0.00001
148.00999,1.98001,0.00478,0.99521,0.00001
148.21001,1.98000,0.00743,0.99253,0.00004
148.41000,1.98000,0.00459,0.99539,0.00002
148.61000,1.98000,0.00708,0.99290,0.00003
148.81000,1.98000,0.02966,0.97021,0.00013
149.00999,1.98001,0.10165,0.89787,0.00049
149.21001,1.98000,0.09380,0.90606,0.00014
149.41000,1.98000,0.05842,0.94154,0.00004
149.61000,1.98000,0.09790,0.90200,0.00010
149.81000,1.98000,0.17192,0.82718,0.00090
150.00999,1.98001,0.08896,0.91076,0.00028
150.21001,1.98000,0.07144,0.92848,0.00008
150.41000,1.98000,0.04934,0.95059,0.00007
150.61000,1.98000,0.06994,0.92992,0.00014
150.81000,1.98000,0.05666,0.94324,0.00010
151.00999,1.98001,0.05098,0.94897,0.00005
151.21001,1.98000,0.04693,0.95301,0.00006
151.41000,1.98000,0.05310,0.94687,0.00003
151.61000,1.98000,0.03847,0.96150,0.00004
151.81000,1.98000,0.03571,0.96426,0.00003
152.00999,1.98001,0.02607,0.97391,0.00002
152.21001,1.98000,0.13601,0.86365,0.00034
152.41000,1.98000,0.11726,0.88264,0.00010
152.61000,1.98000,0.12139,0.87850,0.00011
152.81000,1.98000,0.17482,0.82478,0.00040
153.00999,1.98001,0.15539,0.84371,0.00090
153.21001,1.98000,0.07434,0.92462,0.00104
153.41000,1.98000,0.05187,0.94768,0.00045
153.61000,1.98000,0.04895,0.95084,0.00021
153.81000,1.98000,0.09417,0.90524,0.00059
154.00999,1.98001,0.04057,0.95937,0.00006
154.21001,1.98000,0.03086,0.96911,0.00003
154.41000,1.98000,0.06173,0.93795,0.00032
154.61000,1.98000,0.01464,0.98532,0.00005
154.81000,1.98000,0.00920,0.99078,0.00001
155.00999,1.98001,0.02247,0.97749,0.00003
155.21001,1.98000,0.05351,0.94642,0.00008
155.41000,1.98000,0.04528,0.95455,0.00017
155.61000,1.98000,0.04190,0.95799,0.00011
155.81000,1.98000,0.05149,0.94833,0.00018
156.00999,1.98001,0.06556,0.93420,0.00024
156.21001,1.98000,0.03381,0.96616,0.00003
156.41000,1.98000,0.06386,0.93610,0.00004
156.61000,1.98000,0.16799,0.83178,0.00023
156.81000,1.98000,0.14632,0.85347,0.00022
157.00999,1.98001,0.10590,0.89400,0.00010
157.21001,1.98000,0.06019,0.93978,0.00003
157.41000,1.98000,0.04123,0.95875,0.00002
157.61000,1.98000,0.04673,0.95325,0.00002
157.81000,1.98000,0.06447,0.93550,0.00003
158.00999,1.98001,0.07655,0.92340,0.00004
158.21001,1.98000,0.08904,0.91094,0.00002
158.41000,1.98000,0.05162,0.94838,0.00000
158.61000,1.98000,0.06043,0.93957,0.00000
158.81000,1.98000,0.10355,0.89644,0.00001
159.00999,1.98001,0.14954,0.85043,0.00003
159.21001,1.98000,0.08599,0.91399,0.00003
159.41000,1.98000,0.05870,0.94128,0.00002
159.61000,1.98000,0.03019,0.96980,0.00001
159.81000,1.98000,0.02068,0.97931,0.00001
160.00999,1.98001,0.01452,0.98547,0.00001
160.21001,1.98000,0.01934,0.98063,0.00003
160.41000,1.98000,0.02199,0.97796,0.00005
160.61000,1.98000,0.02493,0.97503,0.00003
160.81000,1.98000,0.02352,0.97644,0.00004
161.00999,1.98001,0.04809,0.95182,0.00010
161.21001,1.98000,0.07364,0.92621,0.00015
161.41000,1.98000,0.05177,0.94811,0.00012
161.61000,1.98000,0.04024,0.95966,0.00009
161.81000,1.98000,0.05579,0.94416,0.00005
162.00999,1.98001,0.03533,0.96457,0.00010
162.21001,1.98000,0.02695,0.97301,0.00004
162.41000,1.98000,0.02835,0.97161,0.00004
162.61000,1.98000,0.04241,0.95757,0.00002
162.81000,1.98000,0.02634,0.97363,0.00003
163.00999,1.98001,0.03821,0.96169,0.00010
163.21001,1.98000,0.07489,0.92489,0.00022
163.41000,1.98000,0.05782,0.94197,0.00020
163.61000,1.98000,0.04786,0.95196,0.00018
163.81000,1.98000,0.04756,0.95223,0.00022
164.00999,1.98001,0.14460,0.85496,0.00045
164.21001,1.98000,0.07329,0.92625,0.00046
164.41000,1.98000,0.06086,0.93889,0.00024
164.61000,1.98000,0.05240,0.94757,0.00003
164.81000,1.98000,0.05623,0.94376,0.00001
165.00999,1.98001,0.05389,0.94608,0.00002
165.21001,1.98000,0.10816,0.89180,0.00004
165.41000,1.98000,0.09214,0.90782,0.00004
165.61000,1.98000,0.11753,0.88244,0.00003
165.81000,1.98000,0.14385,0.85614,0.00001
166.00999,1.98001,0.06661,0.93337,0.00002
166.21001,1.98000,0.06900,0.93093,0.00007
166.41000,1.98000,0.08431,0.91554,0.00015
166.61000,1.98000,0.14313,0.85649,0.00038
166.81000,1.98000,0.08879,0.91098,0.00023
167.00999,1.98001,0.10332,0.89628,0.00040
167.21001,1.98000,0.14120,0.85828,0.00052
167.41000,1.98000,0.10326,0.89634,0.00039
167.61000,1.98000,0.08929,0.91036,0.00035
167.81000,1.98000,0.10276,0.89699,0.00025
168.00999,1.98001,0.07599,0.92352,0.00048
168.21001,1.98000,0.09163,0.90698,0.00139
168.41000,1.98000,0.10712,0.89024,0.00264
168.61000,1.98000,0.15259,0.84639,0.00101
168.81000,1.98000,0.11305,0.88497,0.00197
169.00999,1.98001,0.16818,0.82917,0.00265
169.21001,1.98000,0.27408,0.70967,0.01624
169.41000,1.98000,0.31338,0.67685,0.00977
169.61000,1.98000,0.32972,0.66284,0.00744
169.81000,1.98000,0.30205,0.69603,0.00192
170.00999,1.98001,0.21392,0.78580,0.00028
170.21001,1.98000,0.16356,0.83638,0.00006
170.41000,1.98000,0.12263,0.87730,0.00007
170.61000,1.98000,0.08712,0.91283,0.00005
170.81000,1.98000,0.07561,0.92436,0.00004
171.00999,1.98001,0.06015,0.93980,0.00005
171.21001,1.98000,0.06647,0.93345,0.00008
171.41000,1.98000,0.04901,0.95045,0.00054
171.61000,1.98000,0.06143,0.93541,0.00316
171.81000,1.98000,0.07333,0.91562,0.01106
172.00999,1.98001,0.12657,0.73100,0.14243
172.21001,1.98000,0.10405,0.64274,0.25321
172.41000,1.98000,0.07391,0.47305,0.45305
172.61000,1.98000,0.04063,0.51914,0.44023
172.81000,1.98000,0.05084,0.71762,0.23154
173.00999,1.98001,0.05635,0.76821,0.17543
173.21001,1.98000,0.03159,0.93615,0.03226
173.41000,1.98000,0.02090,0.96777,0.01132
173.61000,1.98000,0.01440,0.98301,0.00259
173.81000,1.98000,0.00846,0.99073,0.00080
174.00999,1.98001,0.00510,0.99478,0.00011
174.21001,1.98000,0.00458,0.99541,0.00001
174.41000,1.98000,0.00545,0.99454,0.00001
174.61000,1.98000,0.00222,0.99778,0.00000
174.81000,1.98000,0.00134,0.99866,0.00000
175.00999,1.98001,0.00110,0.99890,0.00000
175.21001,1.98000,0.00244,0.99755,0.00001
175.41000,1.98000,0.00248,0.99751,0.00001
175.61000,1.98000,0.00329,0.99669,0.00001
175.81000,1.98000,0.00306,0.99693,0.00001
176.00999,1.98001,0.00250,0.99749,0.00001
176.21001,1.98000,0.00367,0.99632,0.00001
176.41000,1.98000,0.00586,0.99412,0.00002
176.61000,1.98000,0.00829,0.99168,0.00003
176.81000,1.98000,0.00710,0.99286,0.00004
177.00999,1.98001,0.00313,0.99686,0.00002
177.21001,1.98000,0.00622,0.99374,0.00005
177.41000,1.98000,0.00886,0.99103,0.00011
177.61000,1.98000,0.00734,0.99259,0.00007
177.81000,1.98000,0.00855,0.99141,0.00005
178.00999,1.98001,0.00577,0.99421,0.00002
178.21001,1.98000,0.00261,0.99738,0.00001
178.41000,1.98000,0.00462,0.99537,0.00002
178.61000,1.98000,0.00915,0.99082,0.00003
178.81000,1.98000,0.00577,0.99421,0.00001
179.00999,1.98001,0.01264,0.98734,0.00002
179.21001,1.98000,0.01143,0.98854,0.00003
179.41000,1.98000,0.01373,0.98620,0.00007
179.61000,1.98000,0.01514,0.98475,0.00011
179.81000,1.98000,0.02821,0.97163,0.00017
180.00999,1.98001,0.03848,0.96135,0.00017
180.21001,1.98000,0.03158,0.96829,0.00013
180.41000,1.98000,0.03144,0.96830,0.00025
180.61000,1.98000,0.05006,0.94964,0.00030
180.81000,1.98000,0.04271,0.95672,0.00058
181.00999,1.98001,0.02556,0.97432,0.00011
181.21001,1.98000,0.02300,0.97695,0.00005
181.41000,1.98000,0.01402,0.98595,0.00003
181.61000,1.98000,0.00894,0.99104,0.00002
181.81000,1.98000,0.01550,0.98446,0.00004
182.00999,1.98001,0.03191,0.96791,0.00019
182.21001,1.98000,0.03201,0.96772,0.00027
182.41000,1.98000,0.04563,0.95429,0.00008
182.61000,1.98000,0.03674,0.96318,0.00008
182.81000,1.98000,0.05196,0.94794,0.00010
183.00999,1.98001,0.05570,0.94417,0.00013
183.21001,1.98000,0.08645,0.91337,0.00017
183.41000,1.98000,0.08647,0.91334,0.00018
183.61000,1.98000,0.13779,0.86178,0.00043
183.81000,1.98000,0.08066,0.91905,0.00029
184.00999,1.98001,0.05518,0.94464,0.00018
184.21001,1.98000,0.07063,0.92901,0.00036
184.41000,1.98000,0.09489,0.90478,0.00033
184.61000,1.98000,0.10372,0.89570,0.00058
184.81000,1.98000,0.06563,0.93401,0.00036
185.00999,1.98001,0.03250,0.96727,0.00023
185.21001,1.98000,0.07877,0.92033,0.00090
185.41000,1.98000,0.06730,0.93196,0.00074
185.61000,1.98000,0.07034,0.92910,0.00056
185.81000,1.98000,0.08448,0.91511,0.00041
186.00999,1.98001,0.11439,0.88483,0.00078
186.21001,1.98000,0.10428,0.89438,0.00134
186.41000,1.98000,0.12981,0.86722,0.00298
186.61000,1.98000,0.20082,0.79008,0.00910
186.81000,1.98000,0.24818,0.74136,0.01046
187.00999,1.98001,0.10958,0.88667,0.00375
187.21001,1.98000,0.04427,0.95488,0.00085
187.41000,1.98000,0.03914,0.95997,0.00089
187.61000,1.98000,0.04168,0.95762,0.00070
187.81000,1.98000,0.02379,0.97539,0.00082
188.00999,1.98001,0.01582,0.98325,0.00092
188.21001,1.98000,0.00959,0.99002,0.00040
188.41000,1.98000,0.00742,0.99243,0.00015
188.61000,1.98000,0.00607,0.99376,0.00017
188.81000,1.98000,0.00646,0.99333,0.00021
189.00999,1.98001,0.00576,0.99401,0.00023
189.21001,1.98000,0.00855,0.99126,0.00019
189.41000,1.98000,0.01316,0.98650,0.00034
189.61000,1.98000,0.00446,0.99516,0.00037
189.81000,1.98000,0.00441,0.99443,0.00116
190.00999,1.98001,0.00286,0.99682,0.00032
190.21001,1.98000,0.00280,0.99701,0.00019
190.41000,1.98000,0.00216,0.99768,0.00016
190.61000,1.98000,0.00206,0.99783,0.00011
190.81000,1.98000,0.00293,0.99689,0.00018
191.00999,1.98001,0.00701,0.99275,0.00024
191.21001,1.98000,0.00618,0.99356,0.00026
191.41000,1.98000,0.00416,0.99555,0.00028
191.61000,1.98000,0.00857,0.99105,0.00038
191.81000,1.98000,0.01422,0.98568,0.00010
192.00999,1.98001,0.00531,0.99459,0.00009
192.21001,1.98000,0.00430,0.99560,0.00010
192.41000,1.98000,0.00543,0.99449,0.00008
192.61000,1.98000,0.00938,0.99055,0.00007
192.81000,1.98000,0.02930,0.97067,0.00004
193.00999,1.98001,0.01671,0.98328,0.00002
193.21001,1.98000,0.02280,0.97717,0.00003
193.41000,1.98000,0.01843,0.98155,0.00002
193.61000,1.98000,0.00938,0.99061,0.00001
193.81000,1.98000,0.00983,0.99015,0.00002
194.00999,1.98001,0.01975,0.98020,0.00005
194.21001,1.98000,0.02237,0.97758,0.00005
194.41000,1.98000,0.01610,0.98386,0.00004
194.61000,1.98000,0.00800,0.99199,0.00002
194.81000,1.98000,0.00635,0.99357,0.00008
195.00999,1.98001,0.00467,0.99520,0.00014
195.21001,1.98000,0.00874,0.99102,0.00024
195.41000,1.98000,0.01084,0.98901,0.00016
195.61000,1.98000,0.00499,0.99487,0.00014
195.81000,1.98000,0.00642,0.99344,0.00014
196.00999,1.98001,0.01210,0.98748,0.00042
196.21001,1.98000,0.02614,0.97278,0.00107
196.41000,1.98000,0.02770,0.97037,0.00193
196.61000,1.98000,0.01416,0.98552,0.00032
196.81000,1.98000,0.00798,0.99162,0.00040
197.00999,1.98001,0.00896,0.99065,0.00039
197.21001,1.98000,0.00953,0.99003,0.00044
197.41000,1.98000,0.00844,0.99076,0.00080
197.61000,1.98000,0.01123,0.98755,0.00123
197.81000,1.98000,0.00609,0.99356,0.00035
198.00999,1.98001,0.00224,0.99763,0.00013
198.21001,1.98000,0.00967,0.99012,0.00020
198.41000,1.98000,0.01089,0.98877,0.00034
198.61000,1.98000,0.01032,0.98947,0.00021
198.81000,1.98000,0.00819,0.99123,0.00058
199.00999,1.98001,0.00327,0.99639,0.00035
199.21001,1.98000,0.00475,0.99504,0.00021
199.41000,1.98000,0.00332,0.99658,0.00010
199.61000,1.98000,0.00229,0.99761,0.00010
199.81000,1.98000,0.00360,0.99627,0.00013
200.00999,1.98001,0.00640,0.99349,0.00010
200.21001,1.98000,0.00569,0.99423,0.00008
200.41000,1.98000,0.00744,0.99249,0.00007
200.61000,1.98000,0.00403,0.99590,0.00006
200.81000,1.98000,0.00389,0.99604,0.00007
201.00999,1.98001,0.00485,0.99503,0.00012
201.21001,1.98000,0.00422,0.99554,0.00024
201.41000,1.98000,0.01021,0.98909,0.00071
201.61000,1.98000,0.00874,0.99055,0.00070
201.81000,1.98000,0.01232,0.98657,0.00111
202.00999,1.98001,0.01312,0.98618,0.00070
202.21001,1.98000,0.00816,0.99116,0.00068
202.41000,1.98000,0.00970,0.98932,0.00098
202.61000,1.98000,0.00996,0.98941,0.00063
202.81000,1.98000,0.01179,0.98776,0.00044
203.00999,1.98001,0.02753,0.97226,0.00021
203.21001,1.98000,0.00921,0.99055,0.00024
203.41000,1.98000,0.01553,0.98408,0.00038
203.61000,1.98000,0.01844,0.98125,0.00031
203.81000,1.98000,0.01690,0.98289,0.00020
204.00999,1.98001,0.01861,0.98125,0.00014
204.21001,1.98000,0.02378,0.97602,0.00020
204.41000,1.98000,0.04676,0.95303,0.00020
204.61000,1.98000,0.05216,0.94753,0.00032
204.81000,1.98000,0.03935,0.96053,0.00012
205.00999,1.98001,0.04360,0.95628,0.00011
205.21001,1.98000,0.02191,0.97802,0.00008
205.41000,1.98000,0.00936,0.99059,0.00005
205.61000,1.98000,0.00689,0.99306,0.00006
205.81000,1.98000,0.01076,0.98911,0.00013
206.00999,1.98001,0.00799,0.99188,0.00013
206.21001,1.98000,0.00522,0.99447,0.00031
206.41000,1.98000,0.00622,0.99345,0.00033
206.61000,1.98000,0.01323,0.98618,0.00058
206.81000,1.98000,0.00664,0.99310,0.00026
207.00999,1.98001,0.00860,0.99068,0.00072
207.21001,1.98000,0.00637,0.99318,0.00045
207.41000,1.98000,0.02512,0.97443,0.00045
207.61000,1.98000,0.01209,0.98709,0.00083
207.81000,1.98000,0.01371,0.98527,0.00103
208.00999,1.98001,0.01468,0.98262,0.00270
208.21001,1.98000,0.01289,0.98503,0.00208
208.41000,1.98000,0.01741,0.98072,0.00187
208.61000,1.98000,0.00923,0.98967,0.00110
208.81000,1.98000,0.00429,0.99515,0.00056
209.00999,1.98001,0.00554,0.99417,0.00029
209.21001,1.98000,0.02118,0.97756,0.00126
209.41000,1.98000,0.01069,0.98838,0.00092
209.61000,1.98000,0.00740,0.99210,0.00050
209.81000,1.98000,0.00659,0.99309,0.00032
210.00999,1.98001,0.01370,0.98613,0.00017
210.21001,1.98000,0.01071,0.98921,0.00009
210.41000,1.98000,0.00759,0.99227,0.00014
210.61000,1.98000,0.01187,0.98802,0.00010
210.81000,1.98000,0.01957,0.98032,0.00011
211.00999,1.98001,0.01145,0.98847,0.00008
211.21001,1.98000,0.01706,0.98271,0.00023
211.41000,1.98000,0.02667,0.97297,0.00035
211.61000,1.98000,0.03086,0.96859,0.00055
211.81000,1.98000,0.02141,0.97693,0.00165
212.00999,1.98001,0.03028,0.96715,0.00257
212.21001,1.98000,0.04767,0.95114,0.00120
212.41000,1.98000,0.02336,0.97562,0.00102
212.61000,1.98000,0.03862,0.96002,0.00136
212.81000,1.98000,0.04151,0.95690,0.00159
213.00999,1.98001,0.02547,0.97381,0.00072
213.21001,1.98000,0.00954,0.99023,0.00023
213.41000,1.98000,0.00554,0.99439,0.00007
213.61000,1.98000,0.01170,0.98827,0.00002
213.81000,1.98000,0.02110,0.97890,0.00001
214.00999,1.98001,0.01902,0.98098,0.00001
214.21001,1.98000,0.00833,0.99167,0.00001
214.41000,1.98000,0.00418,0.99580,0.00001
214.61000,1.98000,0.00269,0.99729,0.00003
214.81000,1.98000,0.00320,0.99676,0.00003
215.00999,1.98001,0.00299,0.99698,0.00004
215.21001,1.98000,0.00345,0.99650,0.00005
215.41000,1.98000,0.00235,0.99762,0.00003
215.61000,1.98000,0.00192,0.99807,0.00001
215.81000,1.98000,0.00042,0.99957,0.00001
216.00999,1.98001,0.00142,0.99856,0.00002
216.21001,1.98000,0.00332,0.99664,0.00004
216.41000,1.98000,0.00493,0.99505,0.00002
216.61000,1.98000,0.00371,0.99626,0.00003
216.81000,1.98000,0.00515,0.99479,0.00006
217.00999,1.98001,0.01050,0.98935,0.00015
217.21001,1.98000,0.01450,0.98475,0.00075
217.41000,1.98000,0.01437,0.98501,0.00061
217.61000,1.98000,0.04531,0.94976,0.00493
217.81000,1.98000,0.02568,0.97210,0.00222
218.00999,1.98001,0.02781,0.97161,0.00058
218.21001,1.98000,0.00886,0.99090,0.00025
218.41000,1.98000,0.00926,0.99030,0.00044
218.61000,1.98000,0.01241,0.98735,0.00025
218.81000,1.98000,0.00797,0.99172,0.00031
219.00999,1.98001,0.00861,0.99116,0.00023
219.21001,1.98000,0.02327,0.97642,0.00031
219.41000,1.98000,0.01035,0.98946,0.00019
219.61000,1.98000,0.00780,0.99212,0.00009
219.81000,1.98000,0.00589,0.99405,0.00006
220.00999,1.98001,0.00898,0.99092,0.00010
220.21001,1.98000,0.01225,0.98750,0.00024
220.41000,1.98000,0.01044,0.98910,0.00046
220.61000,1.98000,0.00572,0.99351,0.00077
220.81000,1.98000,0.02015,0.97687,0.00297
221.00999,1.98001,0.03476,0.95657,0.00867
221.21001,1.98000,0.03109,0.95984,0.00907
221.41000,1.98000,0.04248,0.95119,0.00633
221.61000,1.98000,0.07470,0.91111,0.01419
221.81000,1.98000,0.17498,0.80601,0.01900
222.00999,1.98001,0.10450,0.87897,0.01653
222.21001,1.98000,0.04002,0.95204,0.00794
222.41000,1.98000,0.02878,0.96892,0.00230
222.61000,1.98000,0.04908,0.94336,0.00756
222.81000,1.98000,0.01611,0.98268,0.00122
223.00999,1.98001,0.01087,0.98883,0.00031
223.21001,1.98000,0.01270,0.98700,0.00030
223.41000,1.98000,0.01525,0.98443,0.00032
223.61000,1.98000,0.01630,0.98355,0.00014
223.81000,1.98000,0.01460,0.98501,0.00039
224.00999,1.98001,0.02328,0.97644,0.00028
224.21001,1.98000,0.06031,0.93898,0.00071
224.41000,1.98000,0.03340,0.96621,0.00038
224.61000,1.98000,0.03511,0.96457,0.00032
224.81000,1.98000,0.03118,0.96757,0.00125
225.00999,1.98001,0.04514,0.95210,0.00275
225.21001,1.98000,0.04004,0.95818,0.00178
225.41000,1.98000,0.03748,0.96127,0.00125
225.61000,1.98000,0.00796,0.99183,0.00020
225.81000,1.98000,0.00889,0.99087,0.00024
226.00999,1.98001,0.00873,0.99109,0.00018
226.21001,1.98000,0.01111,0.98875,0.00015
226.41000,1.98000,0.00523,0.99466,0.00011
226.61000,1.98000,0.00296,0.99683,0.00021
226.81000,1.98000,0.00376,0.99618,0.00006
227.00999,1.98001,0.00295,0.99695,0.00009
227.21001,1.98000,0.00326,0.99664,0.00010
227.41000,1.98000,0.00280,0.99711,0.00009
227.61000,1.98000,0.00391,0.99599,0.00009
227.81000,1.98000,0.00493,0.99490,0.00017
228.00999,1.98001,0.00915,0.99003,0.00082
228.21001,1.98000,0.01795,0.98025,0.00180
228.41000,1.98000,0.03012,0.96830,0.00158
228.61000,1.98000,0.07312,0.92650,0.00038
228.81000,1.98000,0.04161,0.95785,0.00054
229.00999,1.98001,0.04123,0.95820,0.00058
229.21001,1.98000,0.15429,0.83883,0.00688
229.41000,1.98000,0.30840,0.66377,0.02783
229.61000,1.98000,0.42827,0.55763,0.01409
229.81000,1.98000,0.26361,0.72597,0.01041
230.00999,1.98001,0.29465,0.68910,0.01625
230.21001,1.98000,0.31030,0.68047,0.00923
230.41000,1.98000,0.25177,0.74372,0.00451
230.61000,1.98000,0.23270,0.76469,0.00261
230.81000,1.98000,0.29129,0.69914,0.00958
231.00999,1.98001,0.12705,0.86615,0.00680
231.21001,1.98000,0.02349,0.97601,0.00050
231.41000,1.98000,0.01735,0.98245,0.00020
231.61000,1.98000,0.01487,0.98495,0.00018
231.81000,1.98000,0.01495,0.98486,0.00019
232.00999,1.98001,0.01719,0.98254,0.00027
232.21001,1.98000,0.01706,0.98277,0.00016
232.41000,1.98000,0.01767,0.98210,0.00023
232.61000,1.98000,0.02017,0.97974,0.00009
232.81000,1.98000,0.02518,0.97474,0.00008
233.00999,1.98001,0.02009,0.97979,0.00012
233.21001,1.98000,0.01427,0.98563,0.00011
233.41000,1.98000,0.01700,0.98290,0.00010
233.61000,1.98000,0.04064,0.95932,0.00004
233.81000,1.98000,0.01498,0.98496,0.00007
234.00999,1.98001,0.02344,0.97647,0.00009
234.21001,1.98000,0.03813,0.96137,0.00050
234.41000,1.98000,0.03816,0.96149,0.00035
234.61000,1.98000,0.01389,0.98608,0.00003
234.81000,1.98000,0.01816,0.98182,0.00002
235.00999,1.98001,0.09374,0.90621,0.00005
235.21001,1.98000,0.11648,0.88343,0.00010
235.41000,1.98000,0.07315,0.92682,0.00002
235.61000,1.98000,0.00802,0.99198,0.00000
235.81000,1.98000,0.00438,0.99562,0.00000
236.00999,1.98001,0.00524,0.99476,0.00000
236.21001,1.98000,0.00193,0.99806,0.00000
236.41000,1.98000,0.00245,0.99755,0.00000
236.61000,1.98000,0.00775,0.99224,0.00001
236.81000,1.98000,0.00710,0.99288,0.00002
237.00999,1.98001,0.00193,0.99807,0.00000
237.21001,1.98000,0.00124,0.99876,0.00000
237.41000,1.98000,0.00439,0.99561,0.00001
237.61000,1.98000,0.01549,0.98448,0.00003
237.81000,1.98000,0.00692,0.99308,0.00000
238.00999,1.98001,0.00681,0.99319,0.00000
238.21001,1.98000,0.00838,0.99162,0.00000
238.41000,1.98000,0.00867,0.99132,0.00000
238.61000,1.98000,0.00148,0.99851,0.00000
238.81000,1.98000,0.00095,0.99905,0.00000
239.00999,1.98001,0.00053,0.99947,0.00000
239.21001,1.98000,0.00132,0.99868,0.00000
239.41000,1.98000,0.00104,0.99896,0.00000
239.61000,1.98000,0.00101,0.99899,0.00000
239.81000,1.98000,0.00091,0.99909,0.00000
240.00999,1.98001,0.00109,0.99891,0.00000
240.21001,1.98000,0.00073,0.99927,0.00000
240.41000,1.98000,0.00037,0.99963,0.00000
240.61000,1.98000,0.00070,0.99930,0.00000
240.81000,1.98000,0.00230,0.99770,0.00000
241.00999,1.98001,0.00528,0.99472,0.00000
241.21001,1.98000,0.00196,0.99804,0.00000
241.41000,1.98000,0.00168,0.99832,0.00000
241.61000,1.98000,0.00348,0.99651,0.00000
241.81000,1.98000,0.00313,0.99687,0.00000
242.00999,1.98001,0.00076,0.99923,0.00000
242.21001,1.98000,0.00113,0.99887,0.00000
242.41000,1.98000,0.00418,0.99581,0.00000
242.61000,1.98000,0.00469,0.99530,0.00001
242.81000,1.98000,0.00250,0.99749,0.00000
243.00999,1.98001,0.00234,0.99766,0.00000
243.21001,1.98000,0.00409,0.99591,0.00000
243.41000,1.98000,0.00519,0.99480,0.00001
243.61000,1.98000,0.00193,0.99807,0.00000
243.81000,1.98000,0.00083,0.99917,0.00000
244.00999,1.98001,0.00165,0.99834,0.00001
244.21001,1.98000,0.00329,0.99670,0.00001
244.41000,1.98000,0.00281,0.99717,0.00002
244.61000,1.98000,0.00464,0.99531,0.00005
244.81000,1.98000,0.00828,0.99142,0.00029
245.00999,1.98001,0.01616,0.98061,0.00322
245.21001,1.98000,0.00728,0.99193,0.00080
245.41000,1.98000,0.01015,0.98657,0.00328
245.61000,1.98000,0.04870,0.94568,0.00562
245.81000,1.98000,0.17130,0.81169,0.01701
246.00999,1.98001,0.22767,0.76378,0.00855
246.21001,1.98000,0.13600,0.86292,0.00108
246.41000,1.98000,0.16718,0.83163,0.00119
246.61000,1.98000,0.12022,0.87904,0.00075
246.81000,1.98000,0.04485,0.95508,0.00007
247.00999,1.98001,0.06997,0.92977,0.00026
247.21001,1.98000,0.07782,0.92193,0.00025
247.41000,1.98000,0.03991,0.96004,0.00006
247.61000,1.98000,0.03618,0.96378,0.00003
247.81000,1.98000,0.06055,0.93942,0.00003
248.00999,1.98001,0.05742,0.94240,0.00018
248.21001,1.98000,0.06760,0.93168,0.00072
248.41000,1.98000,0.02576,0.97346,0.00078
248.61000,1.98000,0.04025,0.95821,0.00154
248.81000,1.98000,0.04219,0.95094,0.00687
249.00999,1.98001,0.02568,0.97363,0.00069
249.21001,1.98000,0.04494,0.95346,0.00161
249.41000,1.98000,0.05125,0.94351,0.00524
249.61000,1.98000,0.05630,0.93110,0.01260
249.81000,1.98000,0.05216,0.92601,0.02182
250.00999,1.98001,0.05889,0.91501,0.02610
250.21001,1.98000,0.10348,0.86922,0.02731
250.41000,1.98000,0.16442,0.74933,0.08625
250.61000,1.98000,0.16920,0.75943,0.07137
250.81000,1.98000,0.21761,0.75494,0.02745
251.00999,1.98001,0.23545,0.55949,0.20506
251.21001,1.98000,0.21155,0.57736,0.21109
251.41000,1.98000,0.19519,0.65635,0.14846
251.61000,1.98000,0.19184,0.75351,0.05466
251.81000,1.98000,0.16276,0.81417,0.02306
252.00999,1.98001,0.11176,0.85562,0.03262
252.21001,1.98000,0.10838,0.86817,0.02345
252.41000,1.98000,0.10568,0.88511,0.00921
252.61000,1.98000,0.12663,0.84909,0.02428
252.81000,1.98000,0.12705,0.83525,0.03770
253.00999,1.98001,0.11086,0.87874,0.01039
253.21001,1.98000,0.13144,0.86005,0.00851
253.41000,1.98000,0.13179,0.84819,0.02002
253.61000,1.98000,0.12416,0.85194,0.02390
253.81000,1.98000,0.12826,0.85235,0.01938
254.00999,1.98001,0.13497,0.85820,0.00683
254.21001,1.98000,0.10766,0.87885,0.01349
254.41000,1.98001,0.10475,0.87377,0.02148
254.61000,1.98000,0.09059,0.89694,0.01247
254.81000,1.98001,0.09249,0.90137,0.00614
255.00999,1.98000,0.09159,0.89773,0.01068
255.21001,1.98000,0.08517,0.90313,0.01170
255.41000,1.98001,0.08588,0.90802,0.00610
255.61000,1.98000,0.18768,0.80862,0.00370
255.81000,1.98001,0.09170,0.90547,0.00283
256.01001,1.97998,0.14440,0.84712,0.00848
256.20999,1.98001,0.15279,0.83605,0.01115
256.41000,1.98001,0.17755,0.80372,0.01873
256.60999,1.98001,0.22482,0.75654,0.01864
256.81000,1.98001,0.18999,0.77755,0.03246
257.01001,1.97998,0.16516,0.77790,0.05694
257.20999,1.98001,0.12429,0.85898,0.01674
257.41000,1.98001,0.27900,0.70327,0.01773
257.60999,1.98001,0.15751,0.81646,0.02603
257.81000,1.98001,0.14452,0.81012,0.04536
258.01001,1.97998,0.13941,0.83192,0.02867
258.20999,1.98001,0.10911,0.87118,0.01971
258.41000,1.98001,0.04204,0.94850,0.00947
258.60999,1.98001,0.03951,0.95274,0.00775
258.81000,1.98001,0.04729,0.94653,0.00619
259.01001,1.97998,0.04876,0.94297,0.00827
259.20999,1.98001,0.02198,0.97569,0.00232
259.41000,1.98001,0.01502,0.98454,0.00044
259.60999,1.98001,0.01461,0.98504,0.00035
259.81000,1.98001,0.01618,0.98308,0.00074
260.01001,1.97998,0.01339,0.98635,0.00026
260.20999,1.98001,0.03387,0.96541,0.00071
260.41000,1.98001,0.03308,0.96599,0.00092
260.60999,1.98001,0.03121,0.96784,0.00095
260.81000,1.98001,0.04635,0.95297,0.00068
261.01001,1.97998,0.05745,0.93971,0.00283
261.20999,1.98001,0.05150,0.94521,0.00329
261.41000,1.98001,0.04390,0.95389,0.00221
261.60999,1.98001,0.04309,0.95477,0.00214
261.81000,1.98001,0.04606,0.94825,0.00569
262.01001,1.97998,0.04850,0.94461,0.00689
262.20999,1.98001,0.08602,0.90542,0.00856
262.41000,1.98001,0.08709,0.89252,0.02040
262.60999,1.98001,0.09342,0.89487,0.01171
262.81000,1.98001,0.12578,0.86821,0.00601
263.01001,1.97998,0.17123,0.81122,0.01756
263.20999,1.98001,0.15341,0.81805,0.02854
263.41000,1.98001,0.16898,0.69423,0.13679
263.60999,1.98001,0.15293,0.73115,0.11593
263.81000,1.98001,0.12519,0.80796,0.06686
264.01001,1.97998,0.10288,0.88298,0.01414
264.20999,1.98001,0.09225,0.89187,0.01588
264.41000,1.98001,0.08852,0.89486,0.01662
264.60999,1.98001,0.08196,0.89563,0.02241
264.81000,1.98001,0.07540,0.91507,0.00953
265.01001,1.97998,0.05492,0.93444,0.01065
265.20999,1.98001,0.06518,0.91179,0.02303
265.41000,1.98001,0.04260,0.92561,0.03179
265.60999,1.98001,0.02971,0.95623,0.01405
265.81000,1.98001,0.02616,0.96532,0.00851
266.01001,1.97998,0.02792,0.94149,0.03059
266.20999,1.98001,0.03892,0.95000,0.01108
266.41000,1.98001,0.03730,0.95342,0.00928
266.60999,1.98001,0.04170,0.95250,0.00580
266.81000,1.98001,0.06956,0.88105,0.04939
267.01001,1.97998,0.05867,0.87920,0.06213
267.20999,1.98001,0.03968,0.94948,0.01084
267.41000,1.98001,0.11114,0.87298,0.01588
267.60999,1.98001,0.06203,0.91541,0.02256
267.81000,1.98001,0.03041,0.96210,0.00750
268.01001,1.97998,0.04585,0.94906,0.00508
268.20999,1.98001,0.03662,0.96025,0.00313
268.41000,1.98001,0.02058,0.97171,0.00771
268.60999,1.98001,0.01788,0.97369,0.00842
268.81000,1.98001,0.01749,0.97823,0.00428
269.01001,1.97998,0.01318,0.98456,0.00226
269.20999,1.98001,0.01531,0.98117,0.00352
269.41000,1.98001,0.03099,0.96781,0.00120
269.60999,1.98001,0.06550,0.93367,0.00083
269.81000,1.98001,0.05225,0.94676,0.00099
270.01001,1.97998,0.02756,0.97134,0.00110
270.20999,1.98001,0.00909,0.98983,0.00108
270.41000,1.98001,0.00542,0.99413,0.00044
270.60999,1.98001,0.00843,0.99113,0.00043
270.81000,1.98001,0.01066,0.98886,0.00048
271.01001,1.97998,0.00982,0.98929,0.00089
271.20999,1.98001,0.00941,0.98949,0.00110
271.41000,1.98001,0.00450,0.99297,0.00253
271.60999,1.98001,0.00498,0.99264,0.00238
271.81000,1.98001,0.00329,0.99520,0.00151
272.01001,1.97998,0.00226,0.99701,0.00073
272.20999,1.98001,0.00405,0.99504,0.00090
272.41000,1.98001,0.00384,0.99558,0.00058
272.60999,1.98001,0.00418,0.99492,0.00089
272.81000,1.98001,0.00406,0.99379,0.00215
273.01001,1.97998,0.00393,0.99356,0.00252
273.20999,1.98001,0.00307,0.99658,0.00036
273.41000,1.98001,0.00148,0.99741,0.00111
273.60999,1.98001,0.00104,0.99796,0.00101
273.81000,1.98001,0.00116,0.99792,0.00093
274.01001,1.97998,0.00160,0.99701,0.00139
274.20999,1.98001,0.00189,0.99613,0.00198
274.41000,1.98001,0.00251,0.98919,0.00831
274.60999,1.98001,0.00482,0.96136,0.03382
274.81000,1.98001,0.00561,0.98990,0.00449
275.01001,1.97998,0.01095,0.98617,0.00287
275.20999,1.98001,0.00930,0.98561,0.00509
275.41000,1.98001,0.02360,0.97296,0.00344
275.60999,1.98001,0.06276,0.92490,0.01234
275.81000,1.98001,0.06732,0.92094,0.01174
276.01001,1.97998,0.04459,0.94688,0.00853
276.20999,1.98001,0.04263,0.95555,0.00182
276.41000,1.98001,0.03152,0.96776,0.00072
276.60999,1.98001,0.01993,0.97986,0.00021
276.81000,1.98001,0.01223,0.98751,0.00027
277.01001,1.97998,0.00681,0.99300,0.00020
277.20999,1.98001,0.00631,0.99322,0.00047
277.41000,1.98001,0.00309,0.99649,0.00041
277.60999,1.98001,0.00377,0.99590,0.00033
277.81000,1.98001,0.00861,0.99121,0.00018
278.01001,1.97998,0.00489,0.99499,0.00011
278.20999,1.98001,0.00420,0.99564,0.00017
278.41000,1.98001,0.00487,0.99504,0.00009
278.60999,1.98001,0.00481,0.99514,0.00006
278.81000,1.98001,0.00411,0.99568,0.00021
279.01001,1.97998,0.00345,0.99558,0.00097
279.20999,1.98001,0.00289,0.99574,0.00137
279.41000,1.98001,0.01366,0.97979,0.00655
279.60999,1.98001,0.00886,0.98420,0.00694
279.81000,1.98001,0.00186,0.99327,0.00487
280.01001,1.97998,0.00127,0.99035,0.00838
280.20999,1.98001,0.00157,0.98564,0.01279
280.41000,1.98001,0.00221,0.95894,0.03885
280.60999,1.98001,0.00244,0.97544,0.02212
280.81000,1.98001,0.00511,0.98933,0.00556
281.01001,1.97998,0.00655,0.99176,0.00169
281.20999,1.98001,0.00336,0.99578,0.00086
281.41000,1.98001,0.00311,0.99643,0.00046
281.60999,1.98001,0.01124,0.98782,0.00094
281.81000,1.98001,0.02494,0.97387,0.00119
282.01001,1.97998,0.03686,0.95775,0.00539
282.20999,1.98001,0.02031,0.97866,0.00103
282.41000,1.98001,0.02131,0.97829,0.00039
282.60999,1.98001,0.03401,0.96551,0.00048
282.81000,1.98001,0.03774,0.96121,0.00105
283.01001,1.97998,0.01852,0.98083,0.00065
283.20999,1.98001,0.01402,0.98505,0.00093
283.41000,1.98001,0.01424,0.98496,0.00080
283.60999,1.98001,0.03832,0.95960,0.00208
283.81000,1.98001,0.02682,0.97220,0.00098
284.01001,1.97998,0.02257,0.97669,0.00074
284.20999,1.98001,0.01500,0.98397,0.00103
284.41000,1.98001,0.02061,0.97834,0.00105
284.60999,1.98001,0.00780,0.99186,0.00033
284.81000,1.98001,0.00427,0.99543,0.00030
285.01001,1.97998,0.00513,0.99432,0.00055
285.20999,1.98001,0.01203,0.98719,0.00077
285.41000,1.98001,0.01676,0.98304,0.00020
285.60999,1.98001,0.00498,0.99491,0.00011
285.81000,1.98001,0.00321,0.99673,0.00006
286.01001,1.97998,0.00432,0.99563,0.00005
286.20999,1.98001,0.00249,0.99748,0.00003
286.41000,1.98001,0.00136,0.99861,0.00002
286.60999,1.98001,0.00134,0.99863,0.00003
286.81000,1.98001,0.00176,0.99821,0.00003
287.01001,1.97998,0.00141,0.99858,0.00001
287.20999,1.98001,0.00136,0.99863,0.00001
287.41000,1.98001,0.00169,0.99828,0.00003
287.60999,1.98001,0.00136,0.99862,0.00002
287.81000,1.98001,0.00119,0.99880,0.00002
288.01001,1.97998,0.00135,0.99863,0.00002
288.20999,1.98001,0.00250,0.99746,0.00003
288.41000,1.98001,0.00360,0.99634,0.00006
288.60999,1.98001,0.00597,0.99391,0.00012
288.81000,1.98001,0.00966,0.99027,0.00007
289.01001,1.97998,0.03745,0.96219,0.00035
289.20999,1.98001,0.04553,0.95337,0.00110
289.41000,1.98001,0.09979,0.89804,0.00217
289.60999,1.98001,0.12067,0.87551,0.00381
289.81000,1.98001,0.13654,0.85916,0.00429
290.01001,1.97998,0.26162,0.72708,0.01130
290.20999,1.98001,0.33966,0.63907,0.02127
290.41000,1.98001,0.32094,0.65550,0.02356
290.60999,1.98001,0.22820,0.75769,0.01411
290.81000,1.98001,0.11983,0.87649,0.00368
291.01001,1.97998,0.03274,0.96394,0.00333
291.20999,1.98001,0.03108,0.96573,0.00320
291.41000,1.98001,0.01691,0.98248,0.00062
291.60999,1.98001,0.01800,0.98121,0.00079
291.81000,1.98001,0.01614,0.98335,0.00051
292.01001,1.97998,0.00738,0.99247,0.00015
292.20999,1.98001,0.00540,0.99447,0.00013
292.41000,1.98001,0.00855,0.99123,0.00021
292.60999,1.98001,0.01491,0.98470,0.00039
292.81000,1.98001,0.12641,0.86919,0.00440
293.01001,1.97998,0.07887,0.91947,0.00165
293.20999,1.98001,0.10419,0.89300,0.00281
293.41000,1.98001,0.33934,0.65423,0.00643
293.60999,1.98001,0.64698,0.34957,0.00344
