Time (seconds), Duration (seconds),pred_(unlabeled),pred_On,pred_Off,pred_Dimmer,pred_Lighter
0.01000,1.98000,0.99999,0.00000,0.00000,0.00000,0.00000
0.21000,1.98000,0.99995,0.00000,0.00000,0.00001,0.00004
0.41000,1.98000,0.99997,0.00000,0.00000,0.00000,0.00003
0.61000,1.98000,0.99990,0.00000,0.00001,0.00001,0.00008
0.81000,1.98000,0.99992,0.00000,0.00000,0.00000,0.00008
1.01000,1.98000,0.99988,0.00000,0.00000,0.00001,0.00011
1.21000,1.98000,0.99836,0.00000,0.00002,0.00047,0.00114
1.41000,1.98000,0.99924,0.00000,0.00001,0.00026,0.00048
1.61000,1.98000,0.99959,0.00000,0.00001,0.00005,0.00035
1.81000,1.98000,0.99948,0.00000,0.00001,0.00009,0.00042
2.01000,1.98000,0.99963,0.00000,0.00000,0.00006,0.00031
2.21000,1.98000,0.99912,0.00000,0.00002,0.00005,0.00081
2.41000,1.98000,0.99987,0.00000,0.00001,0.00002,0.00010
2.61000,1.98000,0.99967,0.00001,0.00000,0.00013,0.00019
2.81000,1.98000,0.98513,0.00013,0.00008,0.00798,0.00668
3.01000,1.98000,0.99268,0.00003,0.00012,0.00254,0.00464
3.21000,1.98000,0.99864,0.00002,0.00002,0.00049,0.00084
3.41000,1.98000,0.99913,0.00001,0.00001,0.00027,0.00058
3.61000,1.98000,0.99953,0.00000,0.00001,0.00006,0.00040
3.81000,1.98000,0.99990,0.00000,0.00000,0.00001,0.00008
4.01000,1.98000,0.99997,0.00000,0.00000,0.00001,0.00002
4.21000,1.98000,0.99996,0.00000,0.00000,0.00001,0.00003
4.41000,1.98000,0.99986,0.00000,0.00001,0.00004,0.00009
4.61000,1.98000,0.99990,0.00000,0.00001,0.00001,0.00008
4.81000,1.98000,0.99988,0.00000,0.00001,0.00002,0.00009
5.01000,1.98000,0.99980,0.00000,0.00001,0.00001,0.00018
5.21000,1.98000,0.99918,0.00000,0.00003,0.00024,0.00055
5.41000,1.98000,0.99947,0.00000,0.00001,0.00010,0.00042
5.61000,1.98000,0.99938,0.00000,0.00001,0.00007,0.00054
5.81000,1.98000,0.99966,0.00000,0.00001,0.00000,0.00033
6.01000,1.98000,0.99962,0.00000,0.00003,0.00005,0.00029
6.21000,1.98000,0.99971,0.00001,0.00000,0.00002,0.00027
6.41000,1.98000,0.99984,0.00001,0.00001,0.00004,0.00009
6.61000,1.98000,0.99973,0.00000,0.00000,0.00006,0.00020
6.81000,1.98000,0.99717,0.00001,0.00034,0.00041,0.00207
7.01000,1.98000,0.99986,0.00002,0.00000,0.00000,0.00012
7.21000,1.98000,0.99991,0.00001,0.00001,0.00001,0.00007
7.41000,1.98000,0.99963,0.00001,0.00004,0.00006,0.00026
7.61000,1.98000,0.99945,0.00000,0.00001,0.00002,0.00052
7.81000,1.98000,0.99878,0.00001,0.00002,0.00018,0.00101
8.01000,1.98000,0.99961,0.00000,0.00001,0.00004,0.00034
8.21000,1.98000,0.99484,0.00001,0.00004,0.00108,0.00403
8.41000,1.98000,0.99964,0.00000,0.00001,0.00007,0.00028
8.61000,1.98000,0.99954,0.00000,0.00002,0.00018,0.00027
8.81000,1.98000,0.99950,0.00000,0.00002,0.00006,0.00042
9.01000,1.98000,0.99950,0.00000,0.00004,0.00007,0.00040
9.21000,1.98000,0.99980,0.00000,0.00001,0.00003,0.00015
9.41000,1.98000,0.99997,0.00000,0.00000,0.00001,0.00001
9.61000,1.98000,1.00000,0.00000,0.00000,0.00000,0.00000
9.81000,1.98000,1.00000,0.00000,0.00000,0.00000,0.00000
10.01000,1.98000,0.99999,0.00001,0.00000,0.00000,0.00000
10.21000,1.98000,0.99997,0.00003,0.00000,0.00000,0.00000
10.41000,1.98000,0.89472,0.10453,0.00017,0.00019,0.00039
10.61000,1.98000,0.27387,0.71648,0.00397,0.00377,0.00190
10.81000,1.98000,0.99182,0.00813,0.00003,0.00000,0.00002
11.01000,1.98000,0.99758,0.00239,0.00002,0.00000,0.00000
11.21000,1.98000,0.99989,0.00011,0.00000,0.00000,0.00000
11.41000,1.98000,0.99977,0.00023,0.00000,0.00000,0.00000
11.61000,1.98000,0.99988,0.00012,0.00000,0.00000,0.00000
11.81000,1.98000,0.99987,0.00013,0.00000,0.00000,0.00000
12.01000,1.98000,0.95834,0.04162,0.00002,0.00000,0.00001
12.21000,1.98000,0.11806,0.88120,0.00035,0.00026,0.00014
12.41000,1.98000,0.93246,0.06752,0.00002,0.00000,0.00001
12.61000,1.98000,0.99833,0.00167,0.00000,0.00000,0.00000
12.81000,1.98000,0.99985,0.00015,0.00000,0.00000,0.00000
13.01000,1.98000,0.99965,0.00035,0.00000,0.00000,0.00000
13.21000,1.98000,0.99990,0.00010,0.00000,0.00000,0.00000
13.41000,1.98000,0.99959,0.00041,0.00000,0.00000,0.00000
13.61000,1.98000,0.99803,0.00197,0.00000,0.00000,0.00000
13.81000,1.98000,0.31661,0.68279,0.00033,0.00008,0.00019
14.01000,1.98000,0.34180,0.65806,0.00010,0.00000,0.00003
14.21000,1.98000,0.98960,0.01037,0.00001,0.00000,0.00002
14.41000,1.98000,0.98240,0.01755,0.00005,0.00000,0.00000
14.61000,1.98000,0.99921,0.00034,0.00041,0.00000,0.00004
14.81000,1.98000,0.99994,0.00003,0.00003,0.00000,0.00001
15.01000,1.98000,0.99972,0.00003,0.00002,0.00002,0.00021
15.21000,1.98000,1.00000,0.00000,0.00000,0.00000,0.00000
15.41000,1.98000,0.99998,0.00002,0.00000,0.00000,0.00000
15.61000,1.98000,0.99999,0.00001,0.00000,0.00000,0.00000
15.81000,1.98000,0.99998,0.00002,0.00000,0.00000,0.00000
16.01000,1.98000,0.88424,0.11528,0.00019,0.00003,0.00025
16.21000,1.98000,0.15258,0.84541,0.00187,0.00003,0.00011
16.41000,1.98000,0.99815,0.00184,0.00000,0.00000,0.00000
16.61000,1.98000,0.99892,0.00108,0.00001,0.00000,0.00000
16.81000,1.98000,0.99978,0.00019,0.00002,0.00000,0.00000
17.01000,1.98000,0.99809,0.00191,0.00000,0.00000,0.00000
17.21000,1.98000,0.99997,0.00002,0.00000,0.00000,0.00001
17.41000,1.98000,0.99989,0.00011,0.00000,0.00000,0.00000
17.61000,1.98000,0.99998,0.00002,0.00000,0.00000,0.00000
17.81000,1.98000,0.99966,0.00034,0.00000,0.00000,0.00000
18.01000,1.98000,0.98262,0.01738,0.00000,0.00000,0.00000
18.21000,1.98000,0.33256,0.66579,0.00025,0.00102,0.00039
18.41000,1.98000,0.92163,0.07826,0.00010,0.00000,0.00001
18.61000,1.98000,0.99928,0.00071,0.00000,0.00000,0.00000
18.81000,1.98000,0.99940,0.00057,0.00003,0.00000,0.00000
19.01000,1.98000,0.99995,0.00001,0.00004,0.00000,0.00000
19.21000,1.98000,0.99999,0.00000,0.00000,0.00000,0.00000
19.41000,1.98000,1.00000,0.00000,0.00000,0.00000,0.00000
19.61000,1.98000,1.00000,0.00000,0.00000,0.00000,0.00000
19.81000,1.98000,0.99999,0.00001,0.00000,0.00000,0.00000
20.01000,1.98000,0.99991,0.00009,0.00000,0.00000,0.00000
20.21000,1.98000,0.99655,0.00343,0.00001,0.00000,0.00001
20.41000,1.98000,0.50899,0.48415,0.00429,0.00129,0.00129
20.61000,1.98000,0.70247,0.28959,0.00125,0.00489,0.00181
20.81000,1.98000,0.99888,0.00112,0.00001,0.00000,0.00000
21.01000,1.98000,0.99946,0.00048,0.00006,0.00000,0.00000
21.21000,1.98000,0.99993,0.00002,0.00005,0.00000,0.00000
21.41000,1.98000,0.99990,0.00001,0.00005,0.00001,0.00004
21.61000,1.98000,0.99995,0.00000,0.00001,0.00000,0.00003
21.81000,1.98000,1.00000,0.00000,0.00000,0.00000,0.00000
22.01000,1.98000,1.00000,0.00000,0.00000,0.00000,0.00000
22.21000,1.98000,1.00000,0.00000,0.00000,0.00000,0.00000
22.41000,1.98000,0.99994,0.00006,0.00000,0.00000,0.00000
22.61000,1.98000,0.99885,0.00115,0.00000,0.00000,0.00000
22.81000,1.98000,0.29569,0.69602,0.00193,0.00525,0.00111
23.01000,1.98000,0.51489,0.48483,0.00017,0.00003,0.00008
23.21000,1.98000,0.99441,0.00555,0.00002,0.00000,0.00001
23.41000,1.98000,0.99926,0.00070,0.00004,0.00000,0.00000
23.61000,1.98000,0.99991,0.00003,0.00005,0.00000,0.00001
23.81000,1.98000,0.99998,0.00001,0.00001,0.00000,0.00000
24.01000,1.98000,1.00000,0.00000,0.00000,0.00000,0.00000
24.21000,1.98000,0.99999,0.00001,0.00000,0.00000,0.00000
24.41000,1.98000,0.99999,0.00001,0.00000,0.00000,0.00000
24.61000,1.98000,0.99991,0.00009,0.00000,0.00000,0.00000
24.81000,1.98000,0.95192,0.04802,0.00005,0.00000,0.00001
25.01000,1.98000,0.33787,0.65986,0.00194,0.00017,0.00017
25.21000,1.98000,0.99306,0.00691,0.00002,0.00000,0.00001
25.41000,1.98000,0.99822,0.00177,0.00001,0.00000,0.00000
25.61000,1.98000,0.99991,0.00007,0.00002,0.00000,0.00000
25.81000,1.98000,0.99997,0.00002,0.00000,0.00000,0.00000
26.01000,1.98000,1.00000,0.00000,0.00000,0.00000,0.00000
26.21000,1.98000,0.99999,0.00001,0.00000,0.00000,0.00000
26.41000,1.98000,0.99997,0.00003,0.00000,0.00000,0.00000
26.61000,1.98000,0.99995,0.00005,0.00000,0.00000,0.00000
26.81000,1.98000,0.78859,0.21126,0.00014,0.00000,0.00001
27.01000,1.98000,0.35706,0.64045,0.00185,0.00036,0.00029
27.21000,1.98000,0.99431,0.00568,0.00001,0.00000,0.00000
27.41000,1.98000,0.99806,0.00191,0.00002,0.00000,0.00000
27.61000,1.98000,0.99986,0.00013,0.00001,0.00000,0.00000
27.81000,1.98000,0.99998,0.00000,0.00002,0.00000,0.00000
28.01000,1.98000,0.99998,0.00001,0.00000,0.00000,0.00000
28.21000,1.98000,1.00000,0.00000,0.00000,0.00000,0.00000
28.41000,1.98000,1.00000,0.00000,0.00000,0.00000,0.00000
28.61000,1.98000,1.00000,0.00000,0.00000,0.00000,0.00000
28.81000,1.98000,0.99998,0.00002,0.00000,0.00000,0.00000
29.01000,1.98000,0.99404,0.00595,0.00001,0.00000,0.00000
29.21000,1.98000,0.09922,0.90076,0.00001,0.00000,0.00000
29.41000,1.98000,0.86657,0.13341,0.00002,0.00000,0.00001
29.61000,1.98000,0.99191,0.00807,0.00002,0.00000,0.00000
29.81000,1.98000,0.99968,0.00031,0.00001,0.00000,0.00000
30.01000,1.98000,0.99995,0.00004,0.00001,0.00000,0.00000
30.21000,1.98000,0.99999,0.00000,0.00001,0.00000,0.00000
30.41000,1.98000,0.99998,0.00000,0.00001,0.00000,0.00001
30.61000,1.98000,0.99998,0.00000,0.00000,0.00000,0.00001
30.81000,1.98000,1.00000,0.00000,0.00000,0.00000,0.00000
31.01000,1.98000,1.00000,0.00000,0.00000,0.00000,0.00000
31.21000,1.98000,0.99999,0.00001,0.00000,0.00000,0.00000
31.41000,1.98000,0.99979,0.00021,0.00000,0.00000,0.00000
31.61000,1.98000,0.72243,0.26513,0.00423,0.00440,0.00381
31.81000,1.98000,0.57224,0.37443,0.00833,0.03845,0.00656
32.01000,1.98000,0.99977,0.00014,0.00003,0.00001,0.00004
32.21000,1.98000,0.99874,0.00116,0.00008,0.00000,0.00001
32.41000,1.98000,0.99985,0.00010,0.00004,0.00000,0.00001
32.61000,1.98000,0.99995,0.00001,0.00003,0.00000,0.00001
32.81000,1.98000,0.99979,0.00001,0.00005,0.00003,0.00013
33.01000,1.98000,0.99998,0.00000,0.00000,0.00000,0.00002
33.21000,1.98000,1.00000,0.00000,0.00000,0.00000,0.00000
33.41000,1.98000,0.99999,0.00001,0.00000,0.00000,0.00000
33.61000,1.98000,0.99999,0.00001,0.00000,0.00000,0.00000
33.81000,1.98000,0.99998,0.00002,0.00000,0.00000,0.00000
34.01000,1.98000,0.99091,0.00907,0.00002,0.00000,0.00000
34.21000,1.98000,0.07066,0.92932,0.00002,0.00000,0.00000
34.41000,1.98000,0.97879,0.02120,0.00001,0.00000,0.00000
34.61000,1.98000,0.99556,0.00441,0.00002,0.00000,0.00000
34.81000,1.98000,0.99988,0.00010,0.00001,0.00000,0.00000
35.01000,1.98000,0.99994,0.00006,0.00000,0.00000,0.00000
35.21000,1.98000,1.00000,0.00000,0.00000,0.00000,0.00000
35.41000,1.98000,1.00000,0.00000,0.00000,0.00000,0.00000
35.61000,1.98000,0.99997,0.00003,0.00000,0.00000,0.00000
35.81000,1.98000,0.99953,0.00047,0.00000,0.00000,0.00000
36.01000,1.98000,0.66285,0.33639,0.00056,0.00008,0.00012
36.21000,1.98000,0.79183,0.20453,0.00335,0.00003,0.00025
36.41000,1.98000,0.99900,0.00100,0.00000,0.00000,0.00000
36.61000,1.98000,0.99945,0.00052,0.00003,0.00000,0.00000
36.81000,1.98000,0.99998,0.00001,0.00001,0.00000,0.00000
37.01000,1.98000,0.99999,0.00000,0.00001,0.00000,0.00000
37.21000,1.98000,1.00000,0.00000,0.00000,0.00000,0.00000
37.41000,1.98000,0.99999,0.00001,0.00000,0.00000,0.00000
37.61000,1.98000,1.00000,0.00000,0.00000,0.00000,0.00000
37.81000,1.98000,0.99991,0.00009,0.00000,0.00000,0.00000
38.01000,1.98000,0.99217,0.00779,0.00002,0.00001,0.00002
38.21000,1.98000,0.16405,0.83573,0.00012,0.00006,0.00004
38.41000,1.98000,0.96463,0.03528,0.00006,0.00001,0.00002
38.61000,1.98000,0.99707,0.00292,0.00001,0.00000,0.00000
38.81000,1.98000,0.99987,0.00011,0.00002,0.00000,0.00000
39.01000,1.98000,0.99995,0.00003,0.00002,0.00000,0.00000
39.21000,1.98000,0.99997,0.00000,0.00002,0.00000,0.00000
39.41000,1.98000,0.99998,0.00000,0.00000,0.00001,0.00001
39.61000,1.98000,0.99986,0.00000,0.00000,0.00005,0.00008
39.81000,1.98000,0.99987,0.00001,0.00000,0.00002,0.00011
40.01000,1.98000,0.99998,0.00001,0.00000,0.00000,0.00001
40.21000,1.98000,0.99998,0.00002,0.00000,0.00000,0.00000
40.41000,1.98000,0.99963,0.00034,0.00000,0.00000,0.00002
40.61000,1.98000,0.99225,0.00774,0.00000,0.00000,0.00001
40.81000,1.98000,0.47327,0.51219,0.00097,0.00992,0.00364
41.01000,1.98000,0.71737,0.24072,0.00522,0.02863,0.00806
41.21000,1.98000,0.99944,0.00052,0.00000,0.00001,0.00003
41.41000,1.98000,0.99928,0.00062,0.00009,0.00000,0.00001
41.61000,1.98000,0.99990,0.00002,0.00007,0.00000,0.00001
41.81000,1.98000,0.99998,0.00000,0.00001,0.00000,0.00001
42.01000,1.98000,1.00000,0.00000,0.00000,0.00000,0.00000
42.21000,1.98000,1.00000,0.00000,0.00000,0.00000,0.00000
42.41000,1.98000,0.99998,0.00002,0.00000,0.00000,0.00000
42.61000,1.98000,0.99993,0.00007,0.00000,0.00000,0.00000
42.81000,1.98000,0.99257,0.00742,0.00001,0.00000,0.00001
43.01000,1.98000,0.10598,0.89363,0.00013,0.00015,0.00011
43.21000,1.98000,0.91515,0.08478,0.00002,0.00001,0.00004
43.41000,1.98000,0.98630,0.01370,0.00000,0.00000,0.00000
43.61000,1.98000,0.99976,0.00023,0.00001,0.00000,0.00000
43.81000,1.98000,0.99967,0.00024,0.00006,0.00000,0.00002
44.01000,1.98000,0.99988,0.00001,0.00004,0.00001,0.00006
44.21000,1.98000,0.99991,0.00000,0.00001,0.00000,0.00008
44.41000,1.98000,1.00000,0.00000,0.00000,0.00000,0.00000
44.61000,1.98000,0.99999,0.00001,0.00000,0.00000,0.00000
44.81000,1.98000,0.99999,0.00001,0.00000,0.00000,0.00000
45.01000,1.98000,0.99996,0.00004,0.00000,0.00000,0.00000
45.21000,1.98000,0.99933,0.00066,0.00000,0.00000,0.00001
45.41000,1.98000,0.83081,0.14460,0.00679,0.00031,0.01749
45.61000,1.98000,0.65758,0.33461,0.00062,0.00014,0.00704
45.81000,1.98000,0.99809,0.00184,0.00001,0.00000,0.00006
46.01000,1.98000,0.99965,0.00032,0.00002,0.00000,0.00001
46.21000,1.98000,0.99973,0.00001,0.00015,0.00000,0.00011
46.41000,1.98000,0.99990,0.00001,0.00002,0.00000,0.00007
46.61000,1.98000,0.99930,0.00001,0.00005,0.00001,0.00062
46.81000,1.98000,0.99995,0.00000,0.00000,0.00000,0.00004
47.01000,1.98000,0.99976,0.00003,0.00000,0.00002,0.00019
47.21000,1.98000,1.00000,0.00000,0.00000,0.00000,0.00000
47.41000,1.98000,0.99982,0.00018,0.00000,0.00000,0.00000
47.61000,1.98000,0.99998,0.00002,0.00000,0.00000,0.00000
47.81000,1.98000,0.99958,0.00042,0.00000,0.00000,0.00000
48.01000,1.98000,0.90628,0.09358,0.00006,0.00001,0.00008
48.21000,1.98000,0.06812,0.93185,0.00002,0.00000,0.00001
48.41000,1.98000,0.94518,0.05478,0.00003,0.00000,0.00001
48.61000,1.98000,0.97806,0.02192,0.00002,0.00000,0.00000
48.81000,1.98000,0.99890,0.00102,0.00007,0.00000,0.00000
49.01000,1.98000,0.99983,0.00012,0.00005,0.00000,0.00001
49.21000,1.98000,0.99994,0.00004,0.00001,0.00000,0.00001
49.41000,1.98000,0.99999,0.00001,0.00000,0.00000,0.00000
49.61000,1.98000,0.99998,0.00001,0.00000,0.00000,0.00000
49.81000,1.98000,0.99992,0.00008,0.00000,0.00000,0.00000
50.01000,1.98000,0.99962,0.00038,0.00000,0.00000,0.00000
50.21000,1.98000,0.68152,0.31732,0.00056,0.00037,0.00023
50.41000,1.98000,0.41543,0.58321,0.00081,0.00013,0.00042
50.61000,1.98000,0.99137,0.00859,0.00003,0.00000,0.00000
50.81000,1.98000,0.99960,0.00036,0.00005,0.00000,0.00000
51.01000,1.98000,0.99991,0.00004,0.00005,0.00000,0.00000
51.21000,1.98000,0.99997,0.00001,0.00002,0.00000,0.00000
51.41000,1.98000,0.99999,0.00000,0.00001,0.00000,0.00000
51.61000,1.98000,1.00000,0.00000,0.00000,0.00000,0.00000
51.81000,1.98000,1.00000,0.00000,0.00000,0.00000,0.00000
52.01000,1.98000,0.99999,0.00001,0.00000,0.00000,0.00000
52.21000,1.98000,0.99996,0.00004,0.00000,0.00000,0.00000
52.41000,1.98000,0.59352,0.40573,0.00074,0.00000,0.00001
52.61000,1.98000,0.72202,0.26235,0.01435,0.00012,0.00115
52.81000,1.98000,0.99946,0.00053,0.00000,0.00000,0.00000
53.01000,1.98000,0.99962,0.00036,0.00002,0.00000,0.00000
53.21000,1.98000,0.99997,0.00001,0.00002,0.00000,0.00000
53.41000,1.98000,1.00000,0.00000,0.00000,0.00000,0.00000
53.61000,1.98000,1.00000,0.00000,0.00000,0.00000,0.00000
53.81000,1.98000,1.00000,0.00000,0.00000,0.00000,0.00000
54.01000,1.98000,0.99999,0.00001,0.00000,0.00000,0.00000
54.21000,1.98000,0.99825,0.00174,0.00000,0.00000,0.00000
54.41000,1.98000,0.13490,0.86218,0.00288,0.00000,0.00003
54.61000,1.98000,0.77455,0.22532,0.00012,0.00000,0.00000
54.81000,1.98000,0.99888,0.00112,0.00001,0.00000,0.00000
55.01000,1.98000,0.99988,0.00011,0.00001,0.00000,0.00000
55.21000,1.98000,0.99986,0.00004,0.00009,0.00000,0.00000
55.41000,1.98000,0.99999,0.00000,0.00001,0.00000,0.00000
55.61000,1.98000,0.99990,0.00000,0.00006,0.00001,0.00003
55.81000,1.98000,1.00000,0.00000,0.00000,0.00000,0.00000
56.01000,1.98000,0.99999,0.00001,0.00000,0.00000,0.00000
56.21000,1.98000,1.00000,0.00000,0.00000,0.00000,0.00000
56.41000,1.98000,0.99980,0.00020,0.00000,0.00000,0.00000
56.61000,1.98000,0.99885,0.00112,0.00002,0.00000,0.00001
56.81000,1.98000,0.18486,0.81285,0.00218,0.00004,0.00007
57.01000,1.98000,0.92931,0.06959,0.00032,0.00015,0.00062
57.21000,1.98000,0.99982,0.00018,0.00000,0.00000,0.00000
57.41000,1.98000,0.99990,0.00001,0.00009,0.00000,0.00000
57.61000,1.98000,0.99998,0.00000,0.00002,0.00000,0.00000
57.81000,1.98000,0.99996,0.00000,0.00002,0.00000,0.00001
58.01000,1.98000,0.99926,0.00001,0.00002,0.00014,0.00057
58.21000,1.98000,0.99957,0.00000,0.00001,0.00017,0.00026
58.41000,1.98000,0.99811,0.00000,0.00003,0.00048,0.00138
58.61000,1.98000,0.99980,0.00000,0.00000,0.00003,0.00016
58.81000,1.98000,0.99969,0.00000,0.00001,0.00003,0.00027
59.01000,1.98000,1.00000,0.00000,0.00000,0.00000,0.00000
59.21000,1.98000,1.00000,0.00000,0.00000,0.00000,0.00000
59.41000,1.98000,1.00000,0.00000,0.00000,0.00000,0.00000
59.61000,1.98000,0.99996,0.00004,0.00000,0.00000,0.00000
59.81000,1.98000,0.99921,0.00079,0.00000,0.00000,0.00000
60.01000,1.98000,0.43103,0.56690,0.00205,0.00000,0.00002
60.21000,1.98000,0.50139,0.49604,0.00206,0.00007,0.00044
60.41000,1.98000,0.99871,0.00129,0.00000,0.00000,0.00000
60.61000,1.98000,0.99977,0.00020,0.00003,0.00000,0.00000
60.81000,1.98000,0.99995,0.00003,0.00002,0.00000,0.00000
61.01000,1.98000,0.99998,0.00000,0.00001,0.00000,0.00000
61.21000,1.98000,0.99996,0.00000,0.00002,0.00000,0.00001
61.41000,1.98000,0.99981,0.00000,0.00001,0.00007,0.00011
61.61000,1.98000,0.99986,0.00000,0.00001,0.00001,0.00012
61.81000,1.98000,1.00000,0.00000,0.00000,0.00000,0.00000
62.01000,1.98000,0.99998,0.00002,0.00000,0.00000,0.00000
62.21000,1.98000,0.99999,0.00001,0.00000,0.00000,0.00000
62.41000,1.98000,0.99997,0.00003,0.00000,0.00000,0.00000
62.61000,1.98000,0.99002,0.00996,0.00002,0.00000,0.00000
62.81000,1.98000,0.14710,0.85214,0.00074,0.00001,0.00001
63.01000,1.98000,0.91180,0.08816,0.00003,0.00000,0.00001
63.21000,1.98000,0.99655,0.00344,0.00001,0.00000,0.00000
63.41000,1.98000,0.99981,0.00017,0.00002,0.00000,0.00000
63.61000,1.98000,0.99997,0.00002,0.00001,0.00000,0.00000
63.81000,1.98000,0.99997,0.00001,0.00002,0.00000,0.00000
64.01000,1.98000,0.99997,0.00000,0.00001,0.00001,0.00002
64.21000,1.98000,0.99999,0.00000,0.00000,0.00000,0.00001
64.41000,1.98000,1.00000,0.00000,0.00000,0.00000,0.00000
64.61000,1.98000,1.00000,0.00000,0.00000,0.00000,0.00000
64.81000,1.98000,0.99992,0.00008,0.00000,0.00000,0.00000
65.01000,1.98000,0.99881,0.00119,0.00000,0.00000,0.00000
65.21000,1.98000,0.33827,0.66087,0.00052,0.00012,0.00021
65.41000,1.98000,0.41085,0.58815,0.00039,0.00027,0.00033
65.61000,1.98000,0.99642,0.00356,0.00002,0.00000,0.00000
65.81000,1.98000,0.99809,0.00183,0.00007,0.00000,0.00001
66.01000,1.98000,0.99996,0.00002,0.00002,0.00000,0.00000
66.21000,1.98000,0.99995,0.00000,0.00003,0.00000,0.00002
66.41000,1.98000,0.99990,0.00000,0.00002,0.00002,0.00006
66.61000,1.98000,0.99999,0.00000,0.00000,0.00000,0.00001
66.81000,1.98000,1.00000,0.00000,0.00000,0.00000,0.00000
67.01000,1.98000,1.00000,0.00000,0.00000,0.00000,0.00000
67.21000,1.98000,0.99996,0.00004,0.00000,0.00000,0.00000
67.41000,1.98000,0.99947,0.00053,0.00000,0.00000,0.00000
67.61000,1.98000,0.76060,0.23911,0.00021,0.00002,0.00007
67.81000,1.98000,0.25719,0.74242,0.00033,0.00003,0.00003
68.01000,1.98000,0.98329,0.01663,0.00006,0.00000,0.00001
68.21000,1.98000,0.99944,0.00054,0.00002,0.00000,0.00000
68.41000,1.98000,0.99991,0.00006,0.00003,0.00000,0.00000
68.61000,1.98000,0.99996,0.00002,0.00002,0.00000,0.00000
68.81000,1.98000,0.99973,0.00001,0.00005,0.00005,0.00016
69.01000,1.98000,0.99976,0.00000,0.00001,0.00010,0.00013
69.21000,1.98000,0.99991,0.00000,0.00000,0.00002,0.00006
69.41000,1.98000,0.99990,0.00000,0.00000,0.00001,0.00009
69.61000,1.98000,1.00000,0.00000,0.00000,0.00000,0.00000
69.81000,1.98000,0.99998,0.00001,0.00000,0.00000,0.00000
70.01000,1.98000,1.00000,0.00000,0.00000,0.00000,0.00000
70.21000,1.98000,0.99995,0.00005,0.00000,0.00000,0.00000
70.41000,1.98000,0.98905,0.01094,0.00001,0.00000,0.00000
70.61000,1.98000,0.18733,0.81185,0.00058,0.00013,0.00010
70.81000,1.98000,0.95612,0.04386,0.00001,0.00000,0.00000
71.01000,1.98000,0.99614,0.00385,0.00001,0.00000,0.00000
71.21000,1.98000,0.99981,0.00018,0.00001,0.00000,0.00000
71.41000,1.98000,0.99993,0.00006,0.00001,0.00000,0.00000
71.61000,1.98000,0.99998,0.00000,0.00001,0.00000,0.00000
71.81000,1.98000,0.99995,0.00000,0.00001,0.00001,0.00003
72.01000,1.98000,0.99994,0.00000,0.00000,0.00001,0.00005
72.21000,1.98000,0.99996,0.00000,0.00000,0.00001,0.00003
72.41000,1.98000,0.99995,0.00000,0.00000,0.00001,0.00004
72.61000,1.98000,0.99997,0.00000,0.00000,0.00000,0.00002
72.81000,1.98000,1.00000,0.00000,0.00000,0.00000,0.00000
73.01000,1.98000,1.00000,0.00000,0.00000,0.00000,0.00000
73.21000,1.98000,0.99999,0.00001,0.00000,0.00000,0.00000
73.41000,1.98000,0.99994,0.00006,0.00000,0.00000,0.00000
73.61000,1.98000,0.89600,0.10388,0.00008,0.00001,0.00003
73.81000,1.98000,0.27476,0.72428,0.00092,0.00001,0.00003
74.01000,1.98000,0.99632,0.00367,0.00001,0.00000,0.00000
74.21000,1.98000,0.99841,0.00158,0.00001,0.00000,0.00000
74.41000,1.98000,0.99996,0.00003,0.00001,0.00000,0.00000
74.61000,1.98000,0.99998,0.00001,0.00001,0.00000,0.00000
74.81000,1.98000,0.99997,0.00000,0.00002,0.00000,0.00001
75.01000,1.98000,0.99998,0.00000,0.00000,0.00000,0.00001
75.21000,1.98000,1.00000,0.00000,0.00000,0.00000,0.00000
75.41000,1.98000,1.00000,0.00000,0.00000,0.00000,0.00000
75.61000,1.98000,0.99998,0.00002,0.00000,0.00000,0.00000
75.81000,1.98000,0.99950,0.00050,0.00000,0.00000,0.00000
76.01000,1.98000,0.44094,0.55543,0.00352,0.00002,0.00010
76.21000,1.98000,0.73923,0.25780,0.00280,0.00001,0.00016
76.41000,1.98000,0.99842,0.00158,0.00000,0.00000,0.00000
76.61000,1.98000,0.99958,0.00037,0.00004,0.00000,0.00000
76.81000,1.98000,0.99996,0.00002,0.00002,0.00000,0.00000
77.01000,1.98000,0.99999,0.00000,0.00001,0.00000,0.00000
77.21000,1.98000,0.99997,0.00000,0.00002,0.00000,0.00001
77.41000,1.98000,0.99996,0.00000,0.00000,0.00001,0.00003
77.61000,1.98000,0.99998,0.00000,0.00000,0.00000,0.00002
77.81000,1.98000,1.00000,0.00000,0.00000,0.00000,0.00000
78.01000,1.98000,1.00000,0.00000,0.00000,0.00000,0.00000
78.21000,1.98000,0.99999,0.00001,0.00000,0.00000,0.00000
78.41000,1.98000,0.99995,0.00005,0.00000,0.00000,0.00000
78.61000,1.98000,0.97681,0.02315,0.00004,0.00000,0.00000
78.81000,1.98000,0.33632,0.66217,0.00150,0.00000,0.00000
79.01000,1.98000,0.98479,0.01520,0.00001,0.00000,0.00000
79.21000,1.98000,0.99700,0.00299,0.00001,0.00000,0.00000
79.41000,1.98000,0.99985,0.00013,0.00001,0.00000,0.00000
79.61000,1.98000,0.99999,0.00001,0.00000,0.00000,0.00000
79.81000,1.98000,0.99998,0.00000,0.00001,0.00000,0.00001
80.01000,1.98000,0.99998,0.00000,0.00000,0.00001,0.00001
80.21000,1.98000,1.00000,0.00000,0.00000,0.00000,0.00000
80.41000,1.98000,1.00000,0.00000,0.00000,0.00000,0.00000
80.61000,1.98000,0.99997,0.00003,0.00000,0.00000,0.00000
80.81000,1.98000,0.99901,0.00099,0.00000,0.00000,0.00000
81.01000,1.98000,0.55519,0.44443,0.00034,0.00001,0.00002
81.21000,1.98000,0.67751,0.32074,0.00146,0.00007,0.00023
81.41000,1.98000,0.99586,0.00414,0.00001,0.00000,0.00000
81.61000,1.98000,0.99873,0.00124,0.00003,0.00000,0.00000
81.81000,1.98000,0.99994,0.00004,0.00003,0.00000,0.00000
82.01000,1.98000,0.99998,0.00000,0.00001,0.00000,0.00000
82.21000,1.98000,0.99998,0.00000,0.00001,0.00000,0.00001
82.41000,1.98000,0.99996,0.00000,0.00000,0.00001,0.00003
82.61000,1.98000,0.99997,0.00000,0.00000,0.00001,0.00002
82.81000,1.98000,1.00000,0.00000,0.00000,0.00000,0.00000
83.01000,1.98000,1.00000,0.00000,0.00000,0.00000,0.00000
83.21000,1.98000,0.99996,0.00004,0.00000,0.00000,0.00000
83.41000,1.98000,0.99991,0.00009,0.00000,0.00000,0.00000
83.61000,1.98000,0.52445,0.47538,0.00016,0.00000,0.00001
83.81000,1.98000,0.32240,0.67646,0.00073,0.00028,0.00012
84.01000,1.98000,0.99379,0.00619,0.00002,0.00000,0.00000
84.21000,1.98000,0.99958,0.00042,0.00001,0.00000,0.00000
84.41000,1.98000,0.99995,0.00003,0.00001,0.00000,0.00000
84.61000,1.98000,0.99997,0.00001,0.00002,0.00000,0.00000
84.81000,1.98000,0.99999,0.00000,0.00000,0.00000,0.00001
85.01000,1.98000,1.00000,0.00000,0.00000,0.00000,0.00000
85.21000,1.98000,1.00000,0.00000,0.00000,0.00000,0.00000
85.41000,1.98000,1.00000,0.00000,0.00000,0.00000,0.00000
85.61000,1.98000,0.99999,0.00001,0.00000,0.00000,0.00000
85.81000,1.98000,0.97239,0.02751,0.00008,0.00000,0.00002
86.01000,1.98000,0.17984,0.81878,0.00134,0.00001,0.00003
86.21000,1.98000,0.98922,0.01074,0.00003,0.00000,0.00001
86.41000,1.98000,0.99859,0.00140,0.00001,0.00000,0.00000
86.61000,1.98000,0.99990,0.00007,0.00004,0.00000,0.00000
86.81000,1.98000,0.99995,0.00005,0.00000,0.00000,0.00000
87.01000,1.98000,1.00000,0.00000,0.00000,0.00000,0.00000
87.21000,1.98000,0.99999,0.00001,0.00000,0.00000,0.00000
87.41000,1.98000,0.99990,0.00010,0.00000,0.00000,0.00000
87.61000,1.98000,0.99899,0.00101,0.00000,0.00000,0.00000
87.81000,1.98000,0.52807,0.47015,0.00099,0.00010,0.00069
88.01000,1.98000,0.26314,0.73494,0.00140,0.00024,0.00028
88.21000,1.98000,0.99186,0.00788,0.00022,0.00000,0.00003
88.41000,1.98000,0.99887,0.00102,0.00010,0.00000,0.00000
88.61000,1.98000,0.99989,0.00005,0.00005,0.00000,0.00000
88.81000,1.98000,0.99996,0.00001,0.00002,0.00000,0.00000
89.01000,1.98000,0.99993,0.00000,0.00003,0.00001,0.00003
89.21000,1.98000,0.99997,0.00000,0.00000,0.00001,0.00002
89.41000,1.98000,1.00000,0.00000,0.00000,0.00000,0.00000
89.61000,1.98000,1.00000,0.00000,0.00000,0.00000,0.00000
89.81000,1.98000,1.00000,0.00000,0.00000,0.00000,0.00000
90.01000,1.98000,0.99997,0.00003,0.00000,0.00000,0.00000
90.21000,1.98000,0.99086,0.00909,0.00004,0.00000,0.00001
90.41000,1.98000,0.54275,0.22038,0.22067,0.00103,0.01517
90.61000,1.98000,0.86817,0.13157,0.00020,0.00002,0.00005
90.81000,1.98000,0.99830,0.00163,0.00007,0.00000,0.00000
91.01000,1.98000,0.99974,0.00015,0.00010,0.00000,0.00000
91.21000,1.98000,0.99998,0.00001,0.00001,0.00000,0.00000
91.41000,1.98000,0.99997,0.00001,0.00002,0.00000,0.00000
91.61000,1.98000,1.00000,0.00000,0.00000,0.00000,0.00000
91.81000,1.98000,0.99999,0.00001,0.00000,0.00000,0.00000
92.01000,1.98000,0.99999,0.00001,0.00000,0.00000,0.00000
92.21000,1.98000,0.99989,0.00011,0.00000,0.00000,0.00000
92.41000,1.98000,0.99404,0.00578,0.00003,0.00003,0.00012
92.61000,1.98000,0.09899,0.90061,0.00004,0.00025,0.00011
92.81000,1.98000,0.96409,0.03427,0.00020,0.00046,0.00098
93.01000,1.98000,0.98571,0.01424,0.00003,0.00000,0.00001
93.21000,1.98000,0.99955,0.00031,0.00013,0.00000,0.00001
93.41000,1.98000,0.99984,0.00003,0.00010,0.00001,0.00002
93.61000,1.98000,0.99987,0.00001,0.00006,0.00001,0.00006
93.81000,1.98000,0.99997,0.00000,0.00000,0.00001,0.00002
94.01000,1.98000,0.99999,0.00001,0.00000,0.00000,0.00000
94.21000,1.98000,0.99999,0.00000,0.00000,0.00000,0.00000
94.41000,1.98000,0.99985,0.00015,0.00000,0.00000,0.00000
94.61000,1.98000,0.99981,0.00019,0.00000,0.00000,0.00000
94.81000,1.98000,0.44140,0.55743,0.00046,0.00026,0.00044
95.01000,1.98000,0.81617,0.17693,0.00074,0.00067,0.00550
95.21000,1.98000,0.99214,0.00753,0.00009,0.00000,0.00023
95.41000,1.98000,0.99976,0.00014,0.00008,0.00000,0.00003
95.61000,1.98000,0.99753,0.00009,0.00233,0.00000,0.00004
95.81000,1.98000,0.99935,0.00001,0.00048,0.00001,0.00016
96.01000,1.98000,0.99920,0.00003,0.00073,0.00001,0.00003
96.21000,1.98000,0.99963,0.00000,0.00030,0.00002,0.00006
96.41000,1.98000,0.99999,0.00000,0.00000,0.00000,0.00000
96.61000,1.98000,1.00000,0.00000,0.00000,0.00000,0.00000
96.81000,1.98000,0.99998,0.00000,0.00001,0.00000,0.00000
97.01000,1.98000,0.99999,0.00000,0.00001,0.00000,0.00000
97.21000,1.98000,1.00000,0.00000,0.00000,0.00000,0.00000
97.41000,1.98000,1.00000,0.00000,0.00000,0.00000,0.00000
97.61000,1.98000,0.99998,0.00000,0.00000,0.00000,0.00002
97.81000,1.98000,0.99999,0.00000,0.00000,0.00000,0.00001
98.01000,1.98000,0.99998,0.00000,0.00000,0.00000,0.00001
98.21000,1.98000,0.99996,0.00000,0.00000,0.00001,0.00003
98.41000,1.98000,0.99997,0.00000,0.00000,0.00000,0.00003
98.61000,1.98000,0.99999,0.00000,0.00000,0.00000,0.00000
98.81000,1.98000,1.00000,0.00000,0.00000,0.00000,0.00000
99.01000,1.98000,1.00000,0.00000,0.00000,0.00000,0.00000
99.21000,1.98000,0.99998,0.00002,0.00000,0.00000,0.00000
99.41000,1.98000,0.99886,0.00110,0.00000,0.00002,0.00002
99.61000,1.98000,0.28456,0.69929,0.00188,0.00886,0.00541
99.81000,1.98000,0.75710,0.20545,0.00263,0.02273,0.01210
100.01000,1.98000,0.99963,0.00036,0.00000,0.00000,0.00000
100.21000,1.98000,0.99900,0.00086,0.00009,0.00001,0.00004
100.41000,1.98000,0.99989,0.00006,0.00004,0.00000,0.00001
100.61000,1.98000,0.99977,0.00005,0.00007,0.00004,0.00008
100.81000,1.98000,0.99946,0.00005,0.00002,0.00017,0.00029
101.01000,1.98000,0.99974,0.00002,0.00001,0.00014,0.00009
101.21000,1.98000,0.99966,0.00001,0.00002,0.00013,0.00019
101.41000,1.98000,0.99984,0.00000,0.00001,0.00006,0.00008
101.61000,1.98000,0.99988,0.00004,0.00000,0.00002,0.00006
101.81000,1.98000,1.00000,0.00000,0.00000,0.00000,0.00000
102.01000,1.98000,0.99995,0.00005,0.00000,0.00000,0.00000
102.21000,1.98000,0.99976,0.00024,0.00000,0.00000,0.00000
102.41000,1.98000,0.99920,0.00080,0.00000,0.00000,0.00000
102.61000,1.98000,0.62036,0.37961,0.00002,0.00000,0.00001
102.81000,1.98000,0.18745,0.81212,0.00024,0.00008,0.00010
103.01000,1.98000,0.96928,0.03067,0.00004,0.00000,0.00001
103.21000,1.98000,0.99817,0.00182,0.00001,0.00000,0.00000
103.41000,1.98000,0.99977,0.00020,0.00003,0.00000,0.00000
103.61000,1.98000,0.99993,0.00003,0.00002,0.00000,0.00001
103.81000,1.98000,0.99991,0.00000,0.00004,0.00001,0.00004
104.01000,1.98000,0.99995,0.00000,0.00000,0.00001,0.00003
104.21000,1.98000,0.99996,0.00000,0.00000,0.00001,0.00003
104.41000,1.98000,0.99994,0.00000,0.00000,0.00001,0.00004
104.61000,1.98000,0.99996,0.00000,0.00000,0.00001,0.00003
104.81000,1.98000,0.99999,0.00000,0.00000,0.00000,0.00001
105.01000,1.98000,1.00000,0.00000,0.00000,0.00000,0.00000
105.21000,1.98000,1.00000,0.00000,0.00000,0.00000,0.00000
105.41000,1.98000,0.99997,0.00003,0.00000,0.00000,0.00000
105.61000,1.98000,0.99980,0.00020,0.00000,0.00000,0.00000
105.81000,1.98000,0.79894,0.20058,0.00021,0.00006,0.00020
106.01000,1.98000,0.19670,0.80278,0.00025,0.00017,0.00010
106.21000,1.98000,0.98812,0.01182,0.00003,0.00001,0.00002
106.41000,1.98000,0.99808,0.00188,0.00004,0.00000,0.00000
106.61000,1.98000,0.99988,0.00008,0.00004,0.00000,0.00000
106.81000,1.98000,0.99994,0.00003,0.00002,0.00000,0.00000
107.01000,1.98000,0.99992,0.00000,0.00004,0.00001,0.00003
107.21000,1.98000,0.99996,0.00000,0.00000,0.00001,0.00002
107.41000,1.98000,0.99999,0.00000,0.00000,0.00000,0.00000
107.61000,1.98000,1.00000,0.00000,0.00000,0.00000,0.00000
107.81000,1.98000,0.99999,0.00001,0.00000,0.00000,0.00000
108.01000,1.98000,0.99990,0.00010,0.00000,0.00000,0.00000
108.21000,1.98000,0.99940,0.00060,0.00000,0.00000,0.00000
108.41000,1.98000,0.42681,0.57272,0.00035,0.00003,0.00009
108.61000,1.98000,0.27359,0.72556,0.00024,0.00044,0.00018
108.81000,1.98000,0.98994,0.01004,0.00002,0.00000,0.00000
109.01000,1.98000,0.99964,0.00034,0.00002,0.00000,0.00000
109.21000,1.98000,0.99991,0.00006,0.00003,0.00000,0.00000
109.41000,1.98000,0.99992,0.00001,0.00005,0.00000,0.00001
109.61000,1.98000,0.99996,0.00000,0.00001,0.00000,0.00002
109.81000,1.98000,0.99996,0.00000,0.00000,0.00001,0.00002
110.01000,1.98000,1.00000,0.00000,0.00000,0.00000,0.00000
110.21000,1.98000,1.00000,0.00000,0.00000,0.00000,0.00000
110.41000,1.98000,0.99999,0.00001,0.00000,0.00000,0.00000
110.61000,1.98000,0.99992,0.00008,0.00000,0.00000,0.00000
110.81000,1.98000,0.70148,0.29816,0.00029,0.00001,0.00006
111.01000,1.98000,0.41316,0.57425,0.00160,0.00956,0.00143
111.21000,1.98000,0.99189,0.00809,0.00002,0.00000,0.00000
111.41000,1.98000,0.99927,0.00070,0.00003,0.00000,0.00000
111.61000,1.98000,0.99992,0.00006,0.00002,0.00000,0.00000
111.81000,1.98000,0.99992,0.00001,0.00005,0.00000,0.00001
112.01000,1.98000,0.99997,0.00000,0.00001,0.00000,0.00001
112.21000,1.98000,0.99998,0.00000,0.00000,0.00000,0.00001
112.41000,1.98000,1.00000,0.00000,0.00000,0.00000,0.00000
112.61000,1.98000,1.00000,0.00000,0.00000,0.00000,0.00000
112.81000,1.98000,0.99999,0.00001,0.00000,0.00000,0.00000
113.01000,1.98000,0.99988,0.00012,0.00000,0.00000,0.00000
113.21000,1.98000,0.80944,0.19040,0.00015,0.00000,0.00001
113.41000,1.98000,0.44367,0.55363,0.00258,0.00004,0.00008
113.61000,1.98000,0.99499,0.00501,0.00000,0.00000,0.00000
113.81000,1.98000,0.99901,0.00097,0.00003,0.00000,0.00000
114.01000,1.98000,0.99984,0.00011,0.00004,0.00000,0.00000
114.21000,1.98000,0.99997,0.00000,0.00002,0.00000,0.00000
114.41000,1.98000,0.99998,0.00000,0.00001,0.00000,0.00000
114.61000,1.98000,0.99994,0.00000,0.00001,0.00002,0.00004
114.81000,1.98000,0.99997,0.00000,0.00000,0.00000,0.00002
115.01000,1.98000,1.00000,0.00000,0.00000,0.00000,0.00000
115.21000,1.98000,1.00000,0.00000,0.00000,0.00000,0.00000
115.41000,1.98000,1.00000,0.00000,0.00000,0.00000,0.00000
115.61000,1.98000,0.99996,0.00004,0.00000,0.00000,0.00000
115.81000,1.98000,0.98422,0.01568,0.00005,0.00001,0.00003
116.01000,1.98000,0.29117,0.70738,0.00144,0.00000,0.00001
116.21000,1.98000,0.98729,0.01265,0.00003,0.00001,0.00003
116.41000,1.98000,0.99721,0.00278,0.00001,0.00000,0.00000
116.61000,1.98000,0.99989,0.00006,0.00005,0.00000,0.00000
116.81000,1.98000,0.99999,0.00000,0.00000,0.00000,0.00000
117.01000,1.98000,0.99997,0.00000,0.00002,0.00000,0.00001
117.21000,1.98000,0.99994,0.00000,0.00000,0.00002,0.00004
117.41000,1.98000,0.99996,0.00000,0.00000,0.00000,0.00003
117.61000,1.98000,1.00000,0.00000,0.00000,0.00000,0.00000
117.81000,1.98000,1.00000,0.00000,0.00000,0.00000,0.00000
118.01000,1.98000,0.99996,0.00004,0.00000,0.00000,0.00000
118.21000,1.98000,0.99994,0.00006,0.00000,0.00000,0.00000
118.41000,1.98000,0.74507,0.25490,0.00003,0.00000,0.00000
118.61000,1.98000,0.18031,0.81953,0.00006,0.00007,0.00005
118.81000,1.98000,0.94821,0.05174,0.00005,0.00000,0.00000
119.01000,1.98000,0.99919,0.00079,0.00001,0.00000,0.00000
119.21000,1.98000,0.99985,0.00014,0.00001,0.00000,0.00000
119.41000,1.98000,0.99995,0.00002,0.00002,0.00000,0.00000
119.61000,1.98000,0.99997,0.00000,0.00002,0.00000,0.00001
119.81000,1.98000,0.99996,0.00000,0.00001,0.00001,0.00002
120.01000,1.98000,0.99995,0.00000,0.00000,0.00001,0.00004
120.21000,1.98000,0.99995,0.00000,0.00000,0.00000,0.00004
120.41000,1.98000,0.99992,0.00000,0.00000,0.00000,0.00007
120.61000,1.98000,0.99996,0.00000,0.00000,0.00000,0.00004
120.81000,1.98000,0.99983,0.00000,0.00001,0.00000,0.00016
121.01000,1.98000,0.99983,0.00000,0.00001,0.00002,0.00015
121.21000,1.98000,0.99939,0.00000,0.00003,0.00004,0.00054
121.41000,1.98000,0.99842,0.00000,0.00006,0.00002,0.00150
121.61000,1.98000,0.99950,0.00000,0.00000,0.00002,0.00048
121.81000,1.98000,0.99994,0.00000,0.00000,0.00000,0.00005
122.01000,1.98000,0.99990,0.00000,0.00002,0.00000,0.00008
122.21000,1.98000,0.99910,0.00000,0.00031,0.00003,0.00055
122.41000,1.98000,0.99753,0.00000,0.00034,0.00106,0.00107
122.61000,1.98000,0.99991,0.00000,0.00000,0.00001,0.00007
122.81000,1.98000,0.99997,0.00000,0.00001,0.00000,0.00003
123.01000,1.98000,0.99992,0.00000,0.00003,0.00000,0.00005
