Time (seconds), Duration (seconds),pred_unlabelled,pred_circle,pred_shaking
0.01000,1.98000,0.39605,0.60373,0.00022
0.21000,1.98000,0.21209,0.78784,0.00007
0.41000,1.98000,0.09387,0.90609,0.00004
0.61000,1.98000,0.03930,0.96057,0.00014
0.81000,1.98000,0.02146,0.97850,0.00004
1.01000,1.98000,0.00489,0.99510,0.00000
1.21000,1.98000,0.00277,0.99723,0.00000
1.41000,1.98000,0.00274,0.99725,0.00001
1.61000,1.98000,0.00519,0.99480,0.00001
1.81000,1.98000,0.00653,0.99345,0.00002
2.01000,1.98000,0.00383,0.99615,0.00002
2.21000,1.98000,0.00169,0.99830,0.00000
2.41000,1.98000,0.00149,0.99851,0.00000
2.61000,1.98000,0.00188,0.99812,0.00000
2.81000,1.98000,0.00614,0.99385,0.00001
3.01000,1.98000,0.01190,0.98809,0.00001
3.21000,1.98000,0.01900,0.98098,0.00002
3.41000,1.98000,0.03955,0.96034,0.00011
3.61000,1.98000,0.06406,0.93574,0.00020
3.81000,1.98000,0.15064,0.84863,0.00073
4.01000,1.98000,0.19949,0.79951,0.00100
4.21000,1.98000,0.12648,0.87234,0.00118
4.41000,1.98000,0.05266,0.94700,0.00034
4.61000,1.98000,0.02113,0.97876,0.00010
4.81000,1.98000,0.01445,0.98547,0.00008
5.01000,1.98000,0.01673,0.98309,0.00019
5.21000,1.98000,0.00903,0.99090,0.00007
5.41000,1.98000,0.01022,0.98967,0.00011
5.61000,1.98000,0.01009,0.98984,0.00007
5.81000,1.98000,0.00864,0.99126,0.00009
6.01000,1.98000,0.02729,0.97236,0.00035
6.21000,1.98000,0.04789,0.95142,0.00069
6.41000,1.98000,0.11805,0.87896,0.00299
6.61000,1.98000,0.13115,0.86630,0.00256
6.81000,1.98000,0.09093,0.90718,0.00189
7.01000,1.98000,0.07802,0.92005,0.00193
7.21000,1.98000,0.07180,0.92490,0.00330
7.41000,1.98000,0.06157,0.93487,0.00355
7.61000,1.98000,0.06840,0.92649,0.00511
7.81000,1.98000,0.06200,0.93371,0.00429
8.01000,1.98000,0.07635,0.92125,0.00239
8.21000,1.98000,0.03988,0.95982,0.00030
8.41000,1.98000,0.02801,0.97194,0.00005
8.61000,1.98000,0.08435,0.91533,0.00032
8.81000,1.98000,0.38066,0.61896,0.00039
9.01000,1.98000,0.82411,0.17578,0.00011
9.21000,1.98000,0.96970,0.03028,0.00002
9.41000,1.98000,0.99625,0.00374,0.00000
9.61000,1.98000,0.99951,0.00049,0.00000
9.81000,1.98000,0.99996,0.00004,0.00000
10.01000,1.98000,0.99999,0.00001,0.00000
10.21000,1.98000,1.00000,0.00000,0.00000
10.41000,1.98000,1.00000,0.00000,0.00000
10.61000,1.98000,1.00000,0.00000,0.00000
10.81000,1.98000,1.00000,0.00000,0.00000
11.01000,1.98000,1.00000,0.00000,0.00000
11.21000,1.98000,1.00000,0.00000,0.00000
11.41000,1.98000,1.00000,0.00000,0.00000
11.61000,1.98000,1.00000,0.00000,0.00000
11.81000,1.98000,1.00000,0.00000,0.00000
12.01000,1.98000,1.00000,0.00000,0.00000
12.21000,1.98000,1.00000,0.00000,0.00000
12.41000,1.98000,1.00000,0.00000,0.00000
12.61000,1.98000,1.00000,0.00000,0.00000
12.81000,1.98000,1.00000,0.00000,0.00000
13.01000,1.98000,1.00000,0.00000,0.00000
13.21000,1.98000,1.00000,0.00000,0.00000
13.41000,1.98000,1.00000,0.00000,0.00000
13.61000,1.98000,1.00000,0.00000,0.00000
13.81000,1.98000,1.00000,0.00000,0.00000
14.01000,1.98000,1.00000,0.00000,0.00000
14.21000,1.98000,1.00000,0.00000,0.00000
14.41000,1.98000,0.99999,0.00000,0.00000
14.61000,1.98000,0.99999,0.00000,0.00001
14.81000,1.98000,0.99994,0.00001,0.00004
15.01000,1.98000,0.99995,0.00002,0.00003
15.21000,1.98000,0.99980,0.00008,0.00012
15.41000,1.98000,0.99957,0.00022,0.00021
15.61000,1.98000,0.99967,0.00015,0.00017
15.81000,1.98000,0.99839,0.00109,0.00053
16.01000,1.98000,0.99504,0.00451,0.00045
16.21000,1.98000,0.99202,0.00778,0.00020
16.41000,1.98000,0.98667,0.01326,0.00007
16.61000,1.98000,0.98970,0.01028,0.00001
16.81000,1.98000,0.99319,0.00680,0.00001
17.01000,1.98000,0.99455,0.00544,0.00001
17.21000,1.98000,0.99871,0.00129,0.00000
17.41000,1.98000,0.99969,0.00031,0.00000
17.61000,1.98000,0.99988,0.00012,0.00000
17.81000,1.98000,0.99999,0.00001,0.00000
18.01000,1.98000,1.00000,0.00000,0.00000
18.21000,1.98000,1.00000,0.00000,0.00000
18.41000,1.98000,1.00000,0.00000,0.00000
18.61000,1.98000,1.00000,0.00000,0.00000
18.81000,1.98000,1.00000,0.00000,0.00000
19.01000,1.98000,1.00000,0.00000,0.00000
19.21000,1.98000,0.99999,0.00000,0.00001
19.41000,1.98000,0.99993,0.00001,0.00006
19.61000,1.98000,0.99938,0.00008,0.00054
19.81000,1.98000,0.99333,0.00038,0.00630
20.01000,1.98000,0.95010,0.00044,0.04947
20.21000,1.98000,0.58651,0.00110,0.41239
20.41000,1.98000,0.06501,0.00074,0.93425
20.61000,1.98000,0.04675,0.00085,0.95240
20.81000,1.98000,0.04418,0.00055,0.95527
21.01000,1.98000,0.05761,0.00153,0.94086
21.21000,1.98000,0.03366,0.00014,0.96620
21.41000,1.98000,0.04683,0.00033,0.95284
21.61000,1.98000,0.04280,0.00023,0.95697
21.81000,1.98000,0.04007,0.00013,0.95980
22.01000,1.98000,0.03892,0.00065,0.96042
22.21000,1.98000,0.03831,0.00011,0.96158
22.41000,1.98000,0.07740,0.00014,0.92246
22.61000,1.98000,0.06838,0.00017,0.93145
22.81000,1.98000,0.07220,0.00019,0.92761
23.01000,1.98000,0.10033,0.00089,0.89878
23.21000,1.98000,0.10381,0.00030,0.89589
23.41000,1.98000,0.10515,0.00045,0.89440
23.61000,1.98000,0.10121,0.00041,0.89838
23.81000,1.98000,0.09591,0.00018,0.90391
24.01000,1.98000,0.08106,0.00027,0.91867
24.21000,1.98000,0.09662,0.00032,0.90306
24.41000,1.98000,0.05304,0.00004,0.94692
24.61000,1.98000,0.09135,0.00003,0.90862
24.81000,1.98000,0.06024,0.00001,0.93974
25.01000,1.98000,0.04717,0.00000,0.95283
25.21000,1.98000,0.05417,0.00002,0.94581
25.41000,1.98000,0.04930,0.00001,0.95069
25.61000,1.98000,0.04730,0.00001,0.95270
25.81000,1.98000,0.04122,0.00003,0.95875
26.01000,1.98000,0.03561,0.00001,0.96438
26.21000,1.98000,0.04795,0.00004,0.95201
26.41000,1.98000,0.05421,0.00004,0.94575
26.61000,1.98000,0.04785,0.00004,0.95210
26.81000,1.98000,0.04641,0.00006,0.95353
27.01000,1.98000,0.03416,0.00001,0.96582
27.21000,1.98000,0.04016,0.00007,0.95976
27.41000,1.98000,0.04364,0.00006,0.95630
27.61000,1.98000,0.05267,0.00028,0.94705
27.81000,1.98000,0.04517,0.00046,0.95437
28.01000,1.98000,0.03973,0.00015,0.96012
28.21000,1.98000,0.04627,0.00044,0.95329
28.41000,1.98000,0.03586,0.00038,0.96376
28.61000,1.98000,0.04786,0.00161,0.95053
28.81000,1.98000,0.18276,0.00311,0.81413
29.01000,1.98000,0.55014,0.00694,0.44292
29.21000,1.98000,0.87880,0.00181,0.11939
29.41000,1.98000,0.97181,0.00055,0.02764
29.61000,1.98000,0.99711,0.00005,0.00284
29.81000,1.98000,0.99943,0.00009,0.00048
30.01000,1.98000,0.99993,0.00001,0.00006
30.21000,1.98000,0.99999,0.00000,0.00001
30.41000,1.98000,1.00000,0.00000,0.00000
30.61000,1.98000,1.00000,0.00000,0.00000
30.81000,1.98000,1.00000,0.00000,0.00000
31.01000,1.98000,1.00000,0.00000,0.00000
31.21000,1.98000,1.00000,0.00000,0.00000
31.41000,1.98000,1.00000,0.00000,0.00000
31.61000,1.98000,1.00000,0.00000,0.00000
31.81000,1.98000,1.00000,0.00000,0.00000
32.01000,1.98000,1.00000,0.00000,0.00000
32.21000,1.98000,1.00000,0.00000,0.00000
32.41000,1.98000,1.00000,0.00000,0.00000
32.61000,1.98000,1.00000,0.00000,0.00000
32.81000,1.98000,1.00000,0.00000,0.00000
33.01000,1.98000,1.00000,0.00000,0.00000
33.21000,1.98000,1.00000,0.00000,0.00000
33.41000,1.98000,1.00000,0.00000,0.00000
33.61000,1.98000,1.00000,0.00000,0.00000
33.81000,1.98000,1.00000,0.00000,0.00000
34.01000,1.98000,1.00000,0.00000,0.00000
34.21000,1.98000,1.00000,0.00000,0.00000
34.41000,1.98000,1.00000,0.00000,0.00000
34.61000,1.98000,1.00000,0.00000,0.00000
34.81000,1.98000,1.00000,0.00000,0.00000
35.01000,1.98000,1.00000,0.00000,0.00000
35.21000,1.98000,1.00000,0.00000,0.00000
35.41000,1.98000,1.00000,0.00000,0.00000
35.61000,1.98000,1.00000,0.00000,0.00000
35.81000,1.98000,1.00000,0.00000,0.00000
36.01000,1.98000,1.00000,0.00000,0.00000
36.21000,1.98000,1.00000,0.00000,0.00000
36.41000,1.98000,1.00000,0.00000,0.00000
36.61000,1.98000,1.00000,0.00000,0.00000
36.81000,1.98000,1.00000,0.00000,0.00000
37.01000,1.98000,1.00000,0.00000,0.00000
37.21000,1.98000,1.00000,0.00000,0.00000
37.41000,1.98000,1.00000,0.00000,0.00000
37.61000,1.98000,1.00000,0.00000,0.00000
37.81000,1.98000,1.00000,0.00000,0.00000
38.01000,1.98000,1.00000,0.00000,0.00000
38.21000,1.98000,1.00000,0.00000,0.00000
38.41000,1.98000,1.00000,0.00000,0.00000
38.61000,1.98000,1.00000,0.00000,0.00000
38.81000,1.98000,0.99999,0.00000,0.00001
39.01000,1.98000,0.99992,0.00001,0.00007
39.21000,1.98000,0.99960,0.00001,0.00038
39.41000,1.98000,0.99681,0.00006,0.00313
39.61000,1.98000,0.98486,0.00045,0.01470
39.81000,1.98000,0.90469,0.00162,0.09368
40.01000,1.98000,0.67966,0.00069,0.31965
40.21000,1.98000,0.16919,0.00102,0.82979
40.41000,1.98000,0.07479,0.00191,0.92330
40.61000,1.98000,0.12179,0.00449,0.87372
40.81000,1.98000,0.05169,0.00175,0.94655
41.01000,1.98000,0.08591,0.00370,0.91039
41.21000,1.98000,0.05657,0.00176,0.94166
41.41000,1.98000,0.08034,0.00050,0.91916
41.61000,1.98000,0.05514,0.00031,0.94455
41.81000,1.98000,0.05363,0.00260,0.94377
42.01000,1.98000,0.05306,0.00468,0.94226
42.21000,1.98000,0.05877,0.00402,0.93720
42.41000,1.98000,0.06087,0.00227,0.93686
42.61000,1.98000,0.08698,0.00133,0.91169
42.81000,1.98000,0.12579,0.00245,0.87176
43.01000,1.98000,0.10873,0.00040,0.89087
43.21000,1.98000,0.08507,0.00239,0.91254
43.41000,1.98000,0.06996,0.00207,0.92797
43.61000,1.98000,0.08555,0.00053,0.91392
43.81000,1.98000,0.08829,0.00026,0.91145
44.01000,1.98000,0.08152,0.00018,0.91830
44.21000,1.98000,0.08342,0.00018,0.91640
44.41000,1.98000,0.06964,0.00034,0.93001
44.61000,1.98000,0.06509,0.00032,0.93459
44.81000,1.98000,0.05796,0.00082,0.94121
45.01000,1.98000,0.14268,0.00010,0.85723
45.21000,1.98000,0.13753,0.00002,0.86245
45.41000,1.98000,0.16540,0.00017,0.83443
45.61000,1.98000,0.10108,0.00005,0.89887
45.81000,1.98000,0.11903,0.00020,0.88077
46.01000,1.98000,0.12888,0.00013,0.87099
46.21000,1.98000,0.14153,0.00014,0.85832
46.41000,1.98000,0.14028,0.00013,0.85959
46.61000,1.98000,0.17993,0.00022,0.81985
46.81000,1.98000,0.06655,0.00290,0.93054
47.01000,1.98000,0.07992,0.01339,0.90669
47.21000,1.98000,0.06221,0.00353,0.93426
47.41000,1.98000,0.07796,0.00129,0.92075
47.61000,1.98000,0.07570,0.00110,0.92320
47.81000,1.98000,0.05165,0.00046,0.94789
48.01000,1.98000,0.08863,0.00060,0.91078
48.21000,1.98000,0.07935,0.00041,0.92024
48.41000,1.98000,0.11005,0.00058,0.88937
48.61000,1.98000,0.13378,0.00058,0.86564
48.81000,1.98000,0.55939,0.00220,0.43841
49.01000,1.98000,0.70725,0.00133,0.29142
49.21000,1.98000,0.84173,0.07201,0.08626
49.41000,1.98000,0.73229,0.25041,0.01730
49.61000,1.98000,0.85336,0.13540,0.01124
49.81000,1.98000,0.41873,0.57493,0.00634
50.01000,1.98000,0.19128,0.80731,0.00141
50.21000,1.98000,0.16056,0.83899,0.00045
50.41000,1.98000,0.08568,0.91423,0.00009
50.61000,1.98000,0.08164,0.91821,0.00015
50.81000,1.98000,0.07813,0.92171,0.00016
51.01000,1.98000,0.08940,0.91045,0.00015
51.21000,1.98000,0.09939,0.90016,0.00045
51.41000,1.98000,0.08270,0.91713,0.00017
51.61000,1.98000,0.11215,0.88745,0.00040
51.81000,1.98000,0.09542,0.90426,0.00032
52.01000,1.98000,0.16259,0.83615,0.00125
52.21000,1.98000,0.23384,0.76138,0.00479
52.41000,1.98000,0.29077,0.69714,0.01208
52.61000,1.98000,0.30915,0.67887,0.01198
52.81000,1.98000,0.28656,0.70753,0.00591
53.01000,1.98000,0.29727,0.69867,0.00406
53.21000,1.98000,0.32274,0.67341,0.00385
53.41000,1.98000,0.28640,0.71140,0.00220
53.61000,1.98000,0.26231,0.73586,0.00183
53.81000,1.98000,0.19661,0.80232,0.00107
54.01000,1.98000,0.05392,0.94597,0.00011
54.21000,1.98000,0.02394,0.97604,0.00002
54.41000,1.98000,0.01404,0.98594,0.00001
54.61000,1.98000,0.01675,0.98322,0.00003
54.81000,1.98000,0.01600,0.98393,0.00007
55.01000,1.98000,0.02218,0.97767,0.00015
55.21000,1.98000,0.02082,0.97891,0.00027
55.41000,1.98000,0.01871,0.98117,0.00012
55.61000,1.98000,0.02847,0.97114,0.00039
55.81000,1.98000,0.07157,0.92728,0.00115
56.01000,1.98000,0.09501,0.90387,0.00112
56.21000,1.98000,0.07319,0.92615,0.00066
56.41000,1.98000,0.02695,0.97273,0.00032
56.61000,1.98000,0.01352,0.98633,0.00016
56.81000,1.98000,0.00916,0.99074,0.00010
57.01000,1.98000,0.01026,0.98961,0.00012
57.21000,1.98000,0.01205,0.98759,0.00036
57.41000,1.98000,0.01095,0.98887,0.00018
57.61000,1.98000,0.00754,0.99242,0.00004
57.81000,1.98000,0.01501,0.98483,0.00016
58.01000,1.98000,0.03237,0.96704,0.00058
58.21000,1.98000,0.11370,0.88108,0.00522
58.41000,1.98000,0.18999,0.79647,0.01353
58.61000,1.98000,0.48583,0.39332,0.12086
58.81000,1.98000,0.68354,0.07408,0.24237
59.01000,1.98000,0.67989,0.01257,0.30754
59.21000,1.98000,0.65764,0.00649,0.33587
59.41000,1.98000,0.36328,0.00302,0.63370
59.61000,1.98000,0.25607,0.00374,0.74018
59.81000,1.98000,0.20908,0.00272,0.78820
60.01000,1.98000,0.30283,0.00473,0.69244
60.21000,1.98000,0.18460,0.00083,0.81457
60.41000,1.98000,0.10314,0.00038,0.89648
60.61000,1.98000,0.09484,0.00418,0.90098
60.81000,1.98000,0.05097,0.00533,0.94370
61.01000,1.98000,0.03501,0.00608,0.95892
61.21000,1.98000,0.03942,0.01499,0.94559
61.41000,1.98000,0.03818,0.00166,0.96015
61.61000,1.98000,0.03586,0.00230,0.96184
61.81000,1.98000,0.02296,0.00082,0.97621
62.01000,1.98000,0.01827,0.00111,0.98062
62.21000,1.98000,0.02855,0.00205,0.96940
62.41000,1.98000,0.02556,0.00519,0.96925
62.61000,1.98000,0.02720,0.00280,0.96999
62.81000,1.98000,0.04940,0.00036,0.95024
63.01000,1.98000,0.04143,0.00011,0.95846
63.21000,1.98000,0.02215,0.00002,0.97783
63.41000,1.98000,0.04007,0.00003,0.95990
63.61000,1.98000,0.06842,0.00002,0.93156
63.81000,1.98000,0.12313,0.00006,0.87681
64.01000,1.98000,0.09901,0.00005,0.90094
64.21000,1.98000,0.10665,0.00003,0.89331
64.41000,1.98000,0.04031,0.00005,0.95964
64.61000,1.98000,0.03077,0.00084,0.96839
64.81000,1.98000,0.01358,0.00072,0.98570
65.01000,1.98000,0.02168,0.00045,0.97788
65.21000,1.98000,0.02442,0.01417,0.96142
65.41000,1.98000,0.02783,0.02057,0.95161
65.61000,1.98000,0.00851,0.00361,0.98788
65.81000,1.98000,0.00370,0.00447,0.99183
66.01000,1.98000,0.00378,0.00282,0.99341
66.21000,1.98000,0.00472,0.00135,0.99392
66.41000,1.98000,0.00513,0.00219,0.99268
66.61000,1.98000,0.00497,0.00228,0.99275
66.81000,1.98000,0.00517,0.01836,0.97647
67.01000,1.98000,0.00116,0.00168,0.99717
67.21000,1.98000,0.00061,0.00135,0.99805
67.41000,1.98000,0.00028,0.00073,0.99900
67.61000,1.98000,0.00071,0.00027,0.99903
67.81000,1.98000,0.00098,0.00045,0.99856
68.01000,1.98000,0.00099,0.00033,0.99869
68.21000,1.98000,0.00177,0.00015,0.99808
68.41000,1.98000,0.00811,0.00022,0.99167
68.61000,1.98000,0.39184,0.00087,0.60729
68.81000,1.98000,0.99539,0.00037,0.00424
69.01000,1.98000,0.99996,0.00003,0.00002
69.21000,1.98000,1.00000,0.00000,0.00000
69.41000,1.98000,1.00000,0.00000,0.00000
69.61000,1.98000,1.00000,0.00000,0.00000
69.81000,1.98000,1.00000,0.00000,0.00000
70.01000,1.98000,1.00000,0.00000,0.00000
70.21000,1.98000,1.00000,0.00000,0.00000
70.41000,1.98000,1.00000,0.00000,0.00000
70.61000,1.98000,1.00000,0.00000,0.00000
70.81000,1.98000,1.00000,0.00000,0.00000
71.01000,1.98000,1.00000,0.00000,0.00000
71.21000,1.98000,1.00000,0.00000,0.00000
71.41000,1.98000,1.00000,0.00000,0.00000
71.61000,1.98000,1.00000,0.00000,0.00000
71.81000,1.98000,1.00000,0.00000,0.00000
72.01000,1.98000,1.00000,0.00000,0.00000
72.21000,1.98000,1.00000,0.00000,0.00000
72.41000,1.98000,1.00000,0.00000,0.00000
72.61000,1.98000,1.00000,0.00000,0.00000
72.81000,1.98000,1.00000,0.00000,0.00000
73.01000,1.98000,1.00000,0.00000,0.00000
73.21000,1.98000,1.00000,0.00000,0.00000
73.41000,1.98000,1.00000,0.00000,0.00000
73.61000,1.98000,1.00000,0.00000,0.00000
73.81000,1.98000,1.00000,0.00000,0.00000
74.01000,1.98000,1.00000,0.00000,0.00000
74.21000,1.98000,1.00000,0.00000,0.00000
74.41000,1.98000,1.00000,0.00000,0.00000
74.61000,1.98000,1.00000,0.00000,0.00000
74.81000,1.98000,1.00000,0.00000,0.00000
75.01000,1.98000,1.00000,0.00000,0.00000
75.21000,1.98000,1.00000,0.00000,0.00000
75.41000,1.98000,1.00000,0.00000,0.00000
75.61000,1.98000,1.00000,0.00000,0.00000
75.81000,1.98000,1.00000,0.00000,0.00000
76.01000,1.98000,1.00000,0.00000,0.00000
76.21000,1.98000,1.00000,0.00000,0.00000
76.41000,1.98000,1.00000,0.00000,0.00000
76.61000,1.98000,1.00000,0.00000,0.00000
76.81000,1.98000,1.00000,0.00000,0.00000
77.01000,1.98000,1.00000,0.00000,0.00000
77.21000,1.98000,1.00000,0.00000,0.00000
77.41000,1.98000,1.00000,0.00000,0.00000
77.61000,1.98000,1.00000,0.00000,0.00000
77.81000,1.98000,1.00000,0.00000,0.00000
78.01000,1.98000,1.00000,0.00000,0.00000
78.21000,1.98000,1.00000,0.00000,0.00000
