Time (seconds), Duration (seconds),pred_(unlabeled),pred_On,pred_Off,pred_Dimmer,pred_Lighter
0.01000,1.98000,1.00000,0.00000,0.00000,0.00000,0.00000
0.21000,1.98000,1.00000,0.00000,0.00000,0.00000,0.00000
0.41000,1.98000,1.00000,0.00000,0.00000,0.00000,0.00000
0.61000,1.98000,1.00000,0.00000,0.00000,0.00000,0.00000
0.81000,1.98000,1.00000,0.00000,0.00000,0.00000,0.00000
1.01000,1.98000,0.99998,0.00000,0.00002,0.00000,0.00000
1.21000,1.98000,1.00000,0.00000,0.00000,0.00000,0.00000
1.41000,1.98000,0.99996,0.00000,0.00004,0.00000,0.00000
1.61000,1.98000,1.00000,0.00000,0.00000,0.00000,0.00000
1.81000,1.98000,1.00000,0.00000,0.00000,0.00000,0.00000
2.01000,1.98000,1.00000,0.00000,0.00000,0.00000,0.00000
2.21000,1.98000,0.99999,0.00000,0.00001,0.00000,0.00000
2.41000,1.98000,0.99999,0.00000,0.00001,0.00000,0.00000
2.61000,1.98000,1.00000,0.00000,0.00000,0.00000,0.00000
2.81000,1.98000,0.99997,0.00000,0.00002,0.00000,0.00000
3.01000,1.98000,1.00000,0.00000,0.00000,0.00000,0.00000
3.21000,1.98000,1.00000,0.00000,0.00000,0.00000,0.00000
3.41000,1.98000,1.00000,0.00000,0.00000,0.00000,0.00000
3.61000,1.98000,0.99999,0.00000,0.00000,0.00000,0.00001
3.81000,1.98000,0.99992,0.00000,0.00000,0.00000,0.00008
4.01000,1.98000,0.99990,0.00000,0.00000,0.00001,0.00009
4.21000,1.98000,0.99994,0.00000,0.00000,0.00000,0.00005
4.41000,1.98000,0.99961,0.00000,0.00000,0.00002,0.00036
4.61000,1.98000,0.99989,0.00000,0.00000,0.00000,0.00010
4.81000,1.98000,0.99965,0.00000,0.00001,0.00000,0.00033
5.01000,1.98000,0.99989,0.00000,0.00000,0.00000,0.00010
5.21000,1.98000,0.99993,0.00000,0.00001,0.00001,0.00005
5.41000,1.98000,0.99984,0.00000,0.00001,0.00005,0.00011
5.61000,1.98000,0.99934,0.00000,0.00006,0.00017,0.00043
5.81000,1.98000,0.99697,0.00000,0.00004,0.00087,0.00211
6.01000,1.98000,0.99877,0.00001,0.00004,0.00040,0.00079
6.21000,1.98000,0.99994,0.00000,0.00000,0.00000,0.00005
6.41000,1.98000,0.99999,0.00000,0.00000,0.00000,0.00001
6.61000,1.98000,0.99999,0.00000,0.00000,0.00000,0.00000
6.81000,1.98000,0.99994,0.00000,0.00000,0.00000,0.00006
7.01000,1.98000,0.99955,0.00000,0.00000,0.00000,0.00044
7.21000,1.98000,0.99904,0.00000,0.00000,0.00000,0.00095
7.41000,1.98000,0.99797,0.00004,0.00000,0.00004,0.00195
7.61000,1.98000,0.99820,0.00000,0.00001,0.00005,0.00174
7.81000,1.98000,0.99954,0.00000,0.00000,0.00000,0.00046
8.01000,1.98000,0.99995,0.00000,0.00000,0.00000,0.00005
8.21000,1.98000,0.99848,0.00000,0.00000,0.00001,0.00151
8.41000,1.98000,0.99791,0.00000,0.00002,0.00004,0.00203
8.61000,1.98000,0.99195,0.00001,0.00011,0.00136,0.00658
8.81000,1.98000,0.99919,0.00000,0.00002,0.00017,0.00062
9.01000,1.98000,0.99906,0.00000,0.00002,0.00019,0.00073
9.21000,1.98000,0.99932,0.00000,0.00001,0.00010,0.00056
9.41000,1.98000,0.99930,0.00001,0.00001,0.00015,0.00054
9.61000,1.98000,0.99949,0.00001,0.00003,0.00010,0.00038
9.81000,1.98000,0.99985,0.00000,0.00001,0.00003,0.00011
10.01000,1.98000,0.99978,0.00000,0.00001,0.00007,0.00013
10.21000,1.98000,0.99965,0.00000,0.00002,0.00009,0.00024
10.41000,1.98000,0.99991,0.00000,0.00000,0.00004,0.00004
10.61000,1.98000,0.99987,0.00000,0.00000,0.00010,0.00003
10.81000,1.98000,0.99995,0.00000,0.00000,0.00003,0.00002
11.01000,1.98000,0.99970,0.00001,0.00000,0.00021,0.00008
11.21000,1.98000,0.98045,0.00008,0.00000,0.01896,0.00051
11.41000,1.98000,0.03724,0.00006,0.00004,0.95869,0.00397
11.61000,1.98000,0.67650,0.00027,0.00016,0.30589,0.01718
11.81000,1.98000,0.99179,0.00003,0.00004,0.00656,0.00157
12.01000,1.98000,0.99826,0.00000,0.00013,0.00090,0.00070
12.21000,1.98000,0.99921,0.00000,0.00019,0.00027,0.00032
12.41000,1.98000,0.99987,0.00000,0.00005,0.00002,0.00007
12.61000,1.98000,0.99991,0.00000,0.00001,0.00002,0.00007
12.81000,1.98000,0.99996,0.00000,0.00000,0.00001,0.00003
13.01000,1.98000,0.99996,0.00000,0.00000,0.00001,0.00003
13.21000,1.98000,0.99996,0.00000,0.00000,0.00000,0.00003
13.41000,1.98000,0.99991,0.00000,0.00001,0.00001,0.00007
13.61000,1.98000,0.99993,0.00000,0.00001,0.00001,0.00006
13.81000,1.98000,0.99993,0.00000,0.00001,0.00000,0.00006
14.01000,1.98000,0.99994,0.00000,0.00000,0.00000,0.00005
14.21000,1.98000,0.99990,0.00000,0.00000,0.00000,0.00009
14.41000,1.98000,0.99994,0.00000,0.00000,0.00000,0.00005
14.61000,1.98000,0.99894,0.00002,0.00000,0.00002,0.00102
14.81000,1.98000,0.99204,0.00004,0.00001,0.00038,0.00753
15.01000,1.98000,0.99632,0.00002,0.00001,0.00016,0.00349
15.21000,1.98000,0.99914,0.00001,0.00000,0.00008,0.00077
15.41000,1.98000,0.99942,0.00000,0.00000,0.00001,0.00057
15.61000,1.98000,0.99944,0.00000,0.00000,0.00000,0.00055
15.81000,1.98000,0.99983,0.00000,0.00001,0.00000,0.00016
16.01000,1.98000,0.99965,0.00000,0.00001,0.00002,0.00032
16.21000,1.98000,0.99949,0.00000,0.00001,0.00012,0.00039
16.41000,1.98000,0.99849,0.00000,0.00003,0.00036,0.00112
16.61000,1.98000,0.99932,0.00000,0.00002,0.00015,0.00051
16.81000,1.98000,0.99947,0.00000,0.00001,0.00006,0.00045
17.01000,1.98000,0.99984,0.00000,0.00000,0.00004,0.00012
17.21000,1.98000,0.99995,0.00000,0.00000,0.00003,0.00002
17.41000,1.98000,0.99997,0.00000,0.00000,0.00002,0.00001
17.61000,1.98000,0.99983,0.00000,0.00000,0.00012,0.00005
17.81000,1.98000,0.98364,0.00008,0.00001,0.01583,0.00045
18.01000,1.98000,0.04807,0.00006,0.00022,0.94187,0.00979
18.21000,1.98000,0.57907,0.00057,0.00016,0.40517,0.01504
18.41000,1.98000,0.98830,0.00005,0.00007,0.00949,0.00209
18.61000,1.98000,0.99811,0.00001,0.00015,0.00103,0.00071
18.81000,1.98000,0.99946,0.00000,0.00011,0.00019,0.00024
19.01000,1.98000,0.99986,0.00000,0.00006,0.00003,0.00005
19.21000,1.98000,0.99992,0.00000,0.00001,0.00002,0.00006
19.41000,1.98000,0.99995,0.00000,0.00000,0.00001,0.00004
19.61000,1.98000,0.99996,0.00000,0.00000,0.00001,0.00003
19.81000,1.98000,0.99994,0.00000,0.00001,0.00001,0.00004
20.01000,1.98000,0.99994,0.00000,0.00001,0.00001,0.00005
20.21000,1.98000,0.99996,0.00000,0.00000,0.00000,0.00004
20.41000,1.98000,0.99996,0.00000,0.00000,0.00000,0.00004
20.61000,1.98000,0.99996,0.00000,0.00000,0.00000,0.00003
20.81000,1.98000,0.99928,0.00000,0.00000,0.00000,0.00072
21.01000,1.98000,0.99793,0.00000,0.00001,0.00000,0.00206
21.21000,1.98000,0.98931,0.00000,0.00004,0.00001,0.01064
21.41000,1.98000,0.96635,0.00000,0.00010,0.00015,0.03339
21.61000,1.98000,0.99462,0.00000,0.00001,0.00010,0.00527
21.81000,1.98000,0.99285,0.00000,0.00002,0.00010,0.00702
22.01000,1.98000,0.97871,0.00000,0.00057,0.00028,0.02044
22.21000,1.98000,0.99860,0.00000,0.00008,0.00001,0.00130
22.41000,1.98000,0.99943,0.00000,0.00006,0.00001,0.00050
22.61000,1.98000,0.99987,0.00000,0.00004,0.00000,0.00009
22.81000,1.98000,0.99985,0.00000,0.00002,0.00001,0.00012
23.01000,1.98000,0.99992,0.00000,0.00001,0.00002,0.00005
23.21000,1.98000,0.99997,0.00000,0.00000,0.00000,0.00003
23.41000,1.98000,0.99998,0.00000,0.00000,0.00001,0.00001
23.61000,1.98000,0.99995,0.00000,0.00000,0.00003,0.00002
23.81000,1.98000,0.99990,0.00000,0.00000,0.00007,0.00003
24.01000,1.98000,0.99801,0.00001,0.00000,0.00187,0.00011
24.21000,1.98000,0.52182,0.00017,0.00004,0.47423,0.00373
24.41000,1.98000,0.01131,0.00004,0.00011,0.98503,0.00351
24.61000,1.98000,0.95965,0.00008,0.00001,0.03895,0.00130
24.81000,1.98000,0.99273,0.00002,0.00005,0.00576,0.00144
25.01000,1.98000,0.99901,0.00000,0.00012,0.00060,0.00027
25.21000,1.98000,0.99951,0.00000,0.00012,0.00016,0.00021
25.41000,1.98000,0.99992,0.00000,0.00001,0.00002,0.00005
25.61000,1.98000,0.99996,0.00000,0.00000,0.00001,0.00003
25.81000,1.98000,0.99996,0.00000,0.00000,0.00000,0.00004
26.01000,1.98000,0.99994,0.00000,0.00000,0.00000,0.00006
26.21000,1.98000,0.99998,0.00000,0.00000,0.00000,0.00002
26.41000,1.98000,0.99989,0.00000,0.00001,0.00000,0.00010
26.61000,1.98000,0.99997,0.00000,0.00000,0.00000,0.00003
26.81000,1.98000,0.99975,0.00000,0.00001,0.00001,0.00024
27.01000,1.98000,0.99938,0.00000,0.00001,0.00002,0.00059
27.21000,1.98000,0.99982,0.00000,0.00000,0.00000,0.00018
27.41000,1.98000,0.99991,0.00000,0.00000,0.00000,0.00009
27.61000,1.98000,0.99988,0.00000,0.00000,0.00000,0.00011
27.81000,1.98000,0.99995,0.00000,0.00000,0.00000,0.00005
28.01000,1.98000,0.99986,0.00000,0.00000,0.00000,0.00014
28.21000,1.98000,0.99956,0.00000,0.00000,0.00001,0.00043
28.41000,1.98000,0.99919,0.00000,0.00000,0.00004,0.00076
28.61000,1.98000,0.99858,0.00001,0.00001,0.00026,0.00115
28.81000,1.98000,0.99980,0.00000,0.00000,0.00002,0.00017
29.01000,1.98000,0.99964,0.00000,0.00000,0.00006,0.00030
29.21000,1.98000,0.99978,0.00000,0.00000,0.00005,0.00018
29.41000,1.98000,0.99989,0.00000,0.00000,0.00006,0.00005
29.61000,1.98000,0.99997,0.00000,0.00000,0.00002,0.00001
29.81000,1.98000,0.99986,0.00001,0.00000,0.00010,0.00004
30.01000,1.98000,0.98030,0.00017,0.00000,0.01881,0.00073
30.21000,1.98000,0.02585,0.00007,0.00013,0.96114,0.01281
30.41000,1.98000,0.90671,0.00026,0.00005,0.07651,0.01647
30.61000,1.98000,0.99271,0.00005,0.00004,0.00550,0.00170
30.81000,1.98000,0.99798,0.00001,0.00014,0.00084,0.00103
31.01000,1.98000,0.99921,0.00001,0.00011,0.00018,0.00050
31.21000,1.98000,0.99992,0.00000,0.00002,0.00000,0.00005
31.41000,1.98000,0.99998,0.00000,0.00000,0.00000,0.00001
31.61000,1.98000,0.99996,0.00002,0.00000,0.00000,0.00003
31.81000,1.98000,0.99993,0.00005,0.00000,0.00000,0.00001
32.01000,1.98000,0.99993,0.00005,0.00000,0.00000,0.00001
32.21000,1.98000,0.99995,0.00005,0.00000,0.00000,0.00000
32.41000,1.98000,0.99994,0.00006,0.00000,0.00000,0.00000
32.61000,1.98000,0.99998,0.00002,0.00000,0.00000,0.00000
32.81000,1.98000,0.99998,0.00002,0.00000,0.00000,0.00000
33.01000,1.98000,0.99999,0.00001,0.00000,0.00000,0.00000
33.21000,1.98000,0.99999,0.00000,0.00000,0.00000,0.00000
33.41000,1.98000,0.99999,0.00000,0.00000,0.00000,0.00001
33.61000,1.98000,0.99998,0.00000,0.00000,0.00000,0.00002
33.81000,1.98000,0.99999,0.00000,0.00000,0.00000,0.00001
34.01000,1.98000,0.99997,0.00000,0.00000,0.00000,0.00002
34.21000,1.98000,0.99993,0.00000,0.00000,0.00001,0.00006
34.41000,1.98000,0.99994,0.00000,0.00000,0.00001,0.00005
34.61000,1.98000,0.99996,0.00000,0.00000,0.00000,0.00004
34.81000,1.98000,0.99993,0.00000,0.00001,0.00001,0.00005
35.01000,1.98000,0.99995,0.00000,0.00000,0.00001,0.00004
35.21000,1.98000,0.99990,0.00000,0.00001,0.00002,0.00007
35.41000,1.98000,0.99994,0.00000,0.00000,0.00001,0.00005
35.61000,1.98000,0.99998,0.00000,0.00000,0.00001,0.00001
35.81000,1.98000,1.00000,0.00000,0.00000,0.00000,0.00000
36.01000,1.98000,0.99998,0.00000,0.00000,0.00001,0.00001
36.21000,1.98000,0.99950,0.00000,0.00000,0.00011,0.00039
36.41000,1.98000,0.84334,0.00086,0.00003,0.14765,0.00813
36.61000,1.98000,0.03789,0.00076,0.00347,0.50079,0.45710
36.81000,1.98000,0.99726,0.00001,0.00001,0.00060,0.00212
37.01000,1.98000,0.99802,0.00000,0.00001,0.00002,0.00195
37.21000,1.98000,0.99920,0.00000,0.00015,0.00002,0.00063
37.41000,1.98000,0.99991,0.00000,0.00005,0.00000,0.00004
37.61000,1.98000,0.99999,0.00000,0.00001,0.00000,0.00000
37.81000,1.98000,0.99997,0.00000,0.00001,0.00000,0.00002
38.01000,1.98000,1.00000,0.00000,0.00000,0.00000,0.00000
38.21000,1.98000,0.99996,0.00000,0.00002,0.00000,0.00003
38.41000,1.98000,0.99996,0.00000,0.00001,0.00000,0.00003
38.61000,1.98000,0.99997,0.00000,0.00001,0.00000,0.00002
38.81000,1.98000,0.99992,0.00000,0.00000,0.00000,0.00007
39.01000,1.98000,0.99984,0.00001,0.00001,0.00000,0.00014
39.21000,1.98000,0.98505,0.00001,0.00032,0.00005,0.01457
39.41000,1.98000,0.99961,0.00000,0.00002,0.00000,0.00036
39.61000,1.98000,0.99951,0.00000,0.00004,0.00001,0.00044
39.81000,1.98000,0.99979,0.00001,0.00000,0.00002,0.00018
40.01000,1.98000,0.99921,0.00000,0.00001,0.00002,0.00075
40.21000,1.98000,0.99964,0.00000,0.00001,0.00009,0.00024
40.41000,1.98000,0.99981,0.00005,0.00000,0.00007,0.00007
40.61000,1.98000,0.99977,0.00001,0.00001,0.00010,0.00011
40.81000,1.98000,0.99990,0.00002,0.00001,0.00003,0.00005
41.01000,1.98000,0.99995,0.00000,0.00000,0.00000,0.00005
41.21000,1.98000,0.99999,0.00000,0.00000,0.00001,0.00001
41.41000,1.98000,0.99998,0.00000,0.00000,0.00001,0.00001
41.61000,1.98000,0.99999,0.00000,0.00000,0.00000,0.00000
41.81000,1.98000,0.99985,0.00001,0.00000,0.00007,0.00007
42.01000,1.98000,0.88703,0.00064,0.00010,0.08918,0.02304
42.21000,1.98000,0.06181,0.00033,0.00089,0.84462,0.09234
42.41000,1.98000,0.98919,0.00011,0.00001,0.00663,0.00406
42.61000,1.98000,0.99803,0.00001,0.00003,0.00047,0.00147
42.81000,1.98000,0.99821,0.00000,0.00024,0.00046,0.00108
43.01000,1.98000,0.99960,0.00000,0.00007,0.00003,0.00030
43.21000,1.98000,0.99967,0.00000,0.00006,0.00001,0.00026
43.41000,1.98000,0.99985,0.00000,0.00001,0.00001,0.00014
43.61000,1.98000,0.99998,0.00000,0.00000,0.00000,0.00002
43.81000,1.98000,0.99994,0.00000,0.00000,0.00000,0.00006
44.01000,1.98000,0.99994,0.00000,0.00000,0.00000,0.00005
44.21000,1.98000,0.99987,0.00000,0.00000,0.00000,0.00013
44.41000,1.98000,0.99941,0.00000,0.00000,0.00000,0.00059
44.61000,1.98000,0.99181,0.00000,0.00000,0.00001,0.00818
44.81000,1.98000,0.99811,0.00002,0.00000,0.00001,0.00187
45.01000,1.98000,0.99706,0.00001,0.00000,0.00002,0.00290
45.21000,1.98000,0.99324,0.00003,0.00002,0.00004,0.00668
45.41000,1.98000,0.99960,0.00000,0.00000,0.00000,0.00039
45.61000,1.98000,0.99981,0.00000,0.00000,0.00000,0.00019
45.81000,1.98000,0.99981,0.00000,0.00000,0.00000,0.00018
46.01000,1.98000,0.99974,0.00000,0.00001,0.00001,0.00025
46.21000,1.98000,0.99998,0.00000,0.00000,0.00000,0.00001
46.41000,1.98000,0.99998,0.00000,0.00000,0.00001,0.00001
46.61000,1.98000,0.99998,0.00000,0.00000,0.00001,0.00001
46.81000,1.98000,0.99815,0.00000,0.00001,0.00146,0.00039
47.01000,1.98000,0.40181,0.00014,0.00038,0.58432,0.01335
47.21000,1.98000,0.08667,0.00008,0.00140,0.89163,0.02022
47.41000,1.98000,0.98821,0.00005,0.00001,0.01088,0.00085
47.61000,1.98000,0.99876,0.00000,0.00005,0.00048,0.00072
47.81000,1.98000,0.99913,0.00000,0.00019,0.00042,0.00026
48.01000,1.98000,0.99981,0.00000,0.00009,0.00003,0.00008
48.21000,1.98000,0.99990,0.00000,0.00001,0.00002,0.00006
48.41000,1.98000,0.99996,0.00000,0.00000,0.00001,0.00003
48.61000,1.98000,0.99996,0.00000,0.00000,0.00000,0.00004
48.81000,1.98000,0.99998,0.00000,0.00000,0.00000,0.00002
49.01000,1.98000,0.99997,0.00000,0.00000,0.00000,0.00003
49.21000,1.98000,0.99994,0.00000,0.00000,0.00000,0.00006
49.41000,1.98000,0.99986,0.00000,0.00000,0.00000,0.00013
49.61000,1.98000,0.99966,0.00001,0.00000,0.00001,0.00033
49.81000,1.98000,0.99811,0.00001,0.00000,0.00001,0.00187
50.01000,1.98000,0.99940,0.00000,0.00000,0.00000,0.00059
50.21000,1.98000,0.99948,0.00000,0.00000,0.00000,0.00052
50.41000,1.98000,0.99951,0.00000,0.00000,0.00000,0.00049
50.61000,1.98000,0.99758,0.00001,0.00000,0.00001,0.00241
50.81000,1.98000,0.99370,0.00002,0.00000,0.00012,0.00615
51.01000,1.98000,0.97965,0.00000,0.00003,0.00020,0.02012
51.21000,1.98000,0.99888,0.00000,0.00000,0.00005,0.00106
51.41000,1.98000,0.99938,0.00000,0.00000,0.00006,0.00056
51.61000,1.98000,0.99972,0.00000,0.00000,0.00001,0.00026
51.81000,1.98000,0.99892,0.00000,0.00000,0.00022,0.00085
52.01000,1.98000,0.94013,0.00095,0.00002,0.05636,0.00254
52.21000,1.98000,0.02692,0.00005,0.00068,0.93506,0.03729
52.41000,1.98000,0.91782,0.00020,0.00005,0.07126,0.01066
52.61000,1.98000,0.99756,0.00003,0.00001,0.00148,0.00091
52.81000,1.98000,0.99916,0.00000,0.00011,0.00016,0.00057
53.01000,1.98000,0.99942,0.00000,0.00012,0.00004,0.00043
53.21000,1.98000,0.99985,0.00000,0.00005,0.00000,0.00010
53.41000,1.98000,0.99979,0.00000,0.00000,0.00000,0.00020
53.61000,1.98000,0.99982,0.00000,0.00000,0.00000,0.00018
53.81000,1.98000,0.99963,0.00000,0.00001,0.00000,0.00036
54.01000,1.98000,0.99982,0.00000,0.00000,0.00000,0.00017
54.21000,1.98000,0.99900,0.00000,0.00001,0.00005,0.00094
54.41000,1.98000,0.99889,0.00000,0.00001,0.00016,0.00094
54.61000,1.98000,0.99838,0.00001,0.00001,0.00002,0.00158
54.81000,1.98000,0.99994,0.00000,0.00000,0.00000,0.00006
55.01000,1.98000,0.99982,0.00000,0.00000,0.00000,0.00018
55.21000,1.98000,0.99992,0.00000,0.00000,0.00000,0.00008
55.41000,1.98000,0.99798,0.00013,0.00002,0.00050,0.00137
55.61000,1.98000,0.99893,0.00013,0.00000,0.00033,0.00059
55.81000,1.98000,0.99792,0.00012,0.00000,0.00019,0.00178
56.01000,1.98000,0.99981,0.00001,0.00000,0.00010,0.00007
56.21000,1.98000,0.99979,0.00001,0.00000,0.00005,0.00016
56.41000,1.98000,0.99952,0.00000,0.00000,0.00009,0.00039
56.61000,1.98000,0.99579,0.00012,0.00000,0.00280,0.00130
56.81000,1.98000,0.26965,0.00008,0.00391,0.29945,0.42691
57.01000,1.98000,0.83634,0.00002,0.00037,0.10742,0.05584
57.21000,1.98000,0.99876,0.00000,0.00000,0.00058,0.00066
57.41000,1.98000,0.99957,0.00000,0.00001,0.00002,0.00040
57.61000,1.98000,0.99980,0.00000,0.00002,0.00002,0.00016
57.81000,1.98000,0.99994,0.00000,0.00000,0.00000,0.00006
58.01000,1.98000,0.99997,0.00000,0.00000,0.00000,0.00002
58.21000,1.98000,0.99997,0.00000,0.00000,0.00001,0.00002
58.41000,1.98000,0.99998,0.00000,0.00000,0.00000,0.00002
58.61000,1.98000,0.99999,0.00000,0.00000,0.00000,0.00001
58.81000,1.98000,0.99997,0.00000,0.00000,0.00000,0.00003
59.01000,1.98000,0.99995,0.00000,0.00000,0.00000,0.00005
59.21000,1.98000,0.99994,0.00000,0.00000,0.00000,0.00006
59.41000,1.98000,0.99966,0.00001,0.00000,0.00000,0.00033
59.61000,1.98000,0.99504,0.00001,0.00000,0.00001,0.00493
59.81000,1.98000,0.99547,0.00001,0.00000,0.00001,0.00450
60.01000,1.98000,0.99802,0.00000,0.00000,0.00001,0.00196
60.21000,1.98000,0.99888,0.00000,0.00000,0.00001,0.00111
60.41000,1.98000,0.99852,0.00000,0.00001,0.00000,0.00147
60.61000,1.98000,0.99981,0.00000,0.00000,0.00000,0.00018
60.81000,1.98000,0.99996,0.00000,0.00000,0.00001,0.00003
61.01000,1.98000,0.99996,0.00000,0.00000,0.00000,0.00004
61.21000,1.98000,0.99933,0.00001,0.00000,0.00028,0.00038
61.41000,1.98000,0.98626,0.00009,0.00005,0.01089,0.00271
61.61000,1.98000,0.00758,0.00005,0.00063,0.96085,0.03089
61.81000,1.98000,0.98230,0.00026,0.00002,0.00986,0.00756
62.01000,1.98000,0.99924,0.00001,0.00001,0.00025,0.00049
62.21000,1.98000,0.99920,0.00001,0.00008,0.00002,0.00069
62.41000,1.98000,0.99991,0.00000,0.00001,0.00000,0.00008
62.61000,1.98000,0.99992,0.00000,0.00000,0.00000,0.00007
62.81000,1.98000,0.99998,0.00000,0.00000,0.00000,0.00002
63.01000,1.98000,0.99998,0.00000,0.00000,0.00000,0.00001
63.21000,1.98000,0.99996,0.00000,0.00000,0.00000,0.00003
63.41000,1.98000,0.99998,0.00000,0.00000,0.00000,0.00001
63.61000,1.98000,0.99993,0.00001,0.00000,0.00000,0.00006
63.81000,1.98000,0.99999,0.00000,0.00000,0.00000,0.00001
64.01000,1.98000,0.99999,0.00000,0.00000,0.00000,0.00001
64.21000,1.98000,0.99994,0.00000,0.00000,0.00000,0.00006
64.41000,1.98000,0.99999,0.00000,0.00000,0.00000,0.00001
64.61000,1.98000,0.99996,0.00000,0.00000,0.00000,0.00004
64.81000,1.98000,0.99998,0.00000,0.00000,0.00000,0.00002
65.01000,1.98000,0.99973,0.00000,0.00000,0.00000,0.00026
65.21000,1.98000,0.99994,0.00000,0.00000,0.00001,0.00005
65.41000,1.98000,0.99991,0.00000,0.00000,0.00000,0.00008
65.61000,1.98000,0.99937,0.00003,0.00000,0.00003,0.00056
65.81000,1.98000,0.96425,0.00102,0.00035,0.02349,0.01089
66.01000,1.98000,0.48728,0.00051,0.00427,0.39021,0.11772
66.21000,1.98000,0.99098,0.00021,0.00001,0.00712,0.00169
66.41000,1.98000,0.99940,0.00002,0.00001,0.00019,0.00038
66.61000,1.98000,0.99953,0.00000,0.00011,0.00009,0.00027
66.81000,1.98000,0.99990,0.00000,0.00002,0.00001,0.00007
67.01000,1.98000,0.99994,0.00000,0.00001,0.00000,0.00005
67.21000,1.98000,0.99994,0.00000,0.00000,0.00000,0.00006
67.41000,1.98000,0.99990,0.00000,0.00000,0.00000,0.00009
67.61000,1.98000,0.99927,0.00000,0.00000,0.00001,0.00072
67.81000,1.98000,0.99927,0.00000,0.00000,0.00000,0.00073
68.01000,1.98000,0.99943,0.00000,0.00000,0.00000,0.00057
68.21000,1.98000,0.99944,0.00000,0.00000,0.00000,0.00056
68.41000,1.98000,0.99975,0.00000,0.00000,0.00000,0.00024
68.61000,1.98000,0.99978,0.00000,0.00000,0.00000,0.00022
68.81000,1.98000,0.99948,0.00000,0.00003,0.00000,0.00048
69.01000,1.98000,0.99945,0.00000,0.00002,0.00001,0.00052
69.21000,1.98000,0.99970,0.00000,0.00003,0.00001,0.00026
69.41000,1.98000,0.99973,0.00000,0.00005,0.00000,0.00021
69.61000,1.98000,0.99977,0.00000,0.00002,0.00002,0.00019
69.81000,1.98000,0.99994,0.00000,0.00000,0.00001,0.00004
70.01000,1.98000,0.99989,0.00000,0.00000,0.00001,0.00010
70.21000,1.98000,0.99823,0.00000,0.00001,0.00149,0.00028
70.41000,1.98000,0.76322,0.00031,0.00002,0.23417,0.00229
70.61000,1.98000,0.00300,0.00002,0.00012,0.99247,0.00440
70.81000,1.98000,0.85717,0.00041,0.00001,0.13969,0.00272
71.01000,1.98000,0.98299,0.00008,0.00002,0.01522,0.00169
71.21000,1.98000,0.99688,0.00000,0.00010,0.00229,0.00073
71.41000,1.98000,0.99856,0.00000,0.00011,0.00094,0.00038
71.61000,1.98000,0.99982,0.00000,0.00004,0.00004,0.00010
71.81000,1.98000,0.99987,0.00000,0.00000,0.00005,0.00008
72.01000,1.98000,0.99996,0.00000,0.00000,0.00001,0.00003
72.21000,1.98000,0.99989,0.00000,0.00000,0.00001,0.00010
72.41000,1.98000,0.99998,0.00000,0.00000,0.00000,0.00002
72.61000,1.98000,0.99997,0.00000,0.00000,0.00000,0.00003
72.81000,1.98000,0.99987,0.00000,0.00000,0.00001,0.00012
73.01000,1.98000,0.99995,0.00000,0.00000,0.00000,0.00005
73.21000,1.98000,0.99990,0.00000,0.00000,0.00000,0.00009
73.41000,1.98000,0.99972,0.00000,0.00000,0.00000,0.00027
73.61000,1.98000,0.99999,0.00000,0.00000,0.00000,0.00001
73.81000,1.98000,0.99988,0.00000,0.00000,0.00000,0.00012
74.01000,1.98000,0.99992,0.00000,0.00000,0.00000,0.00008
74.21000,1.98000,0.99986,0.00000,0.00000,0.00000,0.00013
74.41000,1.98000,0.99967,0.00000,0.00000,0.00000,0.00032
74.61000,1.98000,0.99987,0.00000,0.00000,0.00000,0.00012
74.81000,1.98000,0.99991,0.00000,0.00000,0.00001,0.00008
75.01000,1.98000,0.99975,0.00000,0.00000,0.00011,0.00014
75.21000,1.98000,0.99978,0.00000,0.00000,0.00010,0.00011
75.41000,1.98000,0.99859,0.00001,0.00000,0.00093,0.00047
75.61000,1.98000,0.64024,0.00038,0.00030,0.23646,0.12262
75.81000,1.98000,0.39512,0.00014,0.00057,0.38891,0.21526
76.01000,1.98000,0.99281,0.00000,0.00000,0.00031,0.00687
76.21000,1.98000,0.99296,0.00000,0.00015,0.00026,0.00663
76.41000,1.98000,0.99768,0.00000,0.00004,0.00001,0.00228
76.61000,1.98000,0.99924,0.00000,0.00002,0.00000,0.00074
76.81000,1.98000,0.99963,0.00000,0.00000,0.00000,0.00037
77.01000,1.98000,0.99994,0.00000,0.00000,0.00000,0.00005
77.21000,1.98000,0.99997,0.00000,0.00000,0.00000,0.00003
77.41000,1.98000,0.99998,0.00000,0.00000,0.00000,0.00002
77.61000,1.98000,0.99998,0.00000,0.00000,0.00000,0.00002
77.81000,1.98000,0.99999,0.00001,0.00000,0.00000,0.00001
78.01000,1.98000,0.99997,0.00001,0.00000,0.00000,0.00002
78.21000,1.98000,0.99999,0.00000,0.00000,0.00000,0.00001
78.41000,1.98000,1.00000,0.00000,0.00000,0.00000,0.00000
78.61000,1.98000,1.00000,0.00000,0.00000,0.00000,0.00000
78.81000,1.98000,1.00000,0.00000,0.00000,0.00000,0.00000
79.01000,1.98000,1.00000,0.00000,0.00000,0.00000,0.00000
79.21000,1.98000,0.99996,0.00003,0.00000,0.00000,0.00001
79.41000,1.98000,0.99991,0.00002,0.00000,0.00000,0.00006
79.61000,1.98000,0.99995,0.00003,0.00000,0.00000,0.00002
79.81000,1.98000,0.99999,0.00000,0.00000,0.00000,0.00001
80.01000,1.98000,0.99997,0.00001,0.00000,0.00001,0.00001
80.21000,1.98000,0.99998,0.00000,0.00000,0.00001,0.00002
80.41000,1.98000,0.99964,0.00006,0.00000,0.00016,0.00014
80.61000,1.98000,0.91167,0.00301,0.00001,0.08133,0.00398
80.81000,1.98000,0.02452,0.00010,0.00097,0.94511,0.02930
81.01000,1.98000,0.88641,0.00014,0.00017,0.09866,0.01461
81.21000,1.98000,0.99740,0.00001,0.00004,0.00096,0.00159
81.41000,1.98000,0.99942,0.00000,0.00009,0.00019,0.00030
81.61000,1.98000,0.99986,0.00000,0.00003,0.00002,0.00009
81.81000,1.98000,0.99995,0.00000,0.00003,0.00001,0.00002
82.01000,1.98000,0.99996,0.00000,0.00000,0.00001,0.00003
82.21000,1.98000,0.99996,0.00000,0.00000,0.00001,0.00003
82.41000,1.98000,0.99997,0.00000,0.00000,0.00001,0.00002
82.61000,1.98000,0.99994,0.00000,0.00000,0.00001,0.00005
82.81000,1.98000,0.99997,0.00000,0.00000,0.00000,0.00003
83.01000,1.98000,0.99999,0.00000,0.00000,0.00000,0.00001
83.21000,1.98000,0.99998,0.00000,0.00000,0.00000,0.00001
83.41000,1.98000,0.99996,0.00000,0.00001,0.00000,0.00003
83.61000,1.98000,0.99964,0.00000,0.00002,0.00000,0.00034
83.81000,1.98000,0.99888,0.00000,0.00005,0.00000,0.00107
84.01000,1.98000,0.99955,0.00000,0.00000,0.00000,0.00044
84.21000,1.98000,0.99985,0.00000,0.00000,0.00000,0.00014
84.41000,1.98000,0.99986,0.00000,0.00001,0.00000,0.00013
84.61000,1.98000,0.99963,0.00000,0.00001,0.00000,0.00036
84.81000,1.98000,0.99911,0.00000,0.00000,0.00000,0.00088
85.01000,1.98000,0.99996,0.00000,0.00000,0.00000,0.00003
85.21000,1.98000,0.99997,0.00000,0.00000,0.00000,0.00002
85.41000,1.98000,0.99997,0.00000,0.00000,0.00001,0.00002
85.61000,1.98000,0.99826,0.00004,0.00000,0.00136,0.00035
85.81000,1.98000,0.20926,0.00084,0.00005,0.77991,0.00994
86.01000,1.98000,0.07493,0.00019,0.00043,0.88320,0.04125
86.21000,1.98000,0.99514,0.00001,0.00001,0.00259,0.00225
86.41000,1.98000,0.99722,0.00000,0.00014,0.00014,0.00251
86.61000,1.98000,0.99815,0.00000,0.00014,0.00036,0.00134
86.81000,1.98000,0.99784,0.00001,0.00021,0.00017,0.00178
87.01000,1.98000,0.99877,0.00001,0.00001,0.00001,0.00120
87.21000,1.98000,0.99975,0.00000,0.00000,0.00000,0.00025
87.41000,1.98000,0.99983,0.00000,0.00000,0.00000,0.00017
87.61000,1.98000,0.99984,0.00000,0.00000,0.00000,0.00015
87.81000,1.98000,0.99988,0.00000,0.00000,0.00000,0.00011
88.01000,1.98000,1.00000,0.00000,0.00000,0.00000,0.00000
88.21000,1.98000,0.99995,0.00000,0.00000,0.00000,0.00005
88.41000,1.98000,0.99969,0.00000,0.00002,0.00001,0.00028
88.61000,1.98000,0.99982,0.00000,0.00003,0.00000,0.00015
88.81000,1.98000,0.99990,0.00000,0.00007,0.00000,0.00004
89.01000,1.98000,0.99989,0.00000,0.00007,0.00000,0.00005
89.21000,1.98000,0.99995,0.00000,0.00001,0.00001,0.00003
89.41000,1.98000,0.99989,0.00000,0.00001,0.00002,0.00007
89.61000,1.98000,0.99973,0.00000,0.00000,0.00014,0.00013
89.81000,1.98000,0.97993,0.00004,0.00001,0.01888,0.00113
90.01000,1.98000,0.01163,0.00003,0.00015,0.98212,0.00608
90.21000,1.98000,0.74259,0.00007,0.00018,0.24701,0.01014
90.41000,1.98000,0.99647,0.00001,0.00001,0.00306,0.00045
90.61000,1.98000,0.99925,0.00000,0.00006,0.00036,0.00032
90.81000,1.98000,0.99944,0.00000,0.00004,0.00029,0.00023
91.01000,1.98000,0.99991,0.00000,0.00002,0.00001,0.00006
91.21000,1.98000,0.99997,0.00000,0.00000,0.00001,0.00002
91.41000,1.98000,0.99999,0.00000,0.00000,0.00000,0.00001
91.61000,1.98000,1.00000,0.00000,0.00000,0.00000,0.00000
91.81000,1.98000,1.00000,0.00000,0.00000,0.00000,0.00000
92.01000,1.98000,1.00000,0.00000,0.00000,0.00000,0.00000
92.21000,1.98000,1.00000,0.00000,0.00000,0.00000,0.00000
92.41000,1.98000,1.00000,0.00000,0.00000,0.00000,0.00000
92.61000,1.98000,1.00000,0.00000,0.00000,0.00000,0.00000
92.81000,1.98000,1.00000,0.00000,0.00000,0.00000,0.00000
93.01000,1.98000,1.00000,0.00000,0.00000,0.00000,0.00000
93.21000,1.98000,0.99998,0.00000,0.00000,0.00000,0.00002
93.41000,1.98000,0.99915,0.00008,0.00000,0.00000,0.00077
93.61000,1.98000,0.99732,0.00001,0.00001,0.00001,0.00266
93.81000,1.98000,0.99659,0.00001,0.00000,0.00003,0.00337
94.01000,1.98000,0.99619,0.00001,0.00000,0.00006,0.00373
94.21000,1.98000,0.99738,0.00000,0.00000,0.00011,0.00250
94.41000,1.98000,0.99891,0.00002,0.00003,0.00035,0.00069
94.61000,1.98000,0.80841,0.00577,0.00013,0.17374,0.01195
94.81000,1.98000,0.00904,0.00037,0.00006,0.98794,0.00258
95.01000,1.98000,0.83567,0.00053,0.00033,0.14466,0.01882
95.21000,1.98000,0.99097,0.00001,0.00030,0.00729,0.00143
95.41000,1.98000,0.99807,0.00000,0.00023,0.00116,0.00054
95.61000,1.98000,0.99726,0.00002,0.00047,0.00142,0.00083
95.81000,1.98000,0.99964,0.00000,0.00007,0.00015,0.00014
96.01000,1.98000,0.99984,0.00000,0.00001,0.00006,0.00008
96.21000,1.98000,0.99985,0.00000,0.00001,0.00001,0.00013
96.41000,1.98000,0.99994,0.00000,0.00000,0.00000,0.00005
96.61000,1.98000,0.99997,0.00000,0.00000,0.00000,0.00003
96.81000,1.98000,0.99997,0.00000,0.00000,0.00000,0.00003
97.01000,1.98000,0.99999,0.00000,0.00000,0.00000,0.00001
97.21000,1.98000,0.99996,0.00000,0.00000,0.00000,0.00004
97.41000,1.98000,0.99967,0.00000,0.00001,0.00000,0.00032
97.61000,1.98000,0.99923,0.00000,0.00000,0.00000,0.00076
97.81000,1.98000,0.99651,0.00000,0.00013,0.00000,0.00335
98.01000,1.98000,0.99899,0.00002,0.00001,0.00000,0.00098
98.21000,1.98000,0.98548,0.00001,0.00250,0.00011,0.01190
98.41000,1.98000,0.99896,0.00000,0.00037,0.00000,0.00066
98.61000,1.98000,0.99980,0.00000,0.00003,0.00000,0.00017
98.81000,1.98000,0.99999,0.00000,0.00000,0.00000,0.00001
99.01000,1.98000,0.99995,0.00000,0.00000,0.00002,0.00003
99.21000,1.98000,0.99997,0.00000,0.00000,0.00002,0.00001
99.41000,1.98000,0.99884,0.00000,0.00000,0.00107,0.00008
99.61000,1.98000,0.87423,0.00021,0.00002,0.12293,0.00261
99.81000,1.98000,0.01158,0.00007,0.00002,0.98697,0.00136
100.01000,1.98000,0.88426,0.00011,0.00006,0.10264,0.01294
100.21000,1.98000,0.98589,0.00002,0.00023,0.00956,0.00429
100.41000,1.98000,0.99284,0.00000,0.00056,0.00350,0.00310
100.61000,1.98000,0.99585,0.00001,0.00038,0.00253,0.00122
100.81000,1.98000,0.99963,0.00000,0.00006,0.00003,0.00028
101.01000,1.98000,0.99984,0.00000,0.00001,0.00006,0.00009
101.21000,1.98000,0.99990,0.00000,0.00000,0.00003,0.00006
101.41000,1.98000,0.99988,0.00000,0.00001,0.00002,0.00010
101.61000,1.98000,0.99996,0.00000,0.00000,0.00001,0.00004
101.81000,1.98000,0.99997,0.00000,0.00000,0.00000,0.00003
102.01000,1.98000,0.99998,0.00000,0.00000,0.00000,0.00002
102.21000,1.98000,0.99999,0.00000,0.00000,0.00000,0.00001
102.41000,1.98000,0.99998,0.00000,0.00000,0.00000,0.00002
102.61000,1.98000,0.99989,0.00000,0.00000,0.00000,0.00011
102.81000,1.98000,0.99960,0.00000,0.00000,0.00000,0.00039
103.01000,1.98000,0.99991,0.00000,0.00000,0.00000,0.00009
103.21000,1.98000,0.99908,0.00000,0.00001,0.00000,0.00091
103.41000,1.98000,0.99992,0.00000,0.00000,0.00000,0.00008
103.61000,1.98000,0.99989,0.00000,0.00000,0.00000,0.00011
103.81000,1.98000,0.99870,0.00000,0.00005,0.00000,0.00125
104.01000,1.98000,0.99964,0.00000,0.00002,0.00000,0.00035
104.21000,1.98000,0.99998,0.00000,0.00000,0.00000,0.00002
104.41000,1.98000,0.99998,0.00000,0.00001,0.00000,0.00001
104.61000,1.98000,0.99996,0.00000,0.00001,0.00000,0.00003
104.81000,1.98000,0.99965,0.00000,0.00006,0.00002,0.00027
105.01000,1.98000,0.99985,0.00000,0.00000,0.00005,0.00010
105.21000,1.98000,0.99998,0.00000,0.00000,0.00000,0.00002
105.41000,1.98000,0.99996,0.00000,0.00000,0.00000,0.00004
105.61000,1.98000,0.99632,0.00005,0.00003,0.00216,0.00145
105.81000,1.98000,0.10162,0.00020,0.00030,0.88173,0.01614
106.01000,1.98000,0.94719,0.00046,0.00006,0.04487,0.00741
106.21000,1.98000,0.99796,0.00005,0.00002,0.00125,0.00073
106.41000,1.98000,0.99917,0.00000,0.00003,0.00023,0.00057
106.61000,1.98000,0.99937,0.00000,0.00003,0.00006,0.00054
106.81000,1.98000,0.99975,0.00000,0.00001,0.00000,0.00023
107.01000,1.98000,0.99995,0.00000,0.00000,0.00000,0.00005
107.21000,1.98000,0.99995,0.00000,0.00000,0.00000,0.00005
107.41000,1.98000,0.99996,0.00000,0.00000,0.00000,0.00004
107.61000,1.98000,0.99999,0.00000,0.00000,0.00000,0.00001
107.81000,1.98000,0.99999,0.00000,0.00000,0.00000,0.00000
108.01000,1.98000,1.00000,0.00000,0.00000,0.00000,0.00000
108.21000,1.98000,1.00000,0.00000,0.00000,0.00000,0.00000
108.41000,1.98000,1.00000,0.00000,0.00000,0.00000,0.00000
108.61000,1.98000,1.00000,0.00000,0.00000,0.00000,0.00000
108.81000,1.98000,1.00000,0.00000,0.00000,0.00000,0.00000
109.01000,1.98000,1.00000,0.00000,0.00000,0.00000,0.00000
109.21000,1.98000,1.00000,0.00000,0.00000,0.00000,0.00000
109.41000,1.98000,0.99996,0.00000,0.00000,0.00000,0.00004
109.61000,1.98000,0.99993,0.00001,0.00000,0.00001,0.00005
109.81000,1.98000,0.99950,0.00000,0.00001,0.00005,0.00043
110.01000,1.98000,0.99996,0.00000,0.00000,0.00001,0.00003
110.21000,1.98000,0.99993,0.00000,0.00000,0.00000,0.00007
110.41000,1.98000,1.00000,0.00000,0.00000,0.00000,0.00000
110.61000,1.98000,1.00000,0.00000,0.00000,0.00000,0.00000
110.81000,1.98000,0.99995,0.00000,0.00000,0.00002,0.00003
111.01000,1.98000,0.99763,0.00001,0.00000,0.00215,0.00021
111.21000,1.98000,0.13655,0.00002,0.00284,0.80121,0.05938
111.41000,1.98000,0.72405,0.00003,0.00094,0.24513,0.02984
111.61000,1.98000,0.99678,0.00000,0.00001,0.00232,0.00088
111.81000,1.98000,0.99897,0.00000,0.00008,0.00026,0.00069
112.01000,1.98000,0.99941,0.00000,0.00011,0.00012,0.00035
112.21000,1.98000,0.99990,0.00000,0.00004,0.00001,0.00006
112.41000,1.98000,0.99987,0.00000,0.00001,0.00003,0.00010
112.61000,1.98000,0.99984,0.00000,0.00001,0.00001,0.00014
112.81000,1.98000,0.99991,0.00000,0.00001,0.00000,0.00008
113.01000,1.98000,0.99998,0.00000,0.00000,0.00000,0.00002
113.21000,1.98000,0.99999,0.00000,0.00000,0.00000,0.00001
113.41000,1.98000,0.99999,0.00000,0.00000,0.00000,0.00001
113.61000,1.98000,0.99997,0.00000,0.00000,0.00000,0.00003
113.81000,1.98000,0.99982,0.00000,0.00000,0.00000,0.00017
114.01000,1.98000,0.99986,0.00000,0.00001,0.00000,0.00013
114.21000,1.98000,0.99985,0.00001,0.00000,0.00000,0.00014
114.41000,1.98000,0.99975,0.00000,0.00001,0.00000,0.00024
114.61000,1.98000,0.99993,0.00000,0.00000,0.00000,0.00007
114.81000,1.98000,0.99948,0.00000,0.00000,0.00001,0.00051
115.01000,1.98000,0.99648,0.00002,0.00002,0.00031,0.00318
115.21000,1.98000,0.99156,0.00001,0.00009,0.00029,0.00804
115.41000,1.98000,0.99913,0.00000,0.00000,0.00010,0.00076
115.61000,1.98000,0.99962,0.00000,0.00000,0.00025,0.00013
115.81000,1.98000,0.99886,0.00000,0.00000,0.00024,0.00090
116.01000,1.98000,0.99785,0.00002,0.00000,0.00114,0.00099
116.21000,1.98000,0.97184,0.00018,0.00001,0.02705,0.00093
116.41000,1.98000,0.11265,0.00003,0.00049,0.86747,0.01935
116.61000,1.98000,0.70071,0.00020,0.00017,0.28415,0.01477
116.81000,1.98000,0.99605,0.00002,0.00002,0.00277,0.00114
117.01000,1.98000,0.99900,0.00000,0.00004,0.00022,0.00074
117.21000,1.98000,0.99974,0.00000,0.00001,0.00001,0.00023
117.41000,1.98000,0.99989,0.00000,0.00000,0.00000,0.00011
117.61000,1.98000,0.99959,0.00000,0.00000,0.00001,0.00039
117.81000,1.98000,0.99982,0.00001,0.00000,0.00000,0.00017
118.01000,1.98000,0.99944,0.00001,0.00000,0.00001,0.00054
118.21000,1.98000,0.99981,0.00000,0.00000,0.00000,0.00019
118.41000,1.98000,0.99972,0.00000,0.00000,0.00000,0.00028
118.61000,1.98000,0.99985,0.00000,0.00000,0.00000,0.00015
118.81000,1.98000,0.99985,0.00000,0.00000,0.00000,0.00014
119.01000,1.98000,0.99987,0.00000,0.00000,0.00000,0.00013
119.21000,1.98000,0.99991,0.00000,0.00000,0.00000,0.00008
119.41000,1.98000,0.99979,0.00000,0.00000,0.00000,0.00020
119.61000,1.98000,0.99959,0.00000,0.00000,0.00000,0.00041
119.81000,1.98000,0.99992,0.00000,0.00000,0.00000,0.00008
120.01000,1.98000,0.99992,0.00000,0.00000,0.00000,0.00008
120.21000,1.98000,0.99997,0.00000,0.00000,0.00000,0.00003
120.41000,1.98000,1.00000,0.00000,0.00000,0.00000,0.00000
120.61000,1.98000,1.00000,0.00000,0.00000,0.00000,0.00000
120.81000,1.98000,1.00000,0.00000,0.00000,0.00000,0.00000
121.01000,1.98000,0.99995,0.00003,0.00001,0.00000,0.00001
121.21000,1.98000,0.99608,0.00000,0.00386,0.00001,0.00005
