Time (seconds), Duration (seconds),pred_(unlabeled),pred_On,pred_Off,pred_Dimmer,pred_Lighter
0.01000,1.98000,0.99995,0.00000,0.00000,0.00001,0.00004
0.21000,1.98000,0.99998,0.00000,0.00000,0.00000,0.00001
0.41000,1.98000,0.99999,0.00000,0.00000,0.00000,0.00000
0.61000,1.98000,0.99999,0.00000,0.00000,0.00000,0.00001
0.81000,1.98000,0.99999,0.00000,0.00000,0.00000,0.00001
1.01000,1.98000,0.99953,0.00000,0.00000,0.00001,0.00046
1.21000,1.98000,0.38745,0.00018,0.00237,0.00116,0.60884
1.41000,1.98000,0.10360,0.00005,0.00039,0.00057,0.89539
1.61000,1.98000,0.98298,0.00000,0.00001,0.00000,0.01701
1.81000,1.98000,0.99106,0.00000,0.00002,0.00000,0.00892
2.01000,1.98000,0.99796,0.00000,0.00010,0.00000,0.00194
2.21000,1.98000,0.99874,0.00000,0.00001,0.00000,0.00125
2.41000,1.98000,0.99938,0.00000,0.00001,0.00000,0.00061
2.61000,1.98000,0.99940,0.00000,0.00002,0.00000,0.00058
2.81000,1.98000,0.99954,0.00000,0.00002,0.00000,0.00044
3.01000,1.98000,0.99986,0.00000,0.00002,0.00000,0.00012
3.21000,1.98000,0.99979,0.00000,0.00004,0.00000,0.00017
3.41000,1.98000,0.99962,0.00000,0.00012,0.00000,0.00026
3.61000,1.98000,0.99977,0.00000,0.00008,0.00000,0.00014
3.81000,1.98000,0.99991,0.00000,0.00005,0.00000,0.00004
4.01000,1.98000,0.99988,0.00000,0.00003,0.00000,0.00009
4.21000,1.98000,0.99987,0.00000,0.00009,0.00000,0.00003
4.41000,1.98000,0.99993,0.00001,0.00002,0.00000,0.00004
4.61000,1.98000,0.99999,0.00000,0.00000,0.00000,0.00001
4.81000,1.98000,0.99964,0.00000,0.00006,0.00000,0.00029
5.01000,1.98000,0.99974,0.00000,0.00011,0.00000,0.00016
5.21000,1.98000,0.99958,0.00000,0.00003,0.00005,0.00033
5.41000,1.98000,0.99998,0.00000,0.00000,0.00000,0.00001
5.61000,1.98000,0.99992,0.00000,0.00000,0.00000,0.00007
5.81000,1.98000,0.99993,0.00000,0.00001,0.00000,0.00006
6.01000,1.98000,0.99983,0.00000,0.00001,0.00001,0.00014
6.21000,1.98000,0.99985,0.00000,0.00001,0.00001,0.00013
6.41000,1.98000,0.99992,0.00000,0.00001,0.00002,0.00005
6.61000,1.98000,0.99994,0.00000,0.00000,0.00001,0.00004
6.81000,1.98000,0.99996,0.00000,0.00000,0.00001,0.00003
7.01000,1.98000,0.99997,0.00000,0.00000,0.00000,0.00003
7.21000,1.98000,0.99999,0.00000,0.00000,0.00000,0.00000
7.41000,1.98000,0.99998,0.00000,0.00000,0.00001,0.00001
7.61000,1.98000,0.99994,0.00000,0.00000,0.00001,0.00005
7.81000,1.98000,0.99955,0.00000,0.00000,0.00002,0.00043
8.01000,1.98000,0.83000,0.00004,0.00028,0.00199,0.16769
8.21000,1.98000,0.03842,0.00001,0.00180,0.00320,0.95657
8.41000,1.98000,0.96530,0.00001,0.00001,0.00002,0.03466
8.61000,1.98000,0.99499,0.00000,0.00001,0.00000,0.00500
8.81000,1.98000,0.99277,0.00000,0.00004,0.00000,0.00720
9.01000,1.98000,0.99708,0.00000,0.00002,0.00000,0.00290
9.21000,1.98000,0.99930,0.00000,0.00001,0.00000,0.00069
9.41000,1.98000,0.99951,0.00000,0.00002,0.00000,0.00047
9.61000,1.98000,0.99954,0.00000,0.00002,0.00000,0.00044
9.81000,1.98000,0.99953,0.00000,0.00002,0.00000,0.00044
10.01000,1.98000,0.99973,0.00000,0.00003,0.00000,0.00024
10.21000,1.98000,0.99969,0.00000,0.00002,0.00000,0.00029
10.41000,1.98000,0.99964,0.00000,0.00003,0.00000,0.00033
10.61000,1.98000,0.99963,0.00000,0.00005,0.00000,0.00032
10.81000,1.98000,0.99988,0.00000,0.00005,0.00000,0.00007
11.01000,1.98000,0.99994,0.00000,0.00003,0.00000,0.00004
11.21000,1.98000,0.99982,0.00000,0.00003,0.00000,0.00015
11.41000,1.98000,0.99954,0.00000,0.00022,0.00000,0.00024
11.61000,1.98000,0.99985,0.00000,0.00004,0.00000,0.00010
11.81000,1.98000,0.99983,0.00000,0.00008,0.00001,0.00009
12.01000,1.98000,0.99993,0.00000,0.00002,0.00000,0.00005
12.21000,1.98000,0.99998,0.00000,0.00001,0.00000,0.00002
12.41000,1.98000,0.99998,0.00000,0.00000,0.00000,0.00001
12.61000,1.98000,0.99998,0.00000,0.00000,0.00000,0.00001
12.81000,1.98000,0.99995,0.00000,0.00000,0.00001,0.00003
13.01000,1.98000,0.99996,0.00000,0.00000,0.00001,0.00003
13.21000,1.98000,0.99996,0.00000,0.00000,0.00001,0.00003
13.41000,1.98000,0.99995,0.00000,0.00000,0.00001,0.00004
13.61000,1.98000,0.99995,0.00000,0.00001,0.00001,0.00004
13.81000,1.98000,0.99995,0.00000,0.00000,0.00001,0.00004
14.01000,1.98000,0.99995,0.00000,0.00000,0.00001,0.00004
14.21000,1.98000,0.99995,0.00000,0.00001,0.00001,0.00004
14.41000,1.98000,0.99995,0.00000,0.00000,0.00001,0.00004
14.61000,1.98000,0.99995,0.00000,0.00001,0.00001,0.00004
14.81000,1.98000,0.99995,0.00000,0.00001,0.00001,0.00004
15.01000,1.98000,0.99995,0.00000,0.00001,0.00001,0.00004
15.21000,1.98000,0.99995,0.00000,0.00001,0.00001,0.00004
15.41000,1.98000,0.99995,0.00000,0.00000,0.00001,0.00004
15.61000,1.98000,0.99995,0.00000,0.00000,0.00001,0.00004
15.81000,1.98000,0.99995,0.00000,0.00000,0.00001,0.00004
16.01000,1.98000,0.99995,0.00000,0.00000,0.00001,0.00004
16.21000,1.98000,0.99995,0.00000,0.00000,0.00001,0.00004
16.41000,1.98000,0.99995,0.00000,0.00001,0.00001,0.00004
16.61000,1.98000,0.99995,0.00000,0.00001,0.00001,0.00004
16.81000,1.98000,0.99995,0.00000,0.00001,0.00001,0.00004
17.01000,1.98000,0.99998,0.00000,0.00000,0.00000,0.00002
17.21000,1.98000,0.99999,0.00000,0.00000,0.00000,0.00000
17.41000,1.98000,0.99999,0.00000,0.00000,0.00000,0.00001
17.61000,1.98000,0.99991,0.00000,0.00000,0.00002,0.00007
17.81000,1.98000,0.99935,0.00000,0.00000,0.00002,0.00063
18.01000,1.98000,0.75883,0.00003,0.00024,0.00133,0.23957
18.21000,1.98000,0.22111,0.00005,0.00063,0.00273,0.77548
18.41000,1.98000,0.98815,0.00000,0.00000,0.00000,0.01185
18.61000,1.98000,0.99472,0.00000,0.00000,0.00000,0.00527
18.81000,1.98000,0.98997,0.00000,0.00004,0.00000,0.00999
19.01000,1.98000,0.99768,0.00000,0.00002,0.00000,0.00231
19.21000,1.98000,0.99869,0.00000,0.00002,0.00000,0.00129
19.41000,1.98000,0.99950,0.00000,0.00002,0.00000,0.00049
19.61000,1.98000,0.99956,0.00000,0.00002,0.00000,0.00042
19.81000,1.98000,0.99955,0.00000,0.00002,0.00000,0.00043
20.01000,1.98000,0.99960,0.00000,0.00002,0.00000,0.00038
20.21000,1.98000,0.99958,0.00000,0.00002,0.00000,0.00040
20.41000,1.98000,0.99960,0.00000,0.00002,0.00000,0.00038
20.61000,1.98000,0.99958,0.00000,0.00002,0.00000,0.00040
20.81000,1.98000,0.99961,0.00000,0.00002,0.00000,0.00038
21.01000,1.98000,0.99960,0.00000,0.00002,0.00000,0.00038
21.21000,1.98000,0.99961,0.00000,0.00002,0.00000,0.00038
21.41000,1.98000,0.99968,0.00000,0.00002,0.00000,0.00030
21.61000,1.98000,0.99979,0.00000,0.00001,0.00000,0.00020
21.81000,1.98000,0.99987,0.00000,0.00001,0.00000,0.00013
22.01000,1.98000,0.99991,0.00000,0.00001,0.00000,0.00008
22.21000,1.98000,0.99992,0.00000,0.00001,0.00000,0.00007
22.41000,1.98000,0.99994,0.00000,0.00001,0.00000,0.00005
22.61000,1.98000,0.99997,0.00000,0.00000,0.00000,0.00003
22.81000,1.98000,0.99997,0.00000,0.00000,0.00000,0.00002
23.01000,1.98000,0.99998,0.00000,0.00000,0.00000,0.00002
23.21000,1.98000,0.99998,0.00000,0.00000,0.00000,0.00002
23.41000,1.98000,0.99997,0.00000,0.00000,0.00001,0.00002
23.61000,1.98000,0.99997,0.00000,0.00000,0.00001,0.00002
23.81000,1.98000,0.99997,0.00000,0.00000,0.00001,0.00002
24.01000,1.98000,0.99997,0.00000,0.00000,0.00001,0.00002
24.21000,1.98000,0.99997,0.00000,0.00000,0.00001,0.00002
24.41000,1.98000,0.99997,0.00000,0.00000,0.00001,0.00002
24.61000,1.98000,0.99996,0.00000,0.00000,0.00001,0.00003
24.81000,1.98000,0.99996,0.00000,0.00000,0.00001,0.00003
25.01000,1.98000,0.99996,0.00000,0.00000,0.00001,0.00003
25.21000,1.98000,0.99996,0.00000,0.00000,0.00001,0.00003
25.41000,1.98000,0.99996,0.00000,0.00000,0.00001,0.00003
25.61000,1.98000,0.99996,0.00000,0.00000,0.00001,0.00003
25.81000,1.98000,0.99996,0.00000,0.00000,0.00001,0.00003
26.01000,1.98000,0.99996,0.00000,0.00000,0.00001,0.00003
26.21000,1.98000,0.99996,0.00000,0.00000,0.00001,0.00003
26.41000,1.98000,0.99996,0.00000,0.00000,0.00001,0.00003
26.61000,1.98000,0.99996,0.00000,0.00000,0.00001,0.00003
26.81000,1.98000,0.99996,0.00000,0.00000,0.00001,0.00003
27.01000,1.98000,0.99996,0.00000,0.00000,0.00001,0.00003
27.21000,1.98000,0.99996,0.00000,0.00000,0.00001,0.00003
27.41000,1.98000,0.99996,0.00000,0.00000,0.00001,0.00003
27.61000,1.98000,0.99996,0.00000,0.00000,0.00000,0.00003
27.81000,1.98000,0.99994,0.00000,0.00000,0.00000,0.00006
28.01000,1.98000,0.99999,0.00000,0.00000,0.00000,0.00001
28.21000,1.98000,0.99998,0.00000,0.00000,0.00001,0.00001
28.41000,1.98000,0.99998,0.00000,0.00000,0.00001,0.00001
28.61000,1.98000,0.99943,0.00000,0.00000,0.00004,0.00053
28.81000,1.98000,0.99502,0.00001,0.00000,0.00008,0.00488
29.01000,1.98000,0.03230,0.00002,0.00182,0.00285,0.96300
29.21000,1.98000,0.81199,0.00003,0.00006,0.00018,0.18773
29.41000,1.98000,0.99309,0.00000,0.00000,0.00000,0.00690
29.61000,1.98000,0.98908,0.00000,0.00004,0.00000,0.01088
29.81000,1.98000,0.99512,0.00000,0.00003,0.00000,0.00485
30.01000,1.98000,0.99699,0.00000,0.00002,0.00000,0.00300
30.21000,1.98000,0.99829,0.00000,0.00003,0.00000,0.00168
30.41000,1.98000,0.99956,0.00000,0.00002,0.00000,0.00042
30.61000,1.98000,0.99957,0.00000,0.00002,0.00000,0.00041
30.81000,1.98000,0.99953,0.00000,0.00002,0.00000,0.00045
31.01000,1.98000,0.99956,0.00000,0.00002,0.00000,0.00042
31.21000,1.98000,0.99953,0.00000,0.00002,0.00000,0.00045
31.41000,1.98000,0.99962,0.00000,0.00002,0.00000,0.00037
31.61000,1.98000,0.99969,0.00000,0.00001,0.00000,0.00029
31.81000,1.98000,0.99963,0.00000,0.00002,0.00000,0.00036
32.01000,1.98000,0.99971,0.00000,0.00001,0.00000,0.00028
32.21000,1.98000,0.99977,0.00000,0.00001,0.00000,0.00021
32.41000,1.98000,0.99985,0.00000,0.00001,0.00000,0.00014
32.61000,1.98000,0.99989,0.00000,0.00001,0.00000,0.00010
32.81000,1.98000,0.99992,0.00000,0.00001,0.00000,0.00008
33.01000,1.98000,0.99994,0.00000,0.00001,0.00000,0.00006
33.21000,1.98000,0.99996,0.00000,0.00000,0.00000,0.00004
33.41000,1.98000,0.99995,0.00000,0.00000,0.00000,0.00004
33.61000,1.98000,0.99996,0.00000,0.00000,0.00000,0.00003
33.81000,1.98000,0.99997,0.00000,0.00001,0.00000,0.00003
34.01000,1.98000,0.99997,0.00000,0.00000,0.00001,0.00003
34.21000,1.98000,0.99994,0.00000,0.00000,0.00002,0.00003
34.41000,1.98000,0.99992,0.00000,0.00001,0.00003,0.00004
34.61000,1.98000,0.99990,0.00000,0.00001,0.00003,0.00006
34.81000,1.98000,0.99989,0.00000,0.00001,0.00003,0.00006
35.01000,1.98000,0.99988,0.00000,0.00001,0.00003,0.00008
35.21000,1.98000,0.99991,0.00000,0.00001,0.00002,0.00006
35.41000,1.98000,0.99994,0.00000,0.00000,0.00002,0.00004
35.61000,1.98000,0.99996,0.00000,0.00000,0.00001,0.00002
35.81000,1.98000,0.99995,0.00000,0.00000,0.00001,0.00003
36.01000,1.98000,0.99996,0.00000,0.00000,0.00001,0.00003
36.21000,1.98000,0.99996,0.00000,0.00000,0.00001,0.00003
36.41000,1.98000,0.99996,0.00000,0.00000,0.00001,0.00003
36.61000,1.98000,0.99995,0.00000,0.00000,0.00001,0.00003
36.81000,1.98000,0.99996,0.00000,0.00000,0.00001,0.00003
37.01000,1.98000,0.99995,0.00000,0.00000,0.00001,0.00003
37.21000,1.98000,0.99995,0.00000,0.00000,0.00001,0.00003
37.41000,1.98000,0.99995,0.00000,0.00000,0.00001,0.00003
37.61000,1.98000,0.99995,0.00000,0.00000,0.00001,0.00004
37.81000,1.98000,0.99995,0.00000,0.00000,0.00001,0.00004
38.01000,1.98000,0.99993,0.00000,0.00000,0.00000,0.00006
38.21000,1.98000,0.99999,0.00000,0.00000,0.00000,0.00001
38.41000,1.98000,0.99999,0.00000,0.00000,0.00001,0.00001
38.61000,1.98000,0.99996,0.00000,0.00000,0.00001,0.00003
38.81000,1.98000,0.99957,0.00000,0.00000,0.00002,0.00040
39.01000,1.98000,0.98425,0.00002,0.00002,0.00024,0.01548
39.21000,1.98000,0.03085,0.00001,0.00167,0.00484,0.96261
39.41000,1.98000,0.86104,0.00003,0.00007,0.00024,0.13862
39.61000,1.98000,0.99671,0.00000,0.00000,0.00000,0.00329
39.81000,1.98000,0.99235,0.00000,0.00003,0.00000,0.00761
40.01000,1.98000,0.99797,0.00000,0.00002,0.00000,0.00200
40.21000,1.98000,0.99868,0.00000,0.00002,0.00000,0.00130
40.41000,1.98000,0.99950,0.00000,0.00002,0.00000,0.00048
40.61000,1.98000,0.99960,0.00000,0.00002,0.00000,0.00038
40.81000,1.98000,0.99958,0.00000,0.00002,0.00000,0.00040
41.01000,1.98000,0.99958,0.00000,0.00002,0.00000,0.00040
41.21000,1.98000,0.99957,0.00000,0.00002,0.00000,0.00042
41.41000,1.98000,0.99959,0.00000,0.00002,0.00000,0.00040
41.61000,1.98000,0.99960,0.00000,0.00002,0.00000,0.00038
41.81000,1.98000,0.99970,0.00000,0.00001,0.00000,0.00028
42.01000,1.98000,0.99964,0.00000,0.00001,0.00000,0.00034
42.21000,1.98000,0.99966,0.00000,0.00001,0.00000,0.00033
42.41000,1.98000,0.99971,0.00000,0.00001,0.00000,0.00028
42.61000,1.98000,0.99978,0.00000,0.00001,0.00000,0.00020
42.81000,1.98000,0.99986,0.00000,0.00001,0.00000,0.00013
43.01000,1.98000,0.99991,0.00000,0.00001,0.00000,0.00009
43.21000,1.98000,0.99992,0.00000,0.00001,0.00000,0.00008
43.41000,1.98000,0.99995,0.00000,0.00000,0.00000,0.00004
43.61000,1.98000,0.99995,0.00000,0.00000,0.00000,0.00004
43.81000,1.98000,0.99995,0.00000,0.00000,0.00000,0.00004
44.01000,1.98000,0.99993,0.00000,0.00001,0.00000,0.00006
44.21000,1.98000,0.99993,0.00000,0.00001,0.00001,0.00005
44.41000,1.98000,0.99994,0.00000,0.00000,0.00002,0.00004
44.61000,1.98000,0.99994,0.00000,0.00000,0.00002,0.00004
44.81000,1.98000,0.99993,0.00000,0.00000,0.00002,0.00005
45.01000,1.98000,0.99994,0.00000,0.00000,0.00001,0.00004
45.21000,1.98000,0.99995,0.00000,0.00000,0.00001,0.00003
45.41000,1.98000,0.99994,0.00000,0.00001,0.00001,0.00004
45.61000,1.98000,0.99994,0.00000,0.00000,0.00001,0.00004
45.81000,1.98000,0.99996,0.00000,0.00000,0.00001,0.00003
46.01000,1.98000,0.99995,0.00000,0.00001,0.00001,0.00004
46.21000,1.98000,0.99995,0.00000,0.00000,0.00001,0.00004
46.41000,1.98000,0.99996,0.00000,0.00000,0.00001,0.00003
46.61000,1.98000,0.99996,0.00000,0.00000,0.00001,0.00003
46.81000,1.98000,0.99996,0.00000,0.00000,0.00001,0.00003
47.01000,1.98000,0.99995,0.00000,0.00000,0.00001,0.00003
47.21000,1.98000,0.99995,0.00000,0.00000,0.00001,0.00003
47.41000,1.98000,0.99996,0.00000,0.00000,0.00000,0.00003
47.61000,1.98000,0.99997,0.00000,0.00000,0.00000,0.00003
47.81000,1.98000,0.99997,0.00000,0.00000,0.00000,0.00003
48.01000,1.98000,0.99990,0.00000,0.00000,0.00000,0.00009
48.21000,1.98000,0.99978,0.00000,0.00000,0.00000,0.00022
48.41000,1.98000,0.99987,0.00000,0.00000,0.00000,0.00013
48.61000,1.98000,0.99959,0.00000,0.00000,0.00000,0.00041
48.81000,1.98000,0.98558,0.00000,0.00001,0.00000,0.01441
49.01000,1.98000,0.61065,0.00000,0.00041,0.00001,0.38893
49.21000,1.98000,0.91001,0.00000,0.00008,0.00000,0.08992
49.41000,1.98000,0.99785,0.00000,0.00001,0.00000,0.00214
49.61000,1.98000,0.99930,0.00000,0.00000,0.00000,0.00070
49.81000,1.98000,0.99953,0.00000,0.00000,0.00000,0.00046
50.01000,1.98000,0.99933,0.00000,0.00001,0.00000,0.00066
50.21000,1.98000,0.99964,0.00000,0.00001,0.00000,0.00036
50.41000,1.98000,0.99964,0.00000,0.00001,0.00000,0.00035
50.61000,1.98000,0.99982,0.00000,0.00001,0.00000,0.00018
50.81000,1.98000,0.99979,0.00000,0.00001,0.00000,0.00020
51.01000,1.98000,0.99986,0.00000,0.00001,0.00000,0.00013
51.21000,1.98000,0.99988,0.00000,0.00001,0.00000,0.00012
51.41000,1.98000,0.99994,0.00000,0.00001,0.00000,0.00005
51.61000,1.98000,0.99994,0.00000,0.00001,0.00000,0.00005
51.81000,1.98000,0.99995,0.00000,0.00001,0.00000,0.00004
52.01000,1.98000,0.99994,0.00000,0.00001,0.00000,0.00005
52.21000,1.98000,0.99995,0.00000,0.00001,0.00000,0.00004
52.41000,1.98000,0.99995,0.00000,0.00001,0.00000,0.00004
52.61000,1.98000,0.99996,0.00000,0.00000,0.00001,0.00003
52.81000,1.98000,0.99998,0.00000,0.00000,0.00000,0.00002
53.01000,1.98000,0.99998,0.00000,0.00000,0.00001,0.00001
53.21000,1.98000,0.99998,0.00000,0.00000,0.00001,0.00001
53.41000,1.98000,0.99997,0.00000,0.00000,0.00001,0.00002
53.61000,1.98000,0.99997,0.00000,0.00000,0.00001,0.00002
53.81000,1.98000,0.99996,0.00000,0.00000,0.00001,0.00003
54.01000,1.98000,0.99995,0.00000,0.00000,0.00001,0.00003
54.21000,1.98000,0.99995,0.00000,0.00000,0.00001,0.00004
54.41000,1.98000,0.99996,0.00000,0.00000,0.00001,0.00003
54.61000,1.98000,0.99996,0.00000,0.00000,0.00001,0.00003
54.81000,1.98000,0.99996,0.00000,0.00000,0.00001,0.00003
55.01000,1.98000,0.99996,0.00000,0.00000,0.00001,0.00003
55.21000,1.98000,0.99996,0.00000,0.00000,0.00001,0.00003
55.41000,1.98000,0.99996,0.00000,0.00000,0.00001,0.00003
55.61000,1.98000,0.99996,0.00000,0.00000,0.00001,0.00003
55.81000,1.98000,0.99996,0.00000,0.00000,0.00001,0.00003
56.01000,1.98000,0.99996,0.00000,0.00000,0.00001,0.00003
56.21000,1.98000,0.99996,0.00000,0.00000,0.00001,0.00003
56.41000,1.98000,0.99995,0.00000,0.00000,0.00001,0.00004
56.61000,1.98000,0.99995,0.00000,0.00000,0.00001,0.00004
56.81000,1.98000,0.99995,0.00000,0.00000,0.00001,0.00003
57.01000,1.98000,0.99995,0.00000,0.00000,0.00001,0.00003
57.21000,1.98000,0.99995,0.00000,0.00000,0.00001,0.00004
57.41000,1.98000,0.99995,0.00000,0.00000,0.00001,0.00003
57.61000,1.98000,0.99995,0.00000,0.00000,0.00001,0.00003
57.81000,1.98000,0.99995,0.00000,0.00000,0.00001,0.00003
58.01000,1.98000,0.99995,0.00000,0.00000,0.00001,0.00003
58.21000,1.98000,0.99994,0.00000,0.00000,0.00000,0.00006
58.41000,1.98000,0.99999,0.00000,0.00000,0.00000,0.00001
58.61000,1.98000,0.99996,0.00000,0.00000,0.00002,0.00002
58.81000,1.98000,0.99992,0.00000,0.00000,0.00002,0.00006
59.01000,1.98000,0.99939,0.00000,0.00000,0.00006,0.00054
59.21000,1.98000,0.96547,0.00002,0.00007,0.00047,0.03396
59.41000,1.98000,0.04266,0.00001,0.00326,0.00502,0.94904
59.61000,1.98000,0.78787,0.00001,0.00018,0.00020,0.21173
59.81000,1.98000,0.99294,0.00000,0.00001,0.00000,0.00705
60.01000,1.98000,0.99592,0.00000,0.00003,0.00000,0.00405
60.21000,1.98000,0.99483,0.00000,0.00002,0.00000,0.00514
60.41000,1.98000,0.99763,0.00000,0.00002,0.00000,0.00235
60.61000,1.98000,0.99921,0.00000,0.00002,0.00000,0.00077
60.81000,1.98000,0.99963,0.00000,0.00001,0.00000,0.00036
61.01000,1.98000,0.99961,0.00000,0.00002,0.00000,0.00037
61.21000,1.98000,0.99962,0.00000,0.00001,0.00000,0.00036
61.41000,1.98000,0.99965,0.00000,0.00001,0.00000,0.00034
61.61000,1.98000,0.99962,0.00000,0.00001,0.00000,0.00036
61.81000,1.98000,0.99963,0.00000,0.00001,0.00000,0.00036
62.01000,1.98000,0.99962,0.00000,0.00002,0.00000,0.00036
62.21000,1.98000,0.99965,0.00000,0.00001,0.00000,0.00033
62.41000,1.98000,0.99965,0.00000,0.00001,0.00000,0.00033
62.61000,1.98000,0.99966,0.00000,0.00001,0.00000,0.00032
62.81000,1.98000,0.99967,0.00000,0.00001,0.00000,0.00031
63.01000,1.98000,0.99975,0.00000,0.00001,0.00000,0.00023
63.21000,1.98000,0.99981,0.00000,0.00001,0.00000,0.00018
63.41000,1.98000,0.99984,0.00000,0.00001,0.00000,0.00015
63.61000,1.98000,0.99989,0.00000,0.00001,0.00000,0.00010
63.81000,1.98000,0.99993,0.00000,0.00001,0.00000,0.00006
64.01000,1.98000,0.99995,0.00000,0.00000,0.00000,0.00004
64.21000,1.98000,0.99997,0.00000,0.00000,0.00000,0.00003
64.41000,1.98000,0.99995,0.00000,0.00001,0.00000,0.00004
64.61000,1.98000,0.99995,0.00000,0.00001,0.00000,0.00004
64.81000,1.98000,0.99996,0.00000,0.00000,0.00000,0.00004
65.01000,1.98000,0.99995,0.00000,0.00001,0.00001,0.00004
65.21000,1.98000,0.99996,0.00000,0.00000,0.00001,0.00003
65.41000,1.98000,0.99996,0.00000,0.00000,0.00001,0.00002
65.61000,1.98000,0.99996,0.00000,0.00000,0.00001,0.00002
65.81000,1.98000,0.99996,0.00000,0.00000,0.00001,0.00003
66.01000,1.98000,0.99995,0.00000,0.00000,0.00001,0.00004
66.21000,1.98000,0.99995,0.00000,0.00000,0.00001,0.00004
66.41000,1.98000,0.99996,0.00000,0.00000,0.00001,0.00003
66.61000,1.98000,0.99995,0.00000,0.00000,0.00001,0.00003
66.81000,1.98000,0.99996,0.00000,0.00000,0.00001,0.00003
67.01000,1.98000,0.99995,0.00000,0.00000,0.00001,0.00003
67.21000,1.98000,0.99995,0.00000,0.00000,0.00001,0.00004
67.41000,1.98000,0.99995,0.00000,0.00000,0.00001,0.00004
67.61000,1.98000,0.99994,0.00000,0.00000,0.00000,0.00006
67.81000,1.98000,0.99998,0.00000,0.00000,0.00000,0.00002
68.01000,1.98000,0.99998,0.00000,0.00000,0.00001,0.00001
68.21000,1.98000,0.99996,0.00000,0.00000,0.00001,0.00003
68.41000,1.98000,0.99963,0.00000,0.00000,0.00004,0.00033
68.61000,1.98000,0.99587,0.00000,0.00000,0.00008,0.00404
68.81000,1.98000,0.10700,0.00001,0.00218,0.00270,0.88811
69.01000,1.98000,0.62964,0.00001,0.00022,0.00038,0.36974
69.21000,1.98000,0.99152,0.00000,0.00000,0.00000,0.00847
69.41000,1.98000,0.99577,0.00000,0.00001,0.00000,0.00422
69.61000,1.98000,0.99357,0.00000,0.00003,0.00000,0.00641
69.81000,1.98000,0.99777,0.00000,0.00001,0.00000,0.00222
70.01000,1.98000,0.99901,0.00000,0.00002,0.00000,0.00097
70.21000,1.98000,0.99961,0.00000,0.00001,0.00000,0.00038
70.41000,1.98000,0.99962,0.00000,0.00001,0.00000,0.00037
70.61000,1.98000,0.99961,0.00000,0.00001,0.00000,0.00037
70.81000,1.98000,0.99961,0.00000,0.00001,0.00000,0.00037
71.01000,1.98000,0.99964,0.00000,0.00001,0.00000,0.00035
71.21000,1.98000,0.99963,0.00000,0.00001,0.00000,0.00035
71.41000,1.98000,0.99962,0.00000,0.00001,0.00000,0.00037
71.61000,1.98000,0.99965,0.00000,0.00001,0.00000,0.00033
71.81000,1.98000,0.99964,0.00000,0.00001,0.00000,0.00035
72.01000,1.98000,0.99965,0.00000,0.00001,0.00000,0.00034
72.21000,1.98000,0.99971,0.00000,0.00001,0.00000,0.00028
72.41000,1.98000,0.99968,0.00000,0.00001,0.00000,0.00030
72.61000,1.98000,0.99967,0.00000,0.00001,0.00000,0.00032
72.81000,1.98000,0.99972,0.00000,0.00001,0.00000,0.00027
73.01000,1.98000,0.99973,0.00000,0.00001,0.00000,0.00026
73.21000,1.98000,0.99978,0.00000,0.00001,0.00000,0.00021
73.41000,1.98000,0.99982,0.00000,0.00001,0.00000,0.00017
73.61000,1.98000,0.99987,0.00000,0.00001,0.00000,0.00012
73.81000,1.98000,0.99991,0.00000,0.00001,0.00000,0.00008
74.01000,1.98000,0.99993,0.00000,0.00000,0.00000,0.00006
74.21000,1.98000,0.99995,0.00000,0.00000,0.00000,0.00004
74.41000,1.98000,0.99997,0.00000,0.00000,0.00000,0.00003
74.61000,1.98000,0.99997,0.00000,0.00000,0.00000,0.00003
74.81000,1.98000,0.99996,0.00000,0.00000,0.00000,0.00003
75.01000,1.98000,0.99994,0.00000,0.00001,0.00001,0.00004
75.21000,1.98000,0.99993,0.00000,0.00001,0.00002,0.00004
75.41000,1.98000,0.99994,0.00000,0.00001,0.00002,0.00004
75.61000,1.98000,0.99994,0.00000,0.00000,0.00002,0.00004
75.81000,1.98000,0.99995,0.00000,0.00000,0.00001,0.00003
76.01000,1.98000,0.99995,0.00000,0.00000,0.00001,0.00004
76.21000,1.98000,0.99996,0.00000,0.00000,0.00001,0.00003
76.41000,1.98000,0.99996,0.00000,0.00000,0.00001,0.00003
76.61000,1.98000,0.99994,0.00000,0.00000,0.00001,0.00004
76.81000,1.98000,0.99995,0.00000,0.00000,0.00001,0.00003
77.01000,1.98000,0.99994,0.00000,0.00000,0.00001,0.00005
77.21000,1.98000,0.99996,0.00000,0.00000,0.00001,0.00003
77.41000,1.98000,0.99992,0.00000,0.00001,0.00001,0.00005
77.61000,1.98000,0.99994,0.00000,0.00001,0.00001,0.00004
77.81000,1.98000,0.99993,0.00000,0.00001,0.00001,0.00005
78.01000,1.98000,0.99995,0.00000,0.00000,0.00000,0.00005
78.21000,1.98000,0.99998,0.00000,0.00000,0.00000,0.00001
78.41000,1.98000,0.99998,0.00000,0.00000,0.00000,0.00001
78.61000,1.98000,0.99995,0.00000,0.00000,0.00002,0.00004
78.81000,1.98000,0.99957,0.00000,0.00000,0.00004,0.00039
79.01000,1.98000,0.98251,0.00001,0.00009,0.00031,0.01708
79.21000,1.98000,0.05538,0.00001,0.00766,0.00547,0.93148
79.41000,1.98000,0.86043,0.00000,0.00026,0.00013,0.13917
79.61000,1.98000,0.99378,0.00000,0.00002,0.00000,0.00619
79.81000,1.98000,0.99777,0.00000,0.00005,0.00000,0.00219
80.01000,1.98000,0.99637,0.00000,0.00004,0.00000,0.00359
80.21000,1.98000,0.99899,0.00000,0.00001,0.00000,0.00100
80.41000,1.98000,0.99944,0.00000,0.00001,0.00000,0.00055
80.61000,1.98000,0.99969,0.00000,0.00001,0.00000,0.00030
80.81000,1.98000,0.99962,0.00000,0.00002,0.00000,0.00037
81.01000,1.98000,0.99968,0.00000,0.00002,0.00000,0.00030
81.21000,1.98000,0.99970,0.00000,0.00001,0.00000,0.00029
81.41000,1.98000,0.99965,0.00000,0.00002,0.00000,0.00033
81.61000,1.98000,0.99966,0.00000,0.00002,0.00000,0.00033
81.81000,1.98000,0.99963,0.00000,0.00002,0.00000,0.00035
82.01000,1.98000,0.99985,0.00000,0.00001,0.00000,0.00014
82.21000,1.98000,0.99994,0.00000,0.00001,0.00000,0.00005
82.41000,1.98000,0.99995,0.00000,0.00001,0.00000,0.00004
82.61000,1.98000,0.99995,0.00000,0.00000,0.00000,0.00004
82.81000,1.98000,0.99993,0.00000,0.00001,0.00000,0.00006
83.01000,1.98000,0.99993,0.00000,0.00001,0.00000,0.00006
83.21000,1.98000,0.99993,0.00000,0.00001,0.00000,0.00006
83.41000,1.98000,0.99990,0.00000,0.00002,0.00001,0.00007
83.61000,1.98000,0.99995,0.00000,0.00001,0.00001,0.00003
83.81000,1.98000,0.99996,0.00000,0.00000,0.00001,0.00002
84.01000,1.98000,0.99996,0.00000,0.00000,0.00001,0.00003
84.21000,1.98000,0.99995,0.00000,0.00000,0.00001,0.00003
84.41000,1.98000,0.99995,0.00000,0.00000,0.00001,0.00003
84.61000,1.98000,0.99994,0.00000,0.00001,0.00001,0.00004
84.81000,1.98000,0.99993,0.00000,0.00001,0.00001,0.00005
85.01000,1.98000,0.99996,0.00000,0.00000,0.00001,0.00003
85.21000,1.98000,0.99995,0.00000,0.00000,0.00001,0.00004
85.41000,1.98000,0.99994,0.00000,0.00001,0.00001,0.00005
85.61000,1.98000,0.99995,0.00000,0.00000,0.00001,0.00004
85.81000,1.98000,0.99995,0.00000,0.00000,0.00001,0.00004
86.01000,1.98000,0.99995,0.00000,0.00000,0.00001,0.00004
86.21000,1.98000,0.99995,0.00000,0.00000,0.00001,0.00004
86.41000,1.98000,0.99995,0.00000,0.00000,0.00001,0.00004
86.61000,1.98000,0.99995,0.00000,0.00000,0.00001,0.00004
86.81000,1.98000,0.99995,0.00000,0.00000,0.00001,0.00004
87.01000,1.98000,0.99995,0.00000,0.00000,0.00001,0.00004
87.21000,1.98000,0.99995,0.00000,0.00000,0.00001,0.00004
87.41000,1.98000,0.99995,0.00000,0.00000,0.00001,0.00004
87.61000,1.98000,0.99995,0.00000,0.00000,0.00001,0.00004
87.81000,1.98000,0.99995,0.00000,0.00000,0.00001,0.00004
88.01000,1.98000,0.99995,0.00000,0.00000,0.00001,0.00004
88.21000,1.98000,0.99995,0.00000,0.00000,0.00000,0.00004
88.41000,1.98000,0.99997,0.00000,0.00000,0.00000,0.00003
88.61000,1.98000,0.99999,0.00000,0.00000,0.00000,0.00001
88.81000,1.98000,0.99997,0.00000,0.00000,0.00001,0.00002
89.01000,1.98000,0.99981,0.00000,0.00000,0.00002,0.00017
89.21000,1.98000,0.99876,0.00000,0.00000,0.00003,0.00121
89.41000,1.98000,0.76395,0.00002,0.00036,0.00130,0.23438
89.61000,1.98000,0.09823,0.00001,0.00089,0.00177,0.89909
89.81000,1.98000,0.97778,0.00000,0.00001,0.00001,0.02220
90.01000,1.98000,0.99791,0.00000,0.00000,0.00000,0.00208
90.21000,1.98000,0.99188,0.00000,0.00002,0.00000,0.00810
90.41000,1.98000,0.99743,0.00000,0.00001,0.00000,0.00256
90.61000,1.98000,0.99908,0.00000,0.00001,0.00000,0.00091
90.81000,1.98000,0.99962,0.00000,0.00001,0.00000,0.00037
91.01000,1.98000,0.99966,0.00000,0.00001,0.00000,0.00032
91.21000,1.98000,0.99964,0.00000,0.00001,0.00000,0.00034
91.41000,1.98000,0.99964,0.00000,0.00001,0.00000,0.00035
91.61000,1.98000,0.99967,0.00000,0.00001,0.00000,0.00032
91.81000,1.98000,0.99968,0.00000,0.00001,0.00000,0.00030
92.01000,1.98000,0.99967,0.00000,0.00001,0.00000,0.00032
92.21000,1.98000,0.99971,0.00000,0.00001,0.00000,0.00028
92.41000,1.98000,0.99975,0.00000,0.00001,0.00000,0.00024
92.61000,1.98000,0.99980,0.00000,0.00001,0.00000,0.00019
92.81000,1.98000,0.99984,0.00000,0.00001,0.00000,0.00015
93.01000,1.98000,0.99988,0.00000,0.00001,0.00000,0.00011
93.21000,1.98000,0.99992,0.00000,0.00001,0.00000,0.00007
93.41000,1.98000,0.99995,0.00000,0.00000,0.00000,0.00005
93.61000,1.98000,0.99995,0.00000,0.00000,0.00000,0.00004
93.81000,1.98000,0.99996,0.00000,0.00000,0.00000,0.00004
94.01000,1.98000,0.99996,0.00000,0.00000,0.00000,0.00003
94.21000,1.98000,0.99994,0.00000,0.00000,0.00000,0.00005
94.41000,1.98000,0.99993,0.00000,0.00000,0.00000,0.00006
94.61000,1.98000,0.99994,0.00000,0.00001,0.00000,0.00005
94.81000,1.98000,0.99988,0.00000,0.00000,0.00002,0.00010
95.01000,1.98000,0.99849,0.00000,0.00004,0.00053,0.00095
95.21000,1.98000,0.99669,0.00000,0.00005,0.00016,0.00310
95.41000,1.98000,0.99711,0.00000,0.00007,0.00022,0.00260
95.61000,1.98000,0.99899,0.00000,0.00001,0.00005,0.00095
95.81000,1.98000,0.99945,0.00000,0.00002,0.00002,0.00050
96.01000,1.98000,0.99962,0.00000,0.00002,0.00005,0.00031
96.21000,1.98000,0.99963,0.00000,0.00001,0.00015,0.00022
96.41000,1.98000,0.99945,0.00000,0.00001,0.00013,0.00041
96.61000,1.98000,0.99916,0.00000,0.00002,0.00014,0.00068
96.81000,1.98000,0.99971,0.00000,0.00001,0.00004,0.00023
97.01000,1.98000,0.99989,0.00000,0.00001,0.00003,0.00008
97.21000,1.98000,0.99989,0.00000,0.00001,0.00002,0.00008
97.41000,1.98000,0.99993,0.00000,0.00001,0.00002,0.00005
97.61000,1.98000,0.99995,0.00000,0.00000,0.00001,0.00004
97.81000,1.98000,0.99994,0.00000,0.00001,0.00001,0.00004
98.01000,1.98000,0.99994,0.00000,0.00000,0.00000,0.00005
98.21000,1.98000,0.99992,0.00000,0.00000,0.00000,0.00008
98.41000,1.98000,0.99998,0.00000,0.00000,0.00000,0.00002
98.61000,1.98000,0.99991,0.00000,0.00000,0.00003,0.00005
98.81000,1.98000,0.99980,0.00001,0.00000,0.00005,0.00014
99.01000,1.98000,0.99857,0.00002,0.00000,0.00024,0.00116
99.21000,1.98000,0.69551,0.00019,0.00125,0.00863,0.29443
99.41000,1.98000,0.05792,0.00004,0.00319,0.00783,0.93103
99.61000,1.98000,0.97613,0.00000,0.00003,0.00008,0.02375
99.81000,1.98000,0.99934,0.00000,0.00001,0.00000,0.00065
100.01000,1.98000,0.99877,0.00000,0.00001,0.00000,0.00122
100.21000,1.98000,0.99922,0.00000,0.00001,0.00000,0.00077
100.41000,1.98000,0.99985,0.00000,0.00000,0.00000,0.00015
100.61000,1.98000,0.99992,0.00000,0.00000,0.00000,0.00007
100.81000,1.98000,0.99994,0.00000,0.00000,0.00000,0.00005
101.01000,1.98000,0.99994,0.00000,0.00001,0.00000,0.00006
101.21000,1.98000,0.99994,0.00000,0.00000,0.00000,0.00005
101.41000,1.98000,0.99995,0.00000,0.00000,0.00000,0.00004
101.61000,1.98000,0.99995,0.00000,0.00000,0.00000,0.00004
101.81000,1.98000,0.99995,0.00000,0.00000,0.00000,0.00004
102.01000,1.98000,0.99996,0.00000,0.00000,0.00000,0.00004
102.21000,1.98000,0.99996,0.00000,0.00000,0.00000,0.00003
102.41000,1.98000,0.99996,0.00000,0.00000,0.00000,0.00003
102.61000,1.98000,0.99996,0.00000,0.00000,0.00000,0.00004
102.81000,1.98000,0.99995,0.00000,0.00001,0.00000,0.00005
103.01000,1.98000,0.99995,0.00000,0.00000,0.00000,0.00004
103.21000,1.98000,0.99996,0.00000,0.00000,0.00000,0.00004
103.41000,1.98000,0.99996,0.00000,0.00000,0.00000,0.00003
103.61000,1.98000,0.99997,0.00000,0.00000,0.00000,0.00003
103.81000,1.98000,0.99997,0.00000,0.00000,0.00000,0.00003
104.01000,1.98000,0.99997,0.00000,0.00000,0.00000,0.00003
104.21000,1.98000,0.99997,0.00000,0.00000,0.00000,0.00003
104.41000,1.98000,0.99997,0.00000,0.00000,0.00000,0.00002
104.61000,1.98000,0.99997,0.00000,0.00000,0.00000,0.00002
104.81000,1.98000,0.99997,0.00000,0.00000,0.00001,0.00002
105.01000,1.98000,0.99997,0.00000,0.00000,0.00001,0.00002
105.21000,1.98000,0.99994,0.00000,0.00000,0.00002,0.00003
105.41000,1.98000,0.99995,0.00000,0.00000,0.00002,0.00003
105.61000,1.98000,0.99992,0.00000,0.00001,0.00003,0.00005
105.81000,1.98000,0.99993,0.00000,0.00001,0.00002,0.00005
106.01000,1.98000,0.99992,0.00000,0.00001,0.00002,0.00005
106.21000,1.98000,0.99994,0.00000,0.00000,0.00001,0.00004
106.41000,1.98000,0.99994,0.00000,0.00000,0.00001,0.00004
106.61000,1.98000,0.99994,0.00000,0.00000,0.00001,0.00004
106.81000,1.98000,0.99995,0.00000,0.00000,0.00001,0.00003
107.01000,1.98000,0.99993,0.00000,0.00001,0.00002,0.00005
107.21000,1.98000,0.99992,0.00000,0.00001,0.00002,0.00006
107.41000,1.98000,0.99992,0.00000,0.00001,0.00001,0.00006
107.61000,1.98000,0.99990,0.00000,0.00000,0.00000,0.00009
107.81000,1.98000,0.99994,0.00000,0.00000,0.00000,0.00006
108.01000,1.98000,0.99997,0.00000,0.00000,0.00001,0.00002
108.21000,1.98000,0.99998,0.00000,0.00000,0.00000,0.00001
108.41000,1.98000,0.99960,0.00000,0.00000,0.00002,0.00038
108.61000,1.98000,0.98908,0.00013,0.00002,0.00021,0.01056
108.81000,1.98000,0.04117,0.00002,0.00241,0.00181,0.95458
109.01000,1.98000,0.71230,0.00003,0.00015,0.00012,0.28740
109.21000,1.98000,0.99312,0.00000,0.00000,0.00000,0.00688
109.41000,1.98000,0.99820,0.00000,0.00001,0.00000,0.00179
109.61000,1.98000,0.99809,0.00000,0.00001,0.00000,0.00190
109.81000,1.98000,0.99927,0.00000,0.00001,0.00000,0.00072
110.01000,1.98000,0.99946,0.00000,0.00001,0.00000,0.00053
110.21000,1.98000,0.99975,0.00000,0.00001,0.00000,0.00024
110.41000,1.98000,0.99969,0.00000,0.00001,0.00000,0.00030
110.61000,1.98000,0.99975,0.00000,0.00001,0.00000,0.00024
110.81000,1.98000,0.99974,0.00000,0.00001,0.00000,0.00025
111.01000,1.98000,0.99975,0.00000,0.00001,0.00000,0.00024
111.21000,1.98000,0.99978,0.00000,0.00001,0.00000,0.00021
111.41000,1.98000,0.99981,0.00000,0.00001,0.00000,0.00018
111.61000,1.98000,0.99985,0.00000,0.00001,0.00000,0.00014
111.81000,1.98000,0.99989,0.00000,0.00001,0.00000,0.00010
112.01000,1.98000,0.99991,0.00000,0.00001,0.00000,0.00009
112.21000,1.98000,0.99993,0.00000,0.00001,0.00000,0.00007
112.41000,1.98000,0.99995,0.00000,0.00001,0.00000,0.00004
112.61000,1.98000,0.99996,0.00000,0.00000,0.00000,0.00003
112.81000,1.98000,0.99996,0.00000,0.00001,0.00000,0.00003
113.01000,1.98000,0.99993,0.00000,0.00001,0.00001,0.00005
113.21000,1.98000,0.99981,0.00000,0.00002,0.00007,0.00010
113.41000,1.98000,0.99986,0.00000,0.00002,0.00004,0.00008
113.61000,1.98000,0.99959,0.00000,0.00007,0.00010,0.00024
113.81000,1.98000,0.99989,0.00000,0.00001,0.00003,0.00007
114.01000,1.98000,0.99984,0.00000,0.00002,0.00006,0.00008
114.21000,1.98000,0.99989,0.00000,0.00001,0.00004,0.00006
114.41000,1.98000,0.99994,0.00000,0.00000,0.00002,0.00003
114.61000,1.98000,0.99994,0.00000,0.00000,0.00001,0.00004
114.81000,1.98000,0.99996,0.00000,0.00000,0.00001,0.00003
115.01000,1.98000,0.99995,0.00000,0.00000,0.00001,0.00004
115.21000,1.98000,0.99995,0.00000,0.00000,0.00001,0.00004
115.41000,1.98000,0.99995,0.00000,0.00000,0.00001,0.00004
115.61000,1.98000,0.99996,0.00000,0.00000,0.00001,0.00003
115.81000,1.98000,0.99995,0.00000,0.00000,0.00001,0.00004
116.01000,1.98000,0.99995,0.00000,0.00000,0.00001,0.00004
116.21000,1.98000,0.99995,0.00000,0.00001,0.00001,0.00004
116.41000,1.98000,0.99995,0.00000,0.00001,0.00001,0.00004
116.61000,1.98000,0.99995,0.00000,0.00001,0.00001,0.00004
116.81000,1.98000,0.99995,0.00000,0.00000,0.00001,0.00004
117.01000,1.98000,0.99995,0.00000,0.00000,0.00001,0.00004
117.21000,1.98000,0.99995,0.00000,0.00000,0.00001,0.00004
117.41000,1.98000,0.99995,0.00000,0.00000,0.00001,0.00004
117.61000,1.98000,0.99995,0.00000,0.00000,0.00001,0.00004
117.81000,1.98000,0.99994,0.00000,0.00001,0.00001,0.00004
118.01000,1.98000,0.99993,0.00000,0.00001,0.00001,0.00006
118.21000,1.98000,0.99996,0.00000,0.00000,0.00000,0.00004
118.41000,1.98000,0.99999,0.00000,0.00000,0.00000,0.00001
118.61000,1.98000,0.99998,0.00000,0.00000,0.00001,0.00001
118.81000,1.98000,0.99989,0.00000,0.00000,0.00002,0.00009
119.01000,1.98000,0.99919,0.00000,0.00000,0.00004,0.00077
119.21000,1.98000,0.69502,0.00004,0.00042,0.00355,0.30098
119.41000,1.98000,0.20667,0.00002,0.00077,0.00404,0.78850
119.61000,1.98000,0.98900,0.00000,0.00000,0.00000,0.01099
119.81000,1.98000,0.99826,0.00000,0.00000,0.00000,0.00174
120.01000,1.98000,0.99588,0.00000,0.00002,0.00000,0.00410
120.21000,1.98000,0.99897,0.00000,0.00001,0.00000,0.00102
120.41000,1.98000,0.99954,0.00000,0.00001,0.00000,0.00045
120.61000,1.98000,0.99979,0.00000,0.00001,0.00000,0.00020
120.81000,1.98000,0.99985,0.00000,0.00001,0.00000,0.00015
121.01000,1.98000,0.99985,0.00000,0.00001,0.00000,0.00015
121.21000,1.98000,0.99986,0.00000,0.00001,0.00000,0.00014
121.41000,1.98000,0.99987,0.00000,0.00001,0.00000,0.00012
121.61000,1.98000,0.99992,0.00000,0.00001,0.00000,0.00008
121.81000,1.98000,0.99995,0.00000,0.00000,0.00000,0.00005
122.01000,1.98000,0.99997,0.00000,0.00000,0.00000,0.00002
122.21000,1.98000,0.99997,0.00000,0.00000,0.00000,0.00002
122.41000,1.98000,0.99999,0.00000,0.00000,0.00000,0.00001
122.61000,1.98000,0.99991,0.00000,0.00000,0.00000,0.00008
122.81000,1.98000,0.99938,0.00000,0.00006,0.00005,0.00050
123.01000,1.98000,0.99936,0.00000,0.00004,0.00004,0.00056
123.21000,1.98000,0.99962,0.00000,0.00005,0.00007,0.00026
123.41000,1.98000,0.99996,0.00000,0.00000,0.00000,0.00004
123.61000,1.98000,0.99992,0.00000,0.00000,0.00000,0.00007
123.81000,1.98000,0.99995,0.00000,0.00000,0.00000,0.00005
124.01000,1.98000,0.99991,0.00000,0.00000,0.00003,0.00006
124.21000,1.98000,0.99975,0.00000,0.00000,0.00004,0.00020
124.41000,1.98000,0.99968,0.00000,0.00001,0.00004,0.00026
124.61000,1.98000,0.99966,0.00000,0.00001,0.00003,0.00030
124.81000,1.98000,0.99972,0.00000,0.00001,0.00002,0.00025
125.01000,1.98000,0.99993,0.00000,0.00001,0.00001,0.00006
125.21000,1.98000,0.99997,0.00000,0.00000,0.00001,0.00002
125.41000,1.98000,0.99996,0.00000,0.00000,0.00001,0.00003
125.61000,1.98000,0.99995,0.00000,0.00000,0.00001,0.00004
125.81000,1.98000,0.99995,0.00000,0.00000,0.00001,0.00004
126.01000,1.98000,0.99995,0.00000,0.00000,0.00001,0.00004
126.21000,1.98000,0.99995,0.00000,0.00000,0.00001,0.00004
126.41000,1.98000,0.99995,0.00000,0.00000,0.00001,0.00004
126.61000,1.98000,0.99994,0.00000,0.00001,0.00001,0.00004
126.81000,1.98000,0.99994,0.00000,0.00001,0.00001,0.00005
127.01000,1.98000,0.99994,0.00000,0.00001,0.00001,0.00005
127.21000,1.98000,0.99994,0.00000,0.00001,0.00001,0.00005
127.41000,1.98000,0.99995,0.00000,0.00000,0.00000,0.00004
127.61000,1.98000,0.99997,0.00000,0.00000,0.00001,0.00003
127.81000,1.98000,0.99996,0.00000,0.00000,0.00000,0.00003
128.00999,1.98001,0.99998,0.00000,0.00000,0.00000,0.00002
128.21001,1.98000,0.99998,0.00000,0.00000,0.00000,0.00002
128.41000,1.98000,1.00000,0.00000,0.00000,0.00000,0.00000
128.61000,1.98000,0.99999,0.00000,0.00000,0.00000,0.00001
128.81000,1.98000,0.99998,0.00000,0.00000,0.00000,0.00002
129.00999,1.98001,0.97437,0.00000,0.00025,0.00123,0.02415
129.21001,1.98000,0.99606,0.00001,0.00017,0.00002,0.00374
129.41000,1.98000,0.65657,0.00000,0.04016,0.00005,0.30322
129.61000,1.98000,0.99934,0.00000,0.00017,0.00000,0.00050
129.81000,1.98000,0.99964,0.00000,0.00001,0.00000,0.00035
130.00999,1.98001,0.99831,0.00000,0.00012,0.00000,0.00156
130.21001,1.98000,0.99936,0.00000,0.00002,0.00000,0.00061
130.41000,1.98000,0.99965,0.00000,0.00001,0.00000,0.00034
130.61000,1.98000,0.99968,0.00000,0.00001,0.00000,0.00031
130.81000,1.98000,0.99974,0.00000,0.00001,0.00000,0.00024
131.00999,1.98001,0.99981,0.00000,0.00001,0.00000,0.00018
131.21001,1.98000,0.99984,0.00000,0.00001,0.00000,0.00015
131.41000,1.98000,0.99988,0.00000,0.00001,0.00000,0.00011
131.61000,1.98000,0.99992,0.00000,0.00001,0.00000,0.00007
131.81000,1.98000,0.99994,0.00000,0.00001,0.00000,0.00005
132.00999,1.98001,0.99996,0.00000,0.00000,0.00000,0.00004
132.21001,1.98000,0.99996,0.00000,0.00000,0.00000,0.00003
132.41000,1.98000,0.99994,0.00000,0.00001,0.00000,0.00005
132.61000,1.98000,0.99993,0.00000,0.00001,0.00001,0.00005
132.81000,1.98000,0.99991,0.00000,0.00001,0.00001,0.00006
133.00999,1.98001,0.99990,0.00000,0.00002,0.00002,0.00007
133.21001,1.98000,0.99992,0.00000,0.00001,0.00002,0.00005
133.41000,1.98000,0.99996,0.00000,0.00000,0.00001,0.00003
133.61000,1.98000,0.99997,0.00000,0.00000,0.00001,0.00002
133.81000,1.98000,0.99996,0.00000,0.00000,0.00001,0.00003
134.00999,1.98001,0.99996,0.00000,0.00000,0.00001,0.00003
134.21001,1.98000,0.99995,0.00000,0.00000,0.00001,0.00004
134.41000,1.98000,0.99995,0.00000,0.00000,0.00001,0.00004
134.61000,1.98000,0.99995,0.00000,0.00000,0.00001,0.00004
134.81000,1.98000,0.99995,0.00000,0.00000,0.00001,0.00004
135.00999,1.98001,0.99995,0.00000,0.00000,0.00001,0.00004
135.21001,1.98000,0.99994,0.00000,0.00000,0.00000,0.00005
135.41000,1.98000,0.99990,0.00000,0.00000,0.00000,0.00009
135.61000,1.98000,0.99997,0.00000,0.00000,0.00000,0.00003
135.81000,1.98000,0.99996,0.00000,0.00000,0.00001,0.00002
136.00999,1.98001,0.99996,0.00000,0.00000,0.00001,0.00003
136.21001,1.98000,0.99918,0.00000,0.00000,0.00009,0.00072
136.41000,1.98000,0.96445,0.00004,0.00002,0.00076,0.03472
136.61000,1.98000,0.03501,0.00006,0.00289,0.00243,0.95961
136.81000,1.98000,0.79888,0.00001,0.00014,0.00006,0.20091
137.00999,1.98001,0.99759,0.00000,0.00000,0.00000,0.00240
137.21001,1.98000,0.99606,0.00000,0.00001,0.00000,0.00392
137.41000,1.98000,0.99709,0.00000,0.00002,0.00000,0.00289
137.61000,1.98000,0.99862,0.00000,0.00001,0.00000,0.00137
137.81000,1.98000,0.99956,0.00000,0.00001,0.00000,0.00043
138.00999,1.98001,0.99982,0.00000,0.00001,0.00000,0.00017
138.21001,1.98000,0.99986,0.00000,0.00001,0.00000,0.00014
138.41000,1.98000,0.99990,0.00000,0.00001,0.00000,0.00009
138.61000,1.98000,0.99990,0.00000,0.00001,0.00000,0.00009
138.81000,1.98000,0.99992,0.00000,0.00001,0.00000,0.00007
139.00999,1.98001,0.99993,0.00000,0.00001,0.00000,0.00007
139.21001,1.98000,0.99994,0.00000,0.00001,0.00000,0.00005
139.41000,1.98000,0.99996,0.00000,0.00000,0.00000,0.00003
139.61000,1.98000,0.99997,0.00000,0.00000,0.00000,0.00002
139.81000,1.98000,0.99998,0.00000,0.00000,0.00000,0.00001
140.00999,1.98001,0.99999,0.00000,0.00000,0.00000,0.00001
140.21001,1.98000,0.99999,0.00000,0.00000,0.00000,0.00001
140.41000,1.98000,0.99999,0.00000,0.00000,0.00000,0.00000
