Time,unlabelled,circle,shaking,Duration
0.01,0.0,1.0,0.0,5.9399999999999995
0.21,0.0,1.0,0.0,5.9399999999999995
0.41,0.0,1.0,0.0,5.9399999999999995
0.61,0.0,1.0,0.0,5.9399999999999995
0.81,0.0,1.0,0.0,5.9399999999999995
1.01,0.0,1.0,0.0,5.9399999999999995
1.21,0.0,1.0,0.0,5.9399999999999995
1.41,0.0,1.0,0.0,5.9399999999999995
1.61,0.0,1.0,0.0,5.9399999999999995
1.81,0.0,1.0,0.0,5.9399999999999995
1.99,0.0,1.0,0.0,5.9399999999999995
2.01,0.0,1.0,0.0,5.9399999999999995
2.19,0.0,1.0,0.0,5.9399999999999995
2.21,0.0,1.0,0.0,5.9399999999999995
2.39,0.0,1.0,0.0,5.9399999999999995
2.41,0.0,1.0,0.0,5.9399999999999995
2.59,0.0,1.0,0.0,5.9399999999999995
2.61,0.0,1.0,0.0,5.9399999999999995
2.79,0.0,1.0,0.0,5.9399999999999995
2.81,0.0,1.0,0.0,5.9399999999999995
2.99,0.0,1.0,0.0,5.9399999999999995
3.01,0.0,1.0,0.0,5.9399999999999995
3.19,0.0,1.0,0.0,5.9399999999999995
3.21,0.0,1.0,0.0,5.9399999999999995
3.39,0.0,1.0,0.0,5.9399999999999995
3.41,0.0,1.0,0.0,5.9399999999999995
3.59,0.0,1.0,0.0,5.9399999999999995
3.61,0.0,1.0,0.0,5.9399999999999995
3.79,0.0,1.0,0.0,5.9399999999999995
3.81,0.0,1.0,0.0,5.9399999999999995
3.99,0.0,1.0,0.0,5.9399999999999995
4.01,0.0,1.0,0.0,5.9399999999999995
4.19,0.0,1.0,0.0,5.9399999999999995
4.21,0.0,1.0,0.0,5.9399999999999995
4.39,0.0,1.0,0.0,5.9399999999999995
4.41,0.0,1.0,0.0,5.9399999999999995
4.59,0.0,1.0,0.0,5.9399999999999995
4.61,0.0,1.0,0.0,5.9399999999999995
4.79,0.0,1.0,0.0,5.9399999999999995
4.81,0.0,1.0,0.0,5.9399999999999995
4.99,0.0,1.0,0.0,5.9399999999999995
5.01,0.0,1.0,0.0,5.9399999999999995
5.19,0.0,1.0,0.0,5.9399999999999995
5.21,0.0,1.0,0.0,5.9399999999999995
5.39,0.0,1.0,0.0,5.9399999999999995
5.41,0.0,1.0,0.0,5.9399999999999995
5.59,0.0,1.0,0.0,5.9399999999999995
5.61,0.0,1.0,0.0,5.9399999999999995
5.79,0.0,1.0,0.0,5.9399999999999995
5.81,0.0,1.0,0.0,5.9399999999999995
5.99,0.0,1.0,0.0,5.9399999999999995
6.01,0.0,1.0,0.0,5.9399999999999995
6.19,0.0,1.0,0.0,5.9399999999999995
6.21,0.0,1.0,0.0,5.9399999999999995
6.39,0.0,1.0,0.0,5.9399999999999995
6.41,0.0,1.0,0.0,5.9399999999999995
6.59,0.0,1.0,0.0,5.9399999999999995
6.61,0.0,1.0,0.0,5.9399999999999995
6.79,0.0,1.0,0.0,5.9399999999999995
6.81,0.0,1.0,0.0,5.9399999999999995
6.99,0.0,1.0,0.0,5.9399999999999995
7.01,0.0,1.0,0.0,5.9399999999999995
7.19,0.0,1.0,0.0,5.9399999999999995
7.21,0.0,1.0,0.0,5.9399999999999995
7.39,0.0,1.0,0.0,5.9399999999999995
7.41,0.0,1.0,0.0,5.9399999999999995
7.59,0.0,1.0,0.0,5.9399999999999995
7.61,0.0,1.0,0.0,5.9399999999999995
7.79,0.0,1.0,0.0,5.9399999999999995
7.81,0.0,1.0,0.0,5.9399999999999995
7.99,0.0,1.0,0.0,5.9399999999999995
8.01,0.0,1.0,0.0,5.9399999999999995
8.19,0.0,1.0,0.0,5.9399999999999995
8.21,0.0,1.0,0.0,5.9399999999999995
8.39,0.0,1.0,0.0,5.9399999999999995
8.41,0.0,1.0,0.0,5.9399999999999995
8.59,0.0,1.0,0.0,5.9399999999999995
8.61,0.0,1.0,0.0,5.9399999999999995
8.79,0.0,1.0,0.0,5.9399999999999995
8.81,0.0,1.0,0.0,5.9399999999999995
8.99,0.0,1.0,0.0,5.9399999999999995
9.01,0.0,1.0,0.0,5.9399999999999995
9.19,0.0,1.0,0.0,5.9399999999999995
9.21,0.0,1.0,0.0,5.9399999999999995
9.39,0.0,1.0,0.0,5.9399999999999995
9.41,0.0,1.0,0.0,5.9399999999999995
9.59,0.0,1.0,0.0,5.9399999999999995
9.61,0.0,1.0,0.0,5.9399999999999995
9.79,0.0,1.0,0.0,5.9399999999999995
9.81,0.0,1.0,0.0,5.9399999999999995
9.99,0.0,1.0,0.0,5.9399999999999995
10.01,0.0,1.0,0.0,5.9399999999999995
10.19,0.0,1.0,0.0,5.9399999999999995
10.21,0.0,1.0,0.0,5.9399999999999995
10.39,0.0,1.0,0.0,5.9399999999999995
10.41,0.0,1.0,0.0,5.9399999999999995
10.59,0.0,1.0,0.0,5.9399999999999995
10.61,0.0,1.0,0.0,5.9399999999999995
10.79,0.0,1.0,0.0,5.9399999999999995
10.81,0.0,1.0,0.0,5.9399999999999995
10.99,0.0,1.0,0.0,5.9399999999999995
11.01,0.0,1.0,0.0,5.9399999999999995
11.19,0.0,1.0,0.0,5.9399999999999995
11.21,0.0,1.0,0.0,5.9399999999999995
11.39,0.0,1.0,0.0,5.9399999999999995
11.41,0.0,1.0,0.0,5.9399999999999995
11.59,0.0,1.0,0.0,5.9399999999999995
11.61,0.0,1.0,0.0,5.9399999999999995
11.79,0.0,1.0,0.0,5.9399999999999995
11.81,0.0,1.0,0.0,5.9399999999999995
11.99,0.0,1.0,0.0,5.9399999999999995
12.01,0.0,1.0,0.0,5.9399999999999995
12.19,0.0,1.0,0.0,5.9399999999999995
12.21,0.0,1.0,0.0,5.9399999999999995
12.39,0.0,1.0,0.0,5.9399999999999995
12.41,0.0,1.0,0.0,5.9399999999999995
12.59,0.0,1.0,0.0,5.9399999999999995
12.61,0.0,1.0,0.0,5.9399999999999995
12.79,0.0,1.0,0.0,5.9399999999999995
12.81,0.0,1.0,0.0,5.9399999999999995
12.99,0.0,1.0,0.0,5.9399999999999995
13.01,0.0,1.0,0.0,5.9399999999999995
13.19,0.0,1.0,0.0,5.9399999999999995
13.21,0.0,1.0,0.0,5.9399999999999995
13.39,0.0,1.0,0.0,5.9399999999999995
13.41,0.0,1.0,0.0,5.9399999999999995
13.59,0.0,1.0,0.0,5.9399999999999995
13.61,0.0,1.0,0.0,5.9399999999999995
13.79,0.0,1.0,0.0,5.9399999999999995
13.81,0.0,1.0,0.0,5.9399999999999995
13.99,0.0,1.0,0.0,5.9399999999999995
14.01,0.0,1.0,0.0,5.9399999999999995
14.19,0.0,1.0,0.0,5.9399999999999995
14.21,0.0,1.0,0.0,5.9399999999999995
14.39,0.0,1.0,0.0,5.9399999999999995
14.41,0.0,1.0,0.0,5.9399999999999995
14.59,0.0,1.0,0.0,5.9399999999999995
14.61,0.0,1.0,0.0,5.9399999999999995
14.79,0.0,1.0,0.0,5.9399999999999995
14.81,0.0,1.0,0.0,5.9399999999999995
14.99,0.0,1.0,0.0,5.9399999999999995
15.01,0.0,1.0,0.0,5.9399999999999995
15.19,0.0,1.0,0.0,5.9399999999999995
15.21,0.0,1.0,0.0,5.9399999999999995
15.39,0.0,1.0,0.0,5.9399999999999995
15.41,0.0,1.0,0.0,5.9399999999999995
15.59,0.0,1.0,0.0,5.9399999999999995
15.61,0.0,1.0,0.0,5.9399999999999995
15.79,0.0,1.0,0.0,5.9399999999999995
15.81,0.0,1.0,0.0,5.9399999999999995
15.99,0.0,1.0,0.0,5.9399999999999995
16.01,0.0,1.0,0.0,5.9399999999999995
16.19,0.0,1.0,0.0,5.9399999999999995
16.21,0.0,1.0,0.0,5.9399999999999995
16.39,0.0,1.0,0.0,5.9399999999999995
16.41,0.0,1.0,0.0,5.9399999999999995
16.59,0.0,1.0,0.0,5.9399999999999995
16.61,0.0,1.0,0.0,5.9399999999999995
16.79,0.0,1.0,0.0,5.9399999999999995
16.81,0.0,1.0,0.0,5.9399999999999995
16.99,0.0,1.0,0.0,5.9399999999999995
17.01,0.0,1.0,0.0,5.9399999999999995
17.19,0.0,1.0,0.0,5.9399999999999995
17.21,0.0,1.0,0.0,5.9399999999999995
17.39,0.0,1.0,0.0,5.9399999999999995
17.41,0.0,1.0,0.0,5.9399999999999995
17.59,0.0,1.0,0.0,5.9399999999999995
17.61,0.0,1.0,0.0,5.9399999999999995
17.79,0.0,1.0,0.0,5.9399999999999995
17.81,0.0,1.0,0.0,5.9399999999999995
17.99,0.0,1.0,0.0,5.9399999999999995
18.01,0.0,1.0,0.0,5.9399999999999995
18.19,0.0,1.0,0.0,5.9399999999999995
18.21,0.0,1.0,0.0,5.9399999999999995
18.39,0.0,1.0,0.0,5.9399999999999995
18.41,0.0,1.0,0.0,5.9399999999999995
18.59,0.0,1.0,0.0,5.9399999999999995
18.61,0.0,1.0,0.0,5.9399999999999995
18.79,0.0,1.0,0.0,5.9399999999999995
18.81,0.0,1.0,0.0,5.9399999999999995
18.99,0.0,1.0,0.0,5.9399999999999995
19.01,0.0,1.0,0.0,5.9399999999999995
19.19,0.0,1.0,0.0,5.9399999999999995
19.21,0.0,1.0,0.0,5.9399999999999995
19.39,0.0,1.0,0.0,5.9399999999999995
19.41,0.0,1.0,0.0,5.9399999999999995
19.59,0.0,1.0,0.0,5.9399999999999995
19.61,0.0,1.0,0.0,5.9399999999999995
19.79,0.0,1.0,0.0,5.9399999999999995
19.81,0.0,1.0,0.0,5.9399999999999995
19.99,0.0,1.0,0.0,5.9399999999999995
20.01,0.0,1.0,0.0,5.9399999999999995
20.19,0.0,1.0,0.0,5.9399999999999995
20.21,0.0,1.0,0.0,5.9399999999999995
20.39,0.0,1.0,0.0,5.9399999999999995
20.41,0.0,1.0,0.0,5.9399999999999995
20.59,0.0,1.0,0.0,5.9399999999999995
20.61,0.0,1.0,0.0,5.9399999999999995
20.79,0.0,1.0,0.0,5.9399999999999995
20.81,0.0,1.0,0.0,5.9399999999999995
20.99,0.0,1.0,0.0,5.9399999999999995
21.01,0.0,1.0,0.0,5.9399999999999995
21.19,0.0,1.0,0.0,5.9399999999999995
21.21,0.0,1.0,0.0,5.9399999999999995
21.39,0.0,1.0,0.0,5.9399999999999995
21.41,0.0,1.0,0.0,5.9399999999999995
21.59,0.0,1.0,0.0,5.9399999999999995
21.61,0.0,1.0,0.0,5.9399999999999995
21.79,0.0,1.0,0.0,5.9399999999999995
21.81,0.0,1.0,0.0,5.9399999999999995
21.99,0.0,1.0,0.0,5.9399999999999995
22.01,0.0,1.0,0.0,5.9399999999999995
22.19,0.0,1.0,0.0,5.9399999999999995
22.21,0.0,1.0,0.0,5.9399999999999995
22.39,0.0,1.0,0.0,5.9399999999999995
22.41,0.0,1.0,0.0,5.9399999999999995
22.59,0.0,1.0,0.0,5.9399999999999995
22.61,0.0,1.0,0.0,5.9399999999999995
22.79,0.0,1.0,0.0,5.9399999999999995
22.81,0.0,1.0,0.0,5.9399999999999995
22.99,0.0,1.0,0.0,5.9399999999999995
23.01,0.0,1.0,0.0,5.9399999999999995
23.19,0.0,1.0,0.0,5.9399999999999995
23.21,0.0,1.0,0.0,5.9399999999999995
23.39,0.0,1.0,0.0,5.9399999999999995
23.41,0.0,1.0,0.0,5.9399999999999995
23.59,0.0,1.0,0.0,5.9399999999999995
23.61,0.0,1.0,0.0,5.9399999999999995
23.79,0.0,1.0,0.0,5.9399999999999995
23.81,0.0,1.0,0.0,5.9399999999999995
23.99,0.0,1.0,0.0,5.9399999999999995
24.01,0.0,1.0,0.0,5.9399999999999995
24.19,0.0,1.0,0.0,5.9399999999999995
24.21,0.0,1.0,0.0,5.9399999999999995
24.39,0.0,1.0,0.0,5.9399999999999995
24.41,0.0,1.0,0.0,5.9399999999999995
24.59,0.0,1.0,0.0,5.9399999999999995
24.61,0.0,1.0,0.0,5.9399999999999995
24.79,0.0,1.0,0.0,5.9399999999999995
24.81,0.0,1.0,0.0,5.9399999999999995
24.99,0.0,1.0,0.0,5.9399999999999995
25.01,0.0,1.0,0.0,5.9399999999999995
25.19,0.0,1.0,0.0,5.9399999999999995
25.21,0.0,1.0,0.0,5.9399999999999995
25.39,0.0,1.0,0.0,5.9399999999999995
25.41,0.0,1.0,0.0,5.9399999999999995
25.59,0.0,1.0,0.0,5.9399999999999995
25.61,0.0,1.0,0.0,5.9399999999999995
25.79,0.0,1.0,0.0,5.9399999999999995
25.81,0.0,1.0,0.0,5.9399999999999995
25.99,0.0,1.0,0.0,5.9399999999999995
26.01,0.0,1.0,0.0,5.9399999999999995
26.19,0.0,1.0,0.0,5.9399999999999995
26.21,0.0,1.0,0.0,5.9399999999999995
26.39,0.0,1.0,0.0,5.9399999999999995
26.41,0.0,1.0,0.0,5.9399999999999995
26.59,0.0,1.0,0.0,5.9399999999999995
26.61,0.0,1.0,0.0,5.9399999999999995
26.79,0.0,1.0,0.0,5.9399999999999995
26.81,0.0,1.0,0.0,5.9399999999999995
26.99,0.0,1.0,0.0,5.9399999999999995
27.01,0.0,1.0,0.0,5.9399999999999995
27.19,0.0,1.0,0.0,5.9399999999999995
27.21,0.0,1.0,0.0,5.9399999999999995
27.39,0.0,1.0,0.0,5.9399999999999995
27.41,0.0,1.0,0.0,5.9399999999999995
27.59,0.0,1.0,0.0,5.9399999999999995
27.61,0.0,1.0,0.0,5.9399999999999995
27.79,0.0,1.0,0.0,5.9399999999999995
27.81,0.0,1.0,0.0,5.9399999999999995
27.99,0.0,1.0,0.0,5.9399999999999995
28.01,0.0,1.0,0.0,5.9399999999999995
28.19,0.0,1.0,0.0,5.9399999999999995
28.21,0.0,1.0,0.0,5.9399999999999995
28.39,0.0,1.0,0.0,5.9399999999999995
28.41,0.0,1.0,0.0,5.9399999999999995
28.59,0.0,1.0,0.0,5.9399999999999995
28.61,0.0,1.0,0.0,5.9399999999999995
28.79,0.0,1.0,0.0,5.9399999999999995
28.81,0.0,1.0,0.0,5.9399999999999995
28.99,0.0,1.0,0.0,5.9399999999999995
29.01,0.0,1.0,0.0,5.9399999999999995
29.19,0.0,1.0,0.0,5.9399999999999995
29.21,0.0,1.0,0.0,5.9399999999999995
29.39,0.0,1.0,0.0,5.9399999999999995
29.41,0.0,1.0,0.0,5.9399999999999995
29.59,0.0,1.0,0.0,5.9399999999999995
29.61,0.0,1.0,0.0,5.9399999999999995
29.79,0.0,1.0,0.0,5.9399999999999995
29.81,0.0,1.0,0.0,5.9399999999999995
29.99,0.0,1.0,0.0,5.9399999999999995
30.01,0.0,1.0,0.0,5.9399999999999995
30.19,0.0,1.0,0.0,5.9399999999999995
30.21,0.0,1.0,0.0,5.9399999999999995
30.39,0.0,1.0,0.0,5.9399999999999995
30.41,0.0,1.0,0.0,5.9399999999999995
30.59,0.0,1.0,0.0,5.9399999999999995
30.61,0.0,1.0,0.0,5.9399999999999995
30.79,0.0,1.0,0.0,5.9399999999999995
30.81,0.0,1.0,0.0,5.9399999999999995
30.99,0.0,1.0,0.0,5.9399999999999995
31.01,0.0,1.0,0.0,5.9399999999999995
31.19,0.0,1.0,0.0,5.9399999999999995
31.21,0.0,1.0,0.0,5.9399999999999995
31.39,0.0,1.0,0.0,5.9399999999999995
31.41,0.0,1.0,0.0,5.9399999999999995
31.59,0.0,1.0,0.0,5.9399999999999995
31.61,0.0,1.0,0.0,5.9399999999999995
31.79,0.0,1.0,0.0,5.9399999999999995
31.81,0.0,1.0,0.0,5.9399999999999995
31.99,0.0,1.0,0.0,5.9399999999999995
32.01,0.0,1.0,0.0,5.9399999999999995
32.19,0.0,1.0,0.0,5.9399999999999995
32.21,0.0,1.0,0.0,5.9399999999999995
32.39,0.0,1.0,0.0,5.9399999999999995
32.41,0.0,1.0,0.0,5.9399999999999995
32.59,0.0,1.0,0.0,5.9399999999999995
32.61,0.0,1.0,0.0,5.9399999999999995
32.79,0.0,1.0,0.0,5.9399999999999995
32.81,0.0,1.0,0.0,5.9399999999999995
32.99,0.0,1.0,0.0,5.9399999999999995
33.01,0.0,1.0,0.0,5.9399999999999995
33.19,0.0,1.0,0.0,5.9399999999999995
33.21,0.0,1.0,0.0,5.9399999999999995
33.39,0.0,1.0,0.0,5.9399999999999995
33.41,0.0,1.0,0.0,5.9399999999999995
33.59,0.0,1.0,0.0,5.9399999999999995
33.61,0.0,1.0,0.0,5.9399999999999995
33.79,0.0,1.0,0.0,5.9399999999999995
33.81,0.0,1.0,0.0,5.9399999999999995
33.99,0.0,1.0,0.0,5.9399999999999995
34.01,0.0,1.0,0.0,5.9399999999999995
34.19,0.0,1.0,0.0,5.9399999999999995
34.21,0.0,1.0,0.0,5.9399999999999995
34.39,0.0,1.0,0.0,5.9399999999999995
34.41,0.0,1.0,0.0,5.9399999999999995
34.59,0.0,1.0,0.0,5.9399999999999995
34.61,0.0,1.0,0.0,5.9399999999999995
34.79,0.0,1.0,0.0,5.9399999999999995
34.81,0.0,1.0,0.0,5.9399999999999995
34.99,0.0,1.0,0.0,5.9399999999999995
35.01,0.0,1.0,0.0,5.9399999999999995
35.19,0.0,1.0,0.0,5.9399999999999995
35.21,0.0,1.0,0.0,5.9399999999999995
35.39,0.0,1.0,0.0,5.9399999999999995
35.41,0.0,1.0,0.0,5.9399999999999995
35.59,0.0,1.0,0.0,5.9399999999999995
35.61,0.0,1.0,0.0,5.9399999999999995
35.79,0.0,1.0,0.0,5.9399999999999995
35.81,0.0,1.0,0.0,5.9399999999999995
35.99,0.0,1.0,0.0,5.9399999999999995
36.01,0.0,1.0,0.0,5.9399999999999995
36.19,0.0,1.0,0.0,5.9399999999999995
36.21,0.0,1.0,0.0,5.9399999999999995
36.39,0.0,1.0,0.0,5.9399999999999995
36.41,0.0,1.0,0.0,5.9399999999999995
36.59,0.0,1.0,0.0,5.9399999999999995
36.61,0.0,1.0,0.0,5.9399999999999995
36.79,0.0,1.0,0.0,5.9399999999999995
36.81,0.0,1.0,0.0,5.9399999999999995
36.99,0.0,1.0,0.0,5.9399999999999995
37.01,0.0,1.0,0.0,5.9399999999999995
37.19,0.0,1.0,0.0,5.9399999999999995
37.21,0.0,1.0,0.0,5.9399999999999995
37.39,0.0,1.0,0.0,5.9399999999999995
37.41,0.0,1.0,0.0,5.9399999999999995
37.59,0.0,1.0,0.0,5.9399999999999995
37.61,0.0,1.0,0.0,5.9399999999999995
37.79,0.0,1.0,0.0,5.9399999999999995
37.81,0.0,1.0,0.0,5.9399999999999995
37.99,0.0,1.0,0.0,5.9399999999999995
38.01,0.0,1.0,0.0,5.9399999999999995
38.19,0.0,1.0,0.0,5.9399999999999995
38.21,0.0,1.0,0.0,5.9399999999999995
38.39,0.0,1.0,0.0,5.9399999999999995
38.41,0.0,1.0,0.0,5.9399999999999995
38.59,0.0,1.0,0.0,5.9399999999999995
38.61,0.0,1.0,0.0,5.9399999999999995
38.79,0.0,1.0,0.0,5.9399999999999995
38.81,0.0,1.0,0.0,5.9399999999999995
38.99,0.0,1.0,0.0,5.9399999999999995
39.01,0.0,1.0,0.0,5.9399999999999995
39.19,0.0,1.0,0.0,5.9399999999999995
39.21,0.0,1.0,0.0,5.9399999999999995
39.39,0.0,1.0,0.0,5.9399999999999995
39.41,0.0,1.0,0.0,5.9399999999999995
39.59,0.0,1.0,0.0,5.9399999999999995
39.61,0.0,1.0,0.0,5.9399999999999995
39.79,0.0,1.0,0.0,5.9399999999999995
39.81,0.0,1.0,0.0,5.9399999999999995
39.99,0.0,1.0,0.0,5.9399999999999995
40.01,0.0,1.0,0.0,5.9399999999999995
40.19,0.0,1.0,0.0,5.9399999999999995
40.21,0.0,1.0,0.0,5.9399999999999995
40.39,0.0,1.0,0.0,5.9399999999999995
40.41,0.0,1.0,0.0,5.9399999999999995
40.59,0.0,1.0,0.0,5.9399999999999995
40.61,0.0,1.0,0.0,5.9399999999999995
40.79,0.0,1.0,0.0,5.9399999999999995
40.81,0.0,1.0,0.0,5.9399999999999995
40.99,0.0,1.0,0.0,5.9399999999999995
41.01,0.0,1.0,0.0,5.9399999999999995
41.19,0.0,1.0,0.0,5.9399999999999995
41.21,0.0,1.0,0.0,5.9399999999999995
41.39,0.0,1.0,0.0,5.9399999999999995
41.41,0.0,1.0,0.0,5.9399999999999995
41.59,0.0,1.0,0.0,5.9399999999999995
41.61,0.0,1.0,0.0,5.9399999999999995
41.79,0.0,1.0,0.0,5.9399999999999995
41.81,0.0,1.0,0.0,5.9399999999999995
41.99,0.0,1.0,0.0,5.9399999999999995
42.01,0.0,1.0,0.0,5.9399999999999995
42.19,0.0,1.0,0.0,5.9399999999999995
42.21,0.0,1.0,0.0,5.9399999999999995
42.39,0.0,1.0,0.0,5.9399999999999995
42.41,0.0,1.0,0.0,5.9399999999999995
42.59,0.0,1.0,0.0,5.9399999999999995
42.61,0.0,1.0,0.0,5.9399999999999995
42.79,0.0,1.0,0.0,5.9399999999999995
42.81,0.0,1.0,0.0,5.9399999999999995
42.99,0.0,1.0,0.0,5.9399999999999995
43.01,0.0,1.0,0.0,5.9399999999999995
43.19,0.0,1.0,0.0,5.9399999999999995
43.21,0.0,1.0,0.0,5.9399999999999995
43.39,0.0,1.0,0.0,5.9399999999999995
43.41,0.0,1.0,0.0,5.9399999999999995
43.59,0.0,1.0,0.0,5.9399999999999995
43.61,0.0,1.0,0.0,5.9399999999999995
43.79,0.0,1.0,0.0,5.9399999999999995
43.81,0.0,1.0,0.0,5.9399999999999995
43.99,0.0,1.0,0.0,5.9399999999999995
44.01,0.0,1.0,0.0,5.9399999999999995
44.19,0.0,1.0,0.0,5.9399999999999995
44.21,0.0,1.0,0.0,5.9399999999999995
44.39,0.0,1.0,0.0,5.9399999999999995
44.41,0.0,1.0,0.0,5.9399999999999995
44.59,0.0,1.0,0.0,5.9399999999999995
44.61,0.0,1.0,0.0,5.9399999999999995
44.79,0.0,1.0,0.0,5.9399999999999995
44.81,0.0,1.0,0.0,5.9399999999999995
44.99,0.0,1.0,0.0,5.9399999999999995
45.01,0.0,1.0,0.0,5.9399999999999995
45.19,0.0,1.0,0.0,5.9399999999999995
45.21,0.0,1.0,0.0,5.9399999999999995
45.39,0.0,1.0,0.0,5.9399999999999995
45.41,0.0,1.0,0.0,5.9399999999999995
45.59,0.0,1.0,0.0,5.9399999999999995
45.61,0.0,1.0,0.0,5.9399999999999995
45.79,0.0,1.0,0.0,5.9399999999999995
45.81,0.0,1.0,0.0,5.9399999999999995
45.99,0.0,1.0,0.0,5.9399999999999995
46.01,0.0,1.0,0.0,5.9399999999999995
46.19,0.0,1.0,0.0,5.9399999999999995
46.21,0.0,1.0,0.0,5.9399999999999995
46.39,0.0,1.0,0.0,5.9399999999999995
46.41,0.0,1.0,0.0,5.9399999999999995
46.59,0.0,1.0,0.0,5.9399999999999995
46.61,0.0,1.0,0.0,5.9399999999999995
46.79,0.0,1.0,0.0,5.9399999999999995
46.81,0.0,1.0,0.0,5.9399999999999995
46.99,0.0,1.0,0.0,5.9399999999999995
47.01,0.0,1.0,0.0,5.9399999999999995
47.19,0.0,1.0,0.0,5.9399999999999995
47.21,0.0,1.0,0.0,5.9399999999999995
47.39,0.0,1.0,0.0,5.9399999999999995
47.41,0.0,1.0,0.0,5.9399999999999995
47.59,0.0,1.0,0.0,5.9399999999999995
47.61,0.0,1.0,0.0,5.9399999999999995
47.79,0.0,1.0,0.0,5.9399999999999995
47.81,0.0,1.0,0.0,5.9399999999999995
47.99,0.0,1.0,0.0,5.9399999999999995
48.01,0.0,1.0,0.0,5.9399999999999995
48.19,0.0,1.0,0.0,5.9399999999999995
48.21,0.0,1.0,0.0,5.9399999999999995
48.39,0.0,1.0,0.0,5.9399999999999995
48.41,0.0,1.0,0.0,5.9399999999999995
48.59,0.0,1.0,0.0,5.9399999999999995
48.61,0.0,1.0,0.0,5.9399999999999995
48.79,0.0,1.0,0.0,5.9399999999999995
48.81,0.0,1.0,0.0,5.9399999999999995
48.99,0.0,1.0,0.0,5.9399999999999995
49.01,0.0,1.0,0.0,5.9399999999999995
49.19,0.0,1.0,0.0,5.9399999999999995
49.21,0.0,1.0,0.0,5.9399999999999995
49.39,0.0,1.0,0.0,5.9399999999999995
49.41,0.0,1.0,0.0,5.9399999999999995
49.59,0.0,1.0,0.0,5.9399999999999995
49.61,0.0,1.0,0.0,5.9399999999999995
49.79,0.0,1.0,0.0,5.9399999999999995
49.81,0.0,1.0,0.0,5.9399999999999995
49.99,0.0,1.0,0.0,5.9399999999999995
50.01,0.0,1.0,0.0,5.9399999999999995
50.19,0.0,1.0,0.0,5.9399999999999995
50.21,0.0,1.0,0.0,5.9399999999999995
50.39,0.0,1.0,0.0,5.9399999999999995
50.41,0.0,1.0,0.0,5.9399999999999995
50.59,0.0,1.0,0.0,5.9399999999999995
50.61,0.0,1.0,0.0,5.9399999999999995
50.79,0.0,1.0,0.0,5.9399999999999995
50.81,0.0,1.0,0.0,5.9399999999999995
50.99,0.0,1.0,0.0,5.9399999999999995
51.01,0.0,1.0,0.0,5.9399999999999995
51.19,0.0,1.0,0.0,5.9399999999999995
51.21,0.0,1.0,0.0,5.9399999999999995
51.39,0.0,1.0,0.0,5.9399999999999995
51.41,0.0,1.0,0.0,5.9399999999999995
51.59,0.0,1.0,0.0,5.9399999999999995
51.61,0.0,1.0,0.0,5.9399999999999995
51.79,0.0,1.0,0.0,5.9399999999999995
51.81,0.0,1.0,0.0,5.9399999999999995
51.99,0.0,1.0,0.0,5.9399999999999995
52.01,0.0,1.0,0.0,5.9399999999999995
52.19,0.0,1.0,0.0,5.9399999999999995
52.21,0.0,1.0,0.0,5.9399999999999995
52.39,0.0,1.0,0.0,5.9399999999999995
52.41,0.0,1.0,0.0,5.9399999999999995
52.59,0.0,1.0,0.0,5.9399999999999995
52.61,0.0,1.0,0.0,5.9399999999999995
52.79,0.0,1.0,0.0,5.9399999999999995
52.81,0.0,1.0,0.0,5.9399999999999995
52.99,0.0,1.0,0.0,5.9399999999999995
53.01,0.0,1.0,0.0,5.9399999999999995
53.19,0.0,1.0,0.0,5.9399999999999995
53.21,0.0,1.0,0.0,5.9399999999999995
53.39,0.0,1.0,0.0,5.9399999999999995
53.41,0.0,1.0,0.0,5.9399999999999995
53.59,0.0,1.0,0.0,5.9399999999999995
53.61,0.0,1.0,0.0,5.9399999999999995
53.79,0.0,1.0,0.0,5.9399999999999995
53.81,0.0,1.0,0.0,5.9399999999999995
53.99,0.0,1.0,0.0,5.9399999999999995
54.01,0.0,1.0,0.0,5.9399999999999995
54.19,0.0,1.0,0.0,5.9399999999999995
54.21,0.0,1.0,0.0,5.9399999999999995
54.39,0.0,1.0,0.0,5.9399999999999995
54.41,0.0,1.0,0.0,5.9399999999999995
54.59,0.0,1.0,0.0,5.9399999999999995
54.61,0.0,1.0,0.0,5.9399999999999995
54.79,0.0,1.0,0.0,5.9399999999999995
54.81,0.0,1.0,0.0,5.9399999999999995
54.99,0.0,1.0,0.0,5.9399999999999995
55.01,0.0,1.0,0.0,5.9399999999999995
55.19,0.0,1.0,0.0,5.9399999999999995
55.21,0.0,1.0,0.0,5.9399999999999995
55.39,0.0,1.0,0.0,5.9399999999999995
55.41,0.0,1.0,0.0,5.9399999999999995
55.59,0.0,1.0,0.0,5.9399999999999995
55.61,0.0,1.0,0.0,5.9399999999999995
55.79,0.0,1.0,0.0,5.9399999999999995
55.81,0.0,1.0,0.0,5.9399999999999995
55.99,0.0,1.0,0.0,5.9399999999999995
56.01,0.0,1.0,0.0,5.9399999999999995
56.19,0.0,1.0,0.0,5.9399999999999995
56.21,0.0,1.0,0.0,5.9399999999999995
56.39,0.0,1.0,0.0,5.9399999999999995
56.41,0.0,1.0,0.0,5.9399999999999995
56.59,0.0,1.0,0.0,5.9399999999999995
56.61,0.0,1.0,0.0,5.9399999999999995
56.79,0.0,1.0,0.0,5.9399999999999995
56.81,0.0,1.0,0.0,5.9399999999999995
56.99,0.0,1.0,0.0,5.9399999999999995
57.01,0.0,1.0,0.0,5.9399999999999995
57.19,0.0,1.0,0.0,5.9399999999999995
57.21,0.0,1.0,0.0,5.9399999999999995
57.39,0.0,1.0,0.0,5.9399999999999995
57.41,0.0,1.0,0.0,5.9399999999999995
57.59,0.0,1.0,0.0,5.9399999999999995
57.61,0.0,1.0,0.0,5.9399999999999995
57.79,0.0,1.0,0.0,5.9399999999999995
57.81,0.0,1.0,0.0,5.9399999999999995
57.99,0.0,1.0,0.0,5.9399999999999995
58.01,0.0,1.0,0.0,5.9399999999999995
58.19,0.0,1.0,0.0,5.9399999999999995
58.21,0.0,1.0,0.0,5.9399999999999995
58.39,0.0,1.0,0.0,5.9399999999999995
58.41,0.0,1.0,0.0,5.9399999999999995
58.59,0.0,1.0,0.0,5.9399999999999995
58.61,0.0,1.0,0.0,5.9399999999999995
58.79,0.0,1.0,0.0,5.9399999999999995
58.81,0.0,1.0,0.0,5.9399999999999995
58.99,0.0,1.0,0.0,5.9399999999999995
59.01,0.0,1.0,0.0,5.9399999999999995
59.19,0.0,1.0,0.0,5.9399999999999995
59.21,0.0,1.0,0.0,5.9399999999999995
59.39,0.0,1.0,0.0,5.9399999999999995
59.41,0.0,1.0,0.0,5.9399999999999995
59.59,0.0,1.0,0.0,5.9399999999999995
59.61,0.0,1.0,0.0,5.9399999999999995
59.79,0.0,1.0,0.0,5.9399999999999995
59.81,0.0,1.0,0.0,5.9399999999999995
59.99,0.0,1.0,0.0,5.9399999999999995
60.01,0.0,1.0,0.0,5.9399999999999995
60.19,0.0,1.0,0.0,5.9399999999999995
60.21,0.0,1.0,0.0,5.9399999999999995
60.39,0.0,1.0,0.0,5.9399999999999995
60.41,0.0,1.0,0.0,5.9399999999999995
60.59,0.0,1.0,0.0,5.9399999999999995
60.61,0.0,1.0,0.0,5.9399999999999995
60.79,0.0,1.0,0.0,5.9399999999999995
60.81,0.0,1.0,0.0,5.9399999999999995
60.99,0.0,1.0,0.0,5.9399999999999995
61.01,0.0,1.0,0.0,5.9399999999999995
61.19,0.0,1.0,0.0,5.9399999999999995
61.21,0.0,1.0,0.0,5.9399999999999995
61.39,0.0,1.0,0.0,5.9399999999999995
61.41,0.0,1.0,0.0,5.9399999999999995
61.59,0.0,1.0,0.0,5.9399999999999995
61.61,0.0,1.0,0.0,5.9399999999999995
61.79,0.0,1.0,0.0,5.9399999999999995
61.81,0.0,1.0,0.0,5.9399999999999995
61.99,0.0,1.0,0.0,5.9399999999999995
62.01,0.0,1.0,0.0,5.9399999999999995
62.19,0.0,1.0,0.0,5.9399999999999995
62.21,0.0,1.0,0.0,5.9399999999999995
62.39,0.0,1.0,0.0,5.9399999999999995
62.41,0.0,1.0,0.0,5.9399999999999995
62.59,0.0,1.0,0.0,5.9399999999999995
62.61,0.0,1.0,0.0,5.9399999999999995
62.79,0.0,1.0,0.0,5.9399999999999995
62.81,0.0,1.0,0.0,5.9399999999999995
62.99,0.0,1.0,0.0,5.9399999999999995
63.01,0.0,1.0,0.0,5.9399999999999995
63.19,0.0,1.0,0.0,5.9399999999999995
63.21,0.0,1.0,0.0,5.9399999999999995
63.39,0.0,1.0,0.0,5.9399999999999995
63.41,0.0,1.0,0.0,5.9399999999999995
63.59,0.0,1.0,0.0,5.9399999999999995
63.61,0.0,1.0,0.0,5.9399999999999995
63.79,0.0,1.0,0.0,5.9399999999999995
63.81,0.0,1.0,0.0,5.9399999999999995
63.99,0.0,1.0,0.0,5.9399999999999995
64.01,0.0,1.0,0.0,5.9399999999999995
64.19,0.0,1.0,0.0,5.9399999999999995
64.21,0.0,1.0,0.0,5.9399999999999995
64.39,0.0,1.0,0.0,5.9399999999999995
64.41,0.0,1.0,0.0,5.9399999999999995
64.59,0.0,1.0,0.0,5.9399999999999995
64.61,0.0,1.0,0.0,5.9399999999999995
64.79,0.0,1.0,0.0,5.9399999999999995
64.81,0.0,1.0,0.0,5.9399999999999995
64.99,0.0,1.0,0.0,5.9399999999999995
65.01,0.0,1.0,0.0,5.9399999999999995
65.19,0.0,1.0,0.0,5.9399999999999995
65.21,0.0,1.0,0.0,5.9399999999999995
65.39,0.0,1.0,0.0,5.9399999999999995
65.41,0.0,1.0,0.0,5.9399999999999995
65.59,0.0,1.0,0.0,5.9399999999999995
65.61,0.0,1.0,0.0,5.9399999999999995
65.79,0.0,1.0,0.0,5.9399999999999995
65.81,0.0,1.0,0.0,5.9399999999999995
65.99,0.0,1.0,0.0,5.9399999999999995
66.01,0.0,1.0,0.0,5.9399999999999995
66.19,0.0,1.0,0.0,5.9399999999999995
66.21,0.0,1.0,0.0,5.9399999999999995
66.39,0.0,1.0,0.0,5.9399999999999995
66.41,0.0,1.0,0.0,5.9399999999999995
66.59,0.0,1.0,0.0,5.9399999999999995
66.61,0.0,1.0,0.0,5.9399999999999995
66.79,0.0,1.0,0.0,5.9399999999999995
66.81,0.0,1.0,0.0,5.9399999999999995
66.99,0.0,1.0,0.0,5.9399999999999995
67.01,0.0,1.0,0.0,5.9399999999999995
67.19,0.0,1.0,0.0,5.9399999999999995
67.21,0.0,1.0,0.0,5.9399999999999995
67.39,0.0,1.0,0.0,5.9399999999999995
67.41,0.0,1.0,0.0,5.9399999999999995
67.59,0.0,1.0,0.0,5.9399999999999995
67.61,0.0,1.0,0.0,5.9399999999999995
67.79,0.0,1.0,0.0,5.9399999999999995
67.81,0.0,1.0,0.0,5.9399999999999995
67.99,0.0,1.0,0.0,5.9399999999999995
68.01,0.0,1.0,0.0,5.9399999999999995
68.19,0.0,1.0,0.0,5.9399999999999995
68.21,0.0,1.0,0.0,5.9399999999999995
68.39,0.0,1.0,0.0,5.9399999999999995
68.41,0.0,1.0,0.0,5.9399999999999995
68.59,0.0,1.0,0.0,5.9399999999999995
68.61,0.0,1.0,0.0,5.9399999999999995
68.79,0.0,1.0,0.0,5.9399999999999995
68.81,0.0,1.0,0.0,5.9399999999999995
68.99,0.0,1.0,0.0,5.9399999999999995
69.01,0.0,1.0,0.0,5.9399999999999995
69.19,0.0,1.0,0.0,5.9399999999999995
69.21,0.0,1.0,0.0,5.9399999999999995
69.39,0.0,1.0,0.0,5.9399999999999995
69.41,0.0,1.0,0.0,5.9399999999999995
69.59,0.0,1.0,0.0,5.9399999999999995
69.61,0.0,1.0,0.0,5.9399999999999995
69.79,0.0,1.0,0.0,5.9399999999999995
69.81,0.0,1.0,0.0,5.9399999999999995
69.99,0.0,1.0,0.0,5.9399999999999995
70.01,0.0,1.0,0.0,5.9399999999999995
70.19,0.0,1.0,0.0,5.9399999999999995
70.21,0.0,1.0,0.0,5.9399999999999995
70.39,0.0,1.0,0.0,5.9399999999999995
70.41,0.0,1.0,0.0,5.9399999999999995
70.59,0.0,1.0,0.0,5.9399999999999995
70.61,0.0,1.0,0.0,5.9399999999999995
70.79,0.0,1.0,0.0,5.9399999999999995
70.81,0.0,1.0,0.0,5.9399999999999995
70.99,0.0,1.0,0.0,5.9399999999999995
71.01,0.0,1.0,0.0,5.9399999999999995
71.19,0.0,1.0,0.0,5.9399999999999995
71.21,0.0,1.0,0.0,5.9399999999999995
71.39,0.0,1.0,0.0,5.9399999999999995
71.41,0.0,1.0,0.0,5.9399999999999995
71.59,0.0,1.0,0.0,5.9399999999999995
71.61,0.0,1.0,0.0,5.9399999999999995
71.79,0.0,1.0,0.0,5.9399999999999995
71.81,0.0,1.0,0.0,5.9399999999999995
71.99,0.0,1.0,0.0,5.9399999999999995
72.01,0.0,1.0,0.0,5.9399999999999995
72.19,0.0,1.0,0.0,5.9399999999999995
72.21,0.0,1.0,0.0,5.9399999999999995
72.39,0.0,1.0,0.0,5.9399999999999995
72.41,0.0,1.0,0.0,5.9399999999999995
72.59,0.0,1.0,0.0,5.9399999999999995
72.61,0.0,1.0,0.0,5.9399999999999995
72.79,0.0,1.0,0.0,5.9399999999999995
72.81,0.0,1.0,0.0,5.9399999999999995
72.99,0.0,1.0,0.0,5.9399999999999995
73.01,0.0,1.0,0.0,5.9399999999999995
73.19,0.0,1.0,0.0,5.9399999999999995
73.21,0.0,1.0,0.0,5.9399999999999995
73.39,0.0,1.0,0.0,5.9399999999999995
73.41,0.0,1.0,0.0,5.9399999999999995
73.59,0.0,1.0,0.0,5.9399999999999995
73.61,0.0,1.0,0.0,5.9399999999999995
73.79,0.0,1.0,0.0,5.9399999999999995
73.81,0.0,1.0,0.0,5.9399999999999995
73.99,0.0,1.0,0.0,5.9399999999999995
74.01,0.0,1.0,0.0,5.9399999999999995
74.19,0.0,1.0,0.0,5.9399999999999995
74.21,0.0,1.0,0.0,5.9399999999999995
74.39,0.0,1.0,0.0,5.9399999999999995
74.41,0.0,1.0,0.0,5.9399999999999995
74.59,0.0,1.0,0.0,5.9399999999999995
74.61,0.0,1.0,0.0,5.9399999999999995
74.79,0.0,1.0,0.0,5.9399999999999995
74.81,0.0,1.0,0.0,5.9399999999999995
74.99,0.0,1.0,0.0,5.9399999999999995
75.01,0.0,1.0,0.0,5.9399999999999995
75.19,0.0,1.0,0.0,5.9399999999999995
75.21,0.0,1.0,0.0,5.9399999999999995
75.39,0.0,1.0,0.0,5.9399999999999995
75.41,0.0,1.0,0.0,5.9399999999999995
75.59,0.0,1.0,0.0,5.9399999999999995
75.61,0.0,1.0,0.0,5.9399999999999995
75.79,0.0,1.0,0.0,5.9399999999999995
75.81,0.0,1.0,0.0,5.9399999999999995
75.99,0.0,1.0,0.0,5.9399999999999995
76.01,0.0,1.0,0.0,5.9399999999999995
76.19,0.0,1.0,0.0,5.9399999999999995
76.21,0.0,1.0,0.0,5.9399999999999995
76.39,0.0,1.0,0.0,5.9399999999999995
76.41,0.0,1.0,0.0,5.9399999999999995
76.59,0.0,1.0,0.0,5.9399999999999995
76.61,0.0,1.0,0.0,5.9399999999999995
76.79,0.0,1.0,0.0,5.9399999999999995
76.81,0.0,1.0,0.0,5.9399999999999995
76.99,0.0,1.0,0.0,5.9399999999999995
77.01,0.0,1.0,0.0,5.9399999999999995
77.19,0.0,1.0,0.0,5.9399999999999995
77.21,0.0,1.0,0.0,5.9399999999999995
77.39,0.0,1.0,0.0,5.9399999999999995
77.41,0.0,1.0,0.0,5.9399999999999995
77.59,0.0,1.0,0.0,5.9399999999999995
77.61,0.0,1.0,0.0,5.9399999999999995
77.79,0.0,1.0,0.0,5.9399999999999995
77.81,0.0,1.0,0.0,5.9399999999999995
77.99,0.0,1.0,0.0,5.9399999999999995
78.01,0.0,1.0,0.0,5.9399999999999995
78.19,0.0,1.0,0.0,5.9399999999999995
78.21,0.0,1.0,0.0,5.9399999999999995
78.39,0.0,1.0,0.0,5.9399999999999995
78.41,0.0,1.0,0.0,5.9399999999999995
78.59,0.0,1.0,0.0,5.9399999999999995
78.61,0.0,1.0,0.0,5.9399999999999995
78.79,0.0,1.0,0.0,5.9399999999999995
78.81,0.0,1.0,0.0,5.9399999999999995
78.99,0.0,1.0,0.0,5.9399999999999995
79.01,0.0,1.0,0.0,5.9399999999999995
79.19,0.0,1.0,0.0,5.9399999999999995
79.21,0.0,1.0,0.0,5.9399999999999995
79.39,0.0,1.0,0.0,5.9399999999999995
79.41,0.0,1.0,0.0,5.9399999999999995
79.59,0.0,1.0,0.0,5.9399999999999995
79.61,0.0,1.0,0.0,5.9399999999999995
79.79,0.0,1.0,0.0,5.9399999999999995
79.81,0.0,1.0,0.0,5.9399999999999995
79.99,0.0,1.0,0.0,5.9399999999999995
80.01,0.0,1.0,0.0,5.9399999999999995
80.19,0.0,1.0,0.0,5.9399999999999995
80.21,0.0,1.0,0.0,5.9399999999999995
80.39,0.0,1.0,0.0,5.9399999999999995
80.41,0.0,1.0,0.0,5.9399999999999995
80.59,0.0,1.0,0.0,5.9399999999999995
80.61,0.0,1.0,0.0,5.9399999999999995
80.79,0.0,1.0,0.0,5.9399999999999995
80.81,0.0,1.0,0.0,5.9399999999999995
80.99,0.0,1.0,0.0,5.9399999999999995
81.01,0.0,1.0,0.0,5.9399999999999995
81.19,0.0,1.0,0.0,5.9399999999999995
81.21,0.0,1.0,0.0,5.9399999999999995
81.39,0.0,1.0,0.0,5.9399999999999995
81.41,0.0,1.0,0.0,5.9399999999999995
81.59,0.0,1.0,0.0,5.9399999999999995
81.61,0.0,1.0,0.0,5.9399999999999995
81.79,0.0,1.0,0.0,5.9399999999999995
81.81,0.0,1.0,0.0,5.9399999999999995
81.99,0.0,1.0,0.0,5.9399999999999995
82.01,0.0,1.0,0.0,5.9399999999999995
82.19,0.0,1.0,0.0,5.9399999999999995
82.21,0.0,1.0,0.0,5.9399999999999995
82.39,0.0,1.0,0.0,5.9399999999999995
82.41,0.0,1.0,0.0,5.9399999999999995
82.59,0.0,1.0,0.0,5.9399999999999995
82.61,0.0,1.0,0.0,5.9399999999999995
82.79,0.0,1.0,0.0,5.9399999999999995
82.81,0.0,1.0,0.0,5.9399999999999995
82.99,0.0,1.0,0.0,5.9399999999999995
83.01,0.0,1.0,0.0,5.9399999999999995
83.19,0.0,1.0,0.0,5.9399999999999995
83.21,0.0,1.0,0.0,5.9399999999999995
83.39,0.0,1.0,0.0,5.9399999999999995
83.41,0.0,1.0,0.0,5.9399999999999995
83.59,0.0,1.0,0.0,5.9399999999999995
83.61,0.0,1.0,0.0,5.9399999999999995
83.79,0.0,1.0,0.0,5.9399999999999995
83.81,0.0,1.0,0.0,5.9399999999999995
83.99,0.0,1.0,0.0,5.9399999999999995
84.01,0.0,1.0,0.0,5.9399999999999995
84.19,0.0,1.0,0.0,5.9399999999999995
84.21,0.0,1.0,0.0,5.9399999999999995
84.39,0.0,1.0,0.0,5.9399999999999995
84.41,0.0,1.0,0.0,5.9399999999999995
84.59,0.0,1.0,0.0,5.9399999999999995
84.61,0.0,1.0,0.0,5.9399999999999995
84.79,0.0,1.0,0.0,5.9399999999999995
84.81,0.0,1.0,0.0,5.9399999999999995
84.99,0.0,1.0,0.0,5.9399999999999995
85.01,0.0,1.0,0.0,5.9399999999999995
85.19,0.0,1.0,0.0,5.9399999999999995
85.21,0.0,1.0,0.0,5.9399999999999995
85.39,0.0,1.0,0.0,5.9399999999999995
85.41,0.0,1.0,0.0,5.9399999999999995
85.59,0.0,1.0,0.0,5.9399999999999995
85.61,0.0,1.0,0.0,5.9399999999999995
85.79,0.0,1.0,0.0,5.9399999999999995
85.81,0.0,1.0,0.0,5.9399999999999995
85.99,0.0,1.0,0.0,5.9399999999999995
86.01,0.0,1.0,0.0,5.9399999999999995
86.19,0.0,1.0,0.0,5.9399999999999995
86.21,0.0,1.0,0.0,5.9399999999999995
86.39,0.0,1.0,0.0,5.9399999999999995
86.41,0.0,1.0,0.0,5.9399999999999995
86.59,0.0,1.0,0.0,5.9399999999999995
86.61,0.0,1.0,0.0,5.9399999999999995
86.79,0.0,1.0,0.0,5.9399999999999995
86.81,0.0,1.0,0.0,5.9399999999999995
86.99,0.0,1.0,0.0,5.9399999999999995
87.01,0.0,1.0,0.0,5.9399999999999995
87.19,0.0,1.0,0.0,5.9399999999999995
87.21,0.0,1.0,0.0,5.9399999999999995
87.39,0.0,1.0,0.0,5.9399999999999995
87.41,0.0,1.0,0.0,5.9399999999999995
87.59,0.0,1.0,0.0,5.9399999999999995
87.61,0.0,1.0,0.0,5.9399999999999995
87.79,0.0,1.0,0.0,5.9399999999999995
87.81,0.0,1.0,0.0,5.9399999999999995
87.99,0.0,1.0,0.0,5.9399999999999995
88.01,0.0,1.0,0.0,5.9399999999999995
88.19,0.0,1.0,0.0,5.9399999999999995
88.21,0.0,1.0,0.0,5.9399999999999995
88.39,0.0,1.0,0.0,5.9399999999999995
88.41,0.0,1.0,0.0,5.9399999999999995
88.59,0.0,1.0,0.0,5.9399999999999995
88.61,0.0,1.0,0.0,5.9399999999999995
88.79,0.0,1.0,0.0,5.9399999999999995
88.81,0.0,1.0,0.0,5.9399999999999995
88.99,0.0,1.0,0.0,5.9399999999999995
89.01,0.0,1.0,0.0,5.9399999999999995
89.19,0.0,1.0,0.0,5.9399999999999995
89.21,0.0,1.0,0.0,5.9399999999999995
89.39,0.0,1.0,0.0,5.9399999999999995
89.41,0.0,1.0,0.0,5.9399999999999995
89.59,0.0,1.0,0.0,5.9399999999999995
89.61,0.0,1.0,0.0,5.9399999999999995
89.79,0.0,1.0,0.0,5.9399999999999995
89.81,0.0,1.0,0.0,5.9399999999999995
89.99,0.0,1.0,0.0,5.9399999999999995
90.01,0.0,1.0,0.0,5.9399999999999995
90.19,0.0,1.0,0.0,5.9399999999999995
90.21,0.0,1.0,0.0,5.9399999999999995
90.39,0.0,1.0,0.0,5.9399999999999995
90.41,0.0,1.0,0.0,5.9399999999999995
90.59,0.0,1.0,0.0,5.9399999999999995
90.61,0.0,1.0,0.0,5.9399999999999995
90.79,0.0,1.0,0.0,5.9399999999999995
90.81,0.0,1.0,0.0,5.9399999999999995
90.99,0.0,1.0,0.0,5.9399999999999995
91.01,0.0,1.0,0.0,5.9399999999999995
91.19,0.0,1.0,0.0,5.9399999999999995
91.21,0.0,1.0,0.0,5.9399999999999995
91.39,0.0,1.0,0.0,5.9399999999999995
91.41,0.0,1.0,0.0,5.9399999999999995
91.59,0.0,1.0,0.0,5.9399999999999995
91.61,0.0,1.0,0.0,5.9399999999999995
91.79,0.0,1.0,0.0,5.9399999999999995
91.81,0.0,1.0,0.0,5.9399999999999995
91.99,0.0,1.0,0.0,5.9399999999999995
92.01,0.0,1.0,0.0,5.9399999999999995
92.19,0.0,1.0,0.0,5.9399999999999995
92.21,0.0,1.0,0.0,5.9399999999999995
92.39,0.0,1.0,0.0,5.9399999999999995
92.41,0.0,1.0,0.0,5.9399999999999995
92.59,0.0,1.0,0.0,5.9399999999999995
92.61,0.0,1.0,0.0,5.9399999999999995
92.79,0.0,1.0,0.0,5.9399999999999995
92.81,0.0,1.0,0.0,5.9399999999999995
92.99,0.0,1.0,0.0,5.9399999999999995
93.01,0.0,1.0,0.0,5.9399999999999995
93.19,0.0,1.0,0.0,5.9399999999999995
93.21,0.0,1.0,0.0,5.9399999999999995
93.39,0.0,1.0,0.0,5.9399999999999995
93.41,0.0,1.0,0.0,5.9399999999999995
93.59,0.0,1.0,0.0,5.9399999999999995
93.61,0.0,1.0,0.0,5.9399999999999995
93.79,0.0,1.0,0.0,5.9399999999999995
93.81,0.0,1.0,0.0,5.9399999999999995
93.99,0.0,1.0,0.0,5.9399999999999995
94.01,0.0,1.0,0.0,5.9399999999999995
94.19,0.0,1.0,0.0,5.9399999999999995
94.21,0.0,1.0,0.0,5.9399999999999995
94.39,0.0,1.0,0.0,5.9399999999999995
94.41,0.0,1.0,0.0,5.9399999999999995
94.59,0.0,1.0,0.0,5.9399999999999995
94.61,0.0,1.0,0.0,5.9399999999999995
94.79,0.0,1.0,0.0,5.9399999999999995
94.81,0.0,1.0,0.0,5.9399999999999995
94.99,0.0,1.0,0.0,5.9399999999999995
95.01,0.0,1.0,0.0,5.9399999999999995
95.19,0.0,1.0,0.0,5.9399999999999995
95.21,0.0,1.0,0.0,5.9399999999999995
95.39,0.0,1.0,0.0,5.9399999999999995
95.41,0.0,1.0,0.0,5.9399999999999995
95.59,0.0,1.0,0.0,5.9399999999999995
95.61,0.0,1.0,0.0,5.9399999999999995
95.79,0.0,1.0,0.0,5.9399999999999995
95.81,0.0,1.0,0.0,5.9399999999999995
95.99,0.0,1.0,0.0,5.9399999999999995
96.01,0.0,1.0,0.0,5.9399999999999995
96.19,0.0,1.0,0.0,5.9399999999999995
96.21,0.0,1.0,0.0,5.9399999999999995
96.39,0.0,1.0,0.0,5.9399999999999995
96.41,0.0,1.0,0.0,5.9399999999999995
96.59,0.0,1.0,0.0,5.9399999999999995
96.61,0.0,1.0,0.0,5.9399999999999995
96.79,0.0,1.0,0.0,5.9399999999999995
96.81,0.0,1.0,0.0,5.9399999999999995
96.99,0.0,1.0,0.0,5.9399999999999995
97.01,0.0,1.0,0.0,5.9399999999999995
97.19,0.0,1.0,0.0,5.9399999999999995
97.21,0.0,1.0,0.0,5.9399999999999995
97.39,0.0,1.0,0.0,5.9399999999999995
97.41,0.0,1.0,0.0,5.9399999999999995
97.59,0.0,1.0,0.0,5.9399999999999995
97.61,0.0,1.0,0.0,5.9399999999999995
97.79,0.0,1.0,0.0,5.9399999999999995
97.81,0.0,1.0,0.0,5.9399999999999995
97.99,0.0,1.0,0.0,5.9399999999999995
98.01,0.0,1.0,0.0,5.9399999999999995
98.19,0.0,1.0,0.0,5.9399999999999995
98.21,0.0,1.0,0.0,5.9399999999999995
98.39,0.0,1.0,0.0,5.9399999999999995
98.41,0.0,1.0,0.0,5.9399999999999995
98.59,0.0,1.0,0.0,5.9399999999999995
98.61,0.0,1.0,0.0,5.9399999999999995
98.79,0.0,1.0,0.0,5.9399999999999995
98.81,0.0,1.0,0.0,5.9399999999999995
98.99,0.0,1.0,0.0,5.9399999999999995
99.01,0.0,1.0,0.0,5.9399999999999995
99.19,0.0,1.0,0.0,5.9399999999999995
99.21,0.0,1.0,0.0,5.9399999999999995
99.39,0.0,1.0,0.0,5.9399999999999995
99.41,0.0,1.0,0.0,5.9399999999999995
99.59,0.0,1.0,0.0,5.9399999999999995
99.61,0.0,1.0,0.0,5.9399999999999995
99.79,0.0,1.0,0.0,5.9399999999999995
99.81,0.0,1.0,0.0,5.9399999999999995
99.99,0.0,1.0,0.0,5.9399999999999995
100.01,0.0,1.0,0.0,5.9399999999999995
100.19,0.0,1.0,0.0,5.9399999999999995
100.21,0.0,1.0,0.0,5.9399999999999995
100.39,0.0,1.0,0.0,5.9399999999999995
100.41,0.0,1.0,0.0,5.9399999999999995
100.59,0.0,1.0,0.0,5.9399999999999995
100.61,0.0,1.0,0.0,5.9399999999999995
100.79,0.0,1.0,0.0,5.9399999999999995
100.81,0.0,1.0,0.0,5.9399999999999995
100.99,0.0,1.0,0.0,5.9399999999999995
101.01,0.0,1.0,0.0,5.9399999999999995
101.19,0.0,1.0,0.0,5.9399999999999995
101.21,0.0,1.0,0.0,5.9399999999999995
101.39,0.0,1.0,0.0,5.9399999999999995
101.41,0.0,1.0,0.0,5.9399999999999995
101.59,0.0,1.0,0.0,5.9399999999999995
101.61,0.0,1.0,0.0,5.9399999999999995
101.79,0.0,1.0,0.0,5.9399999999999995
101.81,0.0,1.0,0.0,5.9399999999999995
101.99,0.0,1.0,0.0,5.9399999999999995
102.01,0.0,1.0,0.0,5.9399999999999995
102.19,0.0,1.0,0.0,5.9399999999999995
102.21,0.0,1.0,0.0,5.9399999999999995
102.39,0.0,1.0,0.0,5.9399999999999995
102.41,0.0,1.0,0.0,5.9399999999999995
102.59,0.0,1.0,0.0,5.9399999999999995
102.61,0.0,1.0,0.0,5.9399999999999995
102.79,0.0,1.0,0.0,5.9399999999999995
102.81,0.0,1.0,0.0,5.9399999999999995
102.99,0.0,1.0,0.0,5.9399999999999995
103.01,0.0,1.0,0.0,5.9399999999999995
103.19,0.0,1.0,0.0,5.9399999999999995
103.21,0.0,1.0,0.0,5.9399999999999995
103.39,0.0,1.0,0.0,5.9399999999999995
103.41,0.0,1.0,0.0,5.9399999999999995
103.59,0.0,1.0,0.0,5.9399999999999995
103.61,0.0,1.0,0.0,5.9399999999999995
103.79,0.0,1.0,0.0,5.9399999999999995
103.81,0.0,1.0,0.0,5.9399999999999995
103.99,0.0,1.0,0.0,5.9399999999999995
104.01,0.0,1.0,0.0,5.9399999999999995
104.19,0.0,1.0,0.0,5.9399999999999995
104.21,0.0,1.0,0.0,5.9399999999999995
104.39,0.0,1.0,0.0,5.9399999999999995
104.41,0.0,1.0,0.0,5.9399999999999995
104.59,0.0,1.0,0.0,5.9399999999999995
104.61,0.0,1.0,0.0,5.9399999999999995
104.79,0.0,1.0,0.0,5.9399999999999995
104.81,0.0,1.0,0.0,5.9399999999999995
104.99,0.0,1.0,0.0,5.9399999999999995
105.01,0.0,1.0,0.0,5.9399999999999995
105.19,0.0,1.0,0.0,5.9399999999999995
105.21,0.0,1.0,0.0,5.9399999999999995
105.39,0.0,1.0,0.0,5.9399999999999995
105.41,0.0,1.0,0.0,5.9399999999999995
105.59,0.0,1.0,0.0,5.9399999999999995
105.61,0.0,1.0,0.0,5.9399999999999995
105.79,0.0,1.0,0.0,5.9399999999999995
105.81,0.0,1.0,0.0,5.9399999999999995
105.99,0.0,1.0,0.0,5.9399999999999995
106.01,0.0,1.0,0.0,5.9399999999999995
106.19,0.0,1.0,0.0,5.9399999999999995
106.21,0.0,1.0,0.0,5.9399999999999995
106.39,0.0,1.0,0.0,5.9399999999999995
106.41,0.0,1.0,0.0,5.9399999999999995
106.59,0.0,1.0,0.0,5.9399999999999995
106.61,0.0,1.0,0.0,5.9399999999999995
106.79,0.0,1.0,0.0,5.9399999999999995
106.81,0.0,1.0,0.0,5.9399999999999995
106.99,0.0,1.0,0.0,5.9399999999999995
107.01,0.0,1.0,0.0,5.9399999999999995
107.19,0.0,1.0,0.0,5.9399999999999995
107.21,0.0,1.0,0.0,5.9399999999999995
107.39,0.0,1.0,0.0,5.9399999999999995
107.41,0.0,1.0,0.0,5.9399999999999995
107.59,0.0,1.0,0.0,5.9399999999999995
107.61,0.0,1.0,0.0,5.9399999999999995
107.79,0.0,1.0,0.0,5.9399999999999995
107.81,0.0,1.0,0.0,5.9399999999999995
107.99,0.0,1.0,0.0,5.9399999999999995
108.01,0.0,1.0,0.0,5.9399999999999995
108.19,0.0,1.0,0.0,5.9399999999999995
108.21,0.0,1.0,0.0,5.9399999999999995
108.39,0.0,1.0,0.0,5.9399999999999995
108.41,0.0,1.0,0.0,5.9399999999999995
108.59,0.0,1.0,0.0,5.9399999999999995
108.61,0.0,1.0,0.0,5.9399999999999995
108.79,0.0,1.0,0.0,5.9399999999999995
108.81,0.0,1.0,0.0,5.9399999999999995
108.99,0.0,1.0,0.0,5.9399999999999995
109.01,0.0,1.0,0.0,5.9399999999999995
109.19,0.0,1.0,0.0,5.9399999999999995
109.21,0.0,1.0,0.0,5.9399999999999995
109.39,0.0,1.0,0.0,5.9399999999999995
109.41,0.0,1.0,0.0,5.9399999999999995
109.59,0.0,1.0,0.0,5.9399999999999995
109.61,0.0,1.0,0.0,5.9399999999999995
109.79,0.0,1.0,0.0,5.9399999999999995
109.81,0.0,1.0,0.0,5.9399999999999995
109.99,0.0,1.0,0.0,5.9399999999999995
110.01,0.0,1.0,0.0,5.9399999999999995
110.19,0.0,1.0,0.0,5.9399999999999995
110.21,0.0,1.0,0.0,5.9399999999999995
110.39,0.0,1.0,0.0,5.9399999999999995
110.41,0.0,1.0,0.0,5.9399999999999995
110.59,0.0,1.0,0.0,5.9399999999999995
110.61,0.0,1.0,0.0,5.9399999999999995
110.79,0.0,1.0,0.0,5.9399999999999995
110.81,0.0,1.0,0.0,5.9399999999999995
110.99,0.0,1.0,0.0,5.9399999999999995
111.01,0.0,1.0,0.0,5.9399999999999995
111.19,0.0,1.0,0.0,5.9399999999999995
111.21,0.0,1.0,0.0,5.9399999999999995
111.39,0.0,1.0,0.0,5.9399999999999995
111.41,0.0,1.0,0.0,5.9399999999999995
111.59,0.0,1.0,0.0,5.9399999999999995
111.61,0.0,1.0,0.0,5.9399999999999995
111.79,0.0,1.0,0.0,5.9399999999999995
111.81,0.0,1.0,0.0,5.9399999999999995
111.99,0.0,1.0,0.0,5.9399999999999995
112.01,0.0,1.0,0.0,5.9399999999999995
112.19,0.0,1.0,0.0,5.9399999999999995
112.21,0.0,1.0,0.0,5.9399999999999995
112.39,0.0,1.0,0.0,5.9399999999999995
112.41,0.0,1.0,0.0,5.9399999999999995
112.59,0.0,1.0,0.0,5.9399999999999995
112.61,0.0,1.0,0.0,5.9399999999999995
112.79,0.0,1.0,0.0,5.9399999999999995
112.81,0.0,1.0,0.0,5.9399999999999995
112.99,0.0,1.0,0.0,5.9399999999999995
113.01,0.0,1.0,0.0,5.9399999999999995
113.19,0.0,1.0,0.0,5.9399999999999995
113.21,0.0,1.0,0.0,5.9399999999999995
113.39,0.0,1.0,0.0,5.9399999999999995
113.41,0.0,1.0,0.0,5.9399999999999995
113.59,0.0,1.0,0.0,5.9399999999999995
113.61,0.0,1.0,0.0,5.9399999999999995
113.79,0.0,1.0,0.0,5.9399999999999995
113.81,0.0,1.0,0.0,5.9399999999999995
113.99,0.0,1.0,0.0,5.9399999999999995
114.01,0.0,1.0,0.0,5.9399999999999995
114.19,0.0,1.0,0.0,5.9399999999999995
114.21,0.0,1.0,0.0,5.9399999999999995
114.39,0.0,1.0,0.0,5.9399999999999995
114.41,0.0,1.0,0.0,5.9399999999999995
114.59,0.0,1.0,0.0,5.9399999999999995
114.61,0.0,1.0,0.0,5.9399999999999995
114.79,0.0,1.0,0.0,5.9399999999999995
114.81,0.0,1.0,0.0,5.9399999999999995
114.99,0.0,1.0,0.0,5.9399999999999995
115.01,0.0,1.0,0.0,5.9399999999999995
115.19,0.0,1.0,0.0,5.9399999999999995
115.21,0.0,1.0,0.0,5.9399999999999995
115.39,0.0,1.0,0.0,5.9399999999999995
115.41,0.0,1.0,0.0,5.9399999999999995
115.59,0.0,1.0,0.0,5.9399999999999995
115.61,0.0,1.0,0.0,5.9399999999999995
115.79,0.0,1.0,0.0,5.9399999999999995
115.81,0.0,1.0,0.0,5.9399999999999995
115.99,0.0,1.0,0.0,5.9399999999999995
116.01,0.0,1.0,0.0,5.9399999999999995
116.19,0.0,1.0,0.0,5.9399999999999995
116.21,0.0,1.0,0.0,5.9399999999999995
116.39,0.0,1.0,0.0,5.9399999999999995
116.41,0.0,1.0,0.0,5.9399999999999995
116.59,0.0,1.0,0.0,5.9399999999999995
116.61,0.0,1.0,0.0,5.9399999999999995
116.79,0.0,1.0,0.0,5.9399999999999995
116.81,0.0,1.0,0.0,5.9399999999999995
116.99,0.0,1.0,0.0,5.9399999999999995
117.01,0.0,1.0,0.0,5.9399999999999995
117.19,0.0,1.0,0.0,5.9399999999999995
117.21,0.0,1.0,0.0,5.9399999999999995
117.39,0.0,1.0,0.0,5.9399999999999995
117.41,0.0,1.0,0.0,5.9399999999999995
117.59,0.0,1.0,0.0,5.9399999999999995
117.61,0.0,1.0,0.0,5.9399999999999995
117.79,0.0,1.0,0.0,5.9399999999999995
117.81,0.0,1.0,0.0,5.9399999999999995
117.99,0.0,1.0,0.0,5.9399999999999995
118.01,0.0,1.0,0.0,5.9399999999999995
118.19,0.0,1.0,0.0,5.9399999999999995
118.21,0.0,1.0,0.0,5.9399999999999995
118.39,0.0,1.0,0.0,5.9399999999999995
118.41,0.0,1.0,0.0,5.9399999999999995
118.59,0.0,1.0,0.0,5.9399999999999995
118.61,0.0,1.0,0.0,5.9399999999999995
118.79,0.0,1.0,0.0,5.9399999999999995
118.81,0.0,1.0,0.0,5.9399999999999995
118.99,0.0,1.0,0.0,5.9399999999999995
119.01,0.0,1.0,0.0,5.9399999999999995
119.19,0.0,1.0,0.0,5.9399999999999995
119.21,0.0,1.0,0.0,5.9399999999999995
119.39,0.0,1.0,0.0,5.9399999999999995
119.41,0.0,1.0,0.0,5.9399999999999995
119.59,0.0,1.0,0.0,5.9399999999999995
119.61,0.0,1.0,0.0,5.9399999999999995
119.79,0.0,1.0,0.0,5.9399999999999995
119.81,0.0,1.0,0.0,5.9399999999999995
119.99,0.0,1.0,0.0,5.9399999999999995
120.01,0.0,1.0,0.0,5.9399999999999995
120.19,0.0,1.0,0.0,5.9399999999999995
120.21,0.0,1.0,0.0,5.9399999999999995
120.39,0.0,1.0,0.0,5.9399999999999995
120.41,0.0,1.0,0.0,5.9399999999999995
120.59,0.0,1.0,0.0,5.9399999999999995
120.61,0.0,1.0,0.0,5.9399999999999995
120.79,0.0,1.0,0.0,5.9399999999999995
120.81,0.0,1.0,0.0,5.9399999999999995
120.99,0.0,1.0,0.0,5.9399999999999995
121.01,0.0,1.0,0.0,5.9399999999999995
121.19,0.0,1.0,0.0,5.9399999999999995
121.21,0.0,1.0,0.0,5.9399999999999995
121.39,0.0,1.0,0.0,5.9399999999999995
121.41,0.0,1.0,0.0,5.9399999999999995
121.59,0.0,1.0,0.0,5.9399999999999995
121.61,0.0,1.0,0.0,5.9399999999999995
121.79,0.0,1.0,0.0,5.9399999999999995
121.81,0.0,1.0,0.0,5.9399999999999995
121.99,0.0,1.0,0.0,5.9399999999999995
122.01,0.0,1.0,0.0,5.9399999999999995
122.19,0.0,1.0,0.0,5.9399999999999995
122.21,0.0,1.0,0.0,5.9399999999999995
122.39,0.0,1.0,0.0,5.9399999999999995
122.41,0.0,1.0,0.0,5.9399999999999995
122.59,0.0,1.0,0.0,5.9399999999999995
122.61,0.0,1.0,0.0,5.9399999999999995
122.79,0.0,1.0,0.0,5.9399999999999995
122.81,0.0,1.0,0.0,5.9399999999999995
122.99,0.0,1.0,0.0,5.9399999999999995
123.01,0.0,1.0,0.0,5.9399999999999995
123.19,0.0,1.0,0.0,5.9399999999999995
123.21,0.0,1.0,0.0,5.9399999999999995
123.39,0.0,1.0,0.0,5.9399999999999995
123.41,0.0,1.0,0.0,5.9399999999999995
123.59,0.0,1.0,0.0,5.9399999999999995
123.61,0.0,1.0,0.0,5.9399999999999995
123.79,0.0,1.0,0.0,5.9399999999999995
123.81,0.0,1.0,0.0,5.9399999999999995
123.99,0.0,1.0,0.0,5.9399999999999995
124.01,0.0,1.0,0.0,5.9399999999999995
124.19,0.0,1.0,0.0,5.9399999999999995
124.21,0.0,1.0,0.0,5.9399999999999995
124.39,0.0,1.0,0.0,5.9399999999999995
124.41,0.0,1.0,0.0,5.9399999999999995
124.59,0.0,1.0,0.0,5.9399999999999995
124.61,0.0,1.0,0.0,5.9399999999999995
124.79,0.0,1.0,0.0,5.9399999999999995
124.81,0.0,1.0,0.0,5.9399999999999995
124.99,0.0,1.0,0.0,5.9399999999999995
125.01,0.0,1.0,0.0,5.9399999999999995
125.19,0.0,1.0,0.0,5.9399999999999995
125.21,0.0,1.0,0.0,5.9399999999999995
125.39,0.0,1.0,0.0,5.9399999999999995
125.41,0.0,1.0,0.0,5.9399999999999995
125.59,0.0,1.0,0.0,5.9399999999999995
125.61,0.0,1.0,0.0,5.9399999999999995
125.79,0.0,1.0,0.0,5.9399999999999995
125.81,0.0,1.0,0.0,5.9399999999999995
125.99,0.0,1.0,0.0,5.9399999999999995
126.01,0.0,1.0,0.0,5.9399999999999995
126.19,0.0,1.0,0.0,5.9399999999999995
126.21,0.0,1.0,0.0,5.9399999999999995
126.39,0.0,1.0,0.0,5.9399999999999995
126.41,0.0,1.0,0.0,5.9399999999999995
126.59,0.0,1.0,0.0,5.9399999999999995
126.61,0.0,1.0,0.0,5.9399999999999995
126.79,0.0,1.0,0.0,5.9399999999999995
126.81,0.0,1.0,0.0,5.9399999999999995
126.99,0.0,1.0,0.0,5.9399999999999995
127.01,0.0,1.0,0.0,5.9399999999999995
127.19,0.0,1.0,0.0,5.9399999999999995
127.21,0.0,1.0,0.0,5.9399999999999995
127.39,0.0,1.0,0.0,5.9399999999999995
127.41,0.0,1.0,0.0,5.9399999999999995
127.59,0.0,1.0,0.0,5.9399999999999995
127.61,0.0,1.0,0.0,5.9399999999999995
127.79,0.0,1.0,0.0,5.9399999999999995
127.81,0.0,1.0,0.0,5.9399999999999995
127.99,0.0,1.0,0.0,5.9399999999999995
128.01,0.0,1.0,0.0,5.9399999999999995
128.19,0.0,1.0,0.0,5.9399999999999995
128.21,0.0,1.0,0.0,5.9399999999999995
128.39,0.0,1.0,0.0,5.9399999999999995
128.41,0.0,1.0,0.0,5.9399999999999995
128.59,0.0,1.0,0.0,5.9399999999999995
128.61,0.0,1.0,0.0,5.9399999999999995
128.79,0.0,1.0,0.0,5.9399999999999995
128.81,0.0,1.0,0.0,5.9399999999999995
128.99,0.0,1.0,0.0,5.9399999999999995
129.01,0.0,1.0,0.0,5.9399999999999995
129.19,0.0,1.0,0.0,5.9399999999999995
129.21,0.0,1.0,0.0,5.9399999999999995
129.39,0.0,1.0,0.0,5.9399999999999995
129.41,0.0,1.0,0.0,5.9399999999999995
129.59,0.0,1.0,0.0,5.9399999999999995
129.61,0.0,1.0,0.0,5.9399999999999995
129.79,0.0,1.0,0.0,5.9399999999999995
129.81,0.0,1.0,0.0,5.9399999999999995
129.99,0.0,1.0,0.0,5.9399999999999995
130.01,0.0,1.0,0.0,5.9399999999999995
130.19,0.0,1.0,0.0,5.9399999999999995
130.21,0.0,1.0,0.0,5.9399999999999995
130.39,0.0,1.0,0.0,5.9399999999999995
130.41,0.0,1.0,0.0,5.9399999999999995
130.59,0.0,1.0,0.0,5.9399999999999995
130.61,0.0,1.0,0.0,5.9399999999999995
130.79,0.0,1.0,0.0,5.9399999999999995
130.81,0.0,1.0,0.0,5.9399999999999995
130.99,0.0,1.0,0.0,5.9399999999999995
131.01,0.0,1.0,0.0,5.9399999999999995
131.19,0.0,1.0,0.0,5.9399999999999995
131.21,0.0,1.0,0.0,5.9399999999999995
131.39,0.0,1.0,0.0,5.9399999999999995
131.41,0.0,1.0,0.0,5.9399999999999995
131.59,0.0,1.0,0.0,5.9399999999999995
131.61,0.0,1.0,0.0,5.9399999999999995
131.79,0.0,1.0,0.0,5.9399999999999995
131.81,0.0,1.0,0.0,5.9399999999999995
131.99,0.0,1.0,0.0,5.9399999999999995
132.01,0.0,1.0,0.0,5.9399999999999995
132.19,0.0,1.0,0.0,5.9399999999999995
132.21,0.0,1.0,0.0,5.9399999999999995
132.39,0.0,1.0,0.0,5.9399999999999995
132.41,0.0,1.0,0.0,5.9399999999999995
132.59,0.0,1.0,0.0,5.9399999999999995
132.61,0.0,1.0,0.0,5.9399999999999995
132.79,0.0,1.0,0.0,5.9399999999999995
132.81,0.0,1.0,0.0,5.9399999999999995
132.99,0.0,1.0,0.0,5.9399999999999995
133.01,0.0,1.0,0.0,5.9399999999999995
133.19,0.0,1.0,0.0,5.9399999999999995
133.21,0.0,1.0,0.0,5.9399999999999995
133.39,0.0,1.0,0.0,5.9399999999999995
133.41,0.0,1.0,0.0,5.9399999999999995
133.59,0.0,1.0,0.0,5.9399999999999995
133.61,0.0,1.0,0.0,5.9399999999999995
133.79,0.0,1.0,0.0,5.9399999999999995
133.81,0.0,1.0,0.0,5.9399999999999995
133.99,0.0,1.0,0.0,5.9399999999999995
134.01,0.0,1.0,0.0,5.9399999999999995
134.19,0.0,1.0,0.0,5.9399999999999995
134.21,0.0,1.0,0.0,5.9399999999999995
134.39,0.0,1.0,0.0,5.9399999999999995
134.41,0.0,1.0,0.0,5.9399999999999995
134.59,0.0,1.0,0.0,5.9399999999999995
134.61,0.0,1.0,0.0,5.9399999999999995
134.79,0.0,1.0,0.0,5.9399999999999995
134.81,0.0,1.0,0.0,5.9399999999999995
134.99,0.0,1.0,0.0,5.9399999999999995
135.01,0.0,1.0,0.0,5.9399999999999995
135.19,0.0,1.0,0.0,5.9399999999999995
135.21,0.0,1.0,0.0,5.9399999999999995
135.39,0.0,1.0,0.0,5.9399999999999995
135.41,0.0,1.0,0.0,5.9399999999999995
135.59,0.0,1.0,0.0,5.9399999999999995
135.61,0.0,1.0,0.0,5.9399999999999995
135.79,0.0,1.0,0.0,5.9399999999999995
135.81,0.0,1.0,0.0,5.9399999999999995
135.99,0.0,1.0,0.0,5.9399999999999995
136.01,0.0,1.0,0.0,5.9399999999999995
136.19,0.0,1.0,0.0,5.9399999999999995
136.21,0.0,1.0,0.0,5.9399999999999995
136.39,0.0,1.0,0.0,5.9399999999999995
136.41,0.0,1.0,0.0,5.9399999999999995
136.59,0.0,1.0,0.0,5.9399999999999995
136.61,0.0,1.0,0.0,5.9399999999999995
136.79,0.0,1.0,0.0,5.9399999999999995
136.81,0.0,1.0,0.0,5.9399999999999995
136.99,0.0,1.0,0.0,5.9399999999999995
137.01,0.0,1.0,0.0,5.9399999999999995
137.19,0.0,1.0,0.0,5.9399999999999995
137.21,0.0,1.0,0.0,5.9399999999999995
137.39,0.0,1.0,0.0,5.9399999999999995
137.41,0.0,1.0,0.0,5.9399999999999995
137.59,0.0,1.0,0.0,5.9399999999999995
137.61,0.0,1.0,0.0,5.9399999999999995
137.79,0.0,1.0,0.0,5.9399999999999995
137.81,0.0,1.0,0.0,5.9399999999999995
137.99,0.0,1.0,0.0,5.9399999999999995
138.01,0.0,1.0,0.0,5.9399999999999995
138.19,0.0,1.0,0.0,5.9399999999999995
138.21,0.0,1.0,0.0,5.9399999999999995
138.39,0.0,1.0,0.0,5.9399999999999995
138.41,0.0,1.0,0.0,5.9399999999999995
138.59,0.0,1.0,0.0,5.9399999999999995
138.61,0.0,1.0,0.0,5.9399999999999995
138.79,0.0,1.0,0.0,5.9399999999999995
138.81,0.0,1.0,0.0,5.9399999999999995
138.99,0.0,1.0,0.0,5.9399999999999995
139.01,0.0,1.0,0.0,5.9399999999999995
139.19,0.0,1.0,0.0,5.9399999999999995
139.21,0.0,1.0,0.0,5.9399999999999995
139.39,0.0,1.0,0.0,5.9399999999999995
139.41,0.0,1.0,0.0,5.9399999999999995
139.59,0.0,1.0,0.0,5.9399999999999995
139.61,0.0,1.0,0.0,5.9399999999999995
139.79,0.0,1.0,0.0,5.9399999999999995
139.81,0.0,1.0,0.0,5.9399999999999995
139.99,0.0,1.0,0.0,5.9399999999999995
140.01,0.0,1.0,0.0,5.9399999999999995
140.19,0.0,1.0,0.0,5.9399999999999995
140.21,0.0,1.0,0.0,5.9399999999999995
140.39,0.0,1.0,0.0,5.9399999999999995
140.41,0.0,1.0,0.0,5.9399999999999995
140.59,0.0,1.0,0.0,5.9399999999999995
140.61,0.0,1.0,0.0,5.9399999999999995
140.79,0.0,1.0,0.0,5.9399999999999995
140.81,0.0,1.0,0.0,5.9399999999999995
140.99,0.0,1.0,0.0,5.9399999999999995
141.01,0.0,1.0,0.0,5.9399999999999995
141.19,0.0,1.0,0.0,5.9399999999999995
141.21,0.0,1.0,0.0,5.9399999999999995
141.39,0.0,1.0,0.0,5.9399999999999995
141.41,0.0,1.0,0.0,5.9399999999999995
141.59,0.0,1.0,0.0,5.9399999999999995
141.61,0.0,1.0,0.0,5.9399999999999995
141.79,0.0,1.0,0.0,5.9399999999999995
141.81,0.0,1.0,0.0,5.9399999999999995
141.99,0.0,1.0,0.0,5.9399999999999995
142.01,0.0,1.0,0.0,5.9399999999999995
142.19,0.0,1.0,0.0,5.9399999999999995
142.21,0.0,1.0,0.0,5.9399999999999995
142.39,0.0,1.0,0.0,5.9399999999999995
142.41,0.0,1.0,0.0,5.9399999999999995
142.59,0.0,1.0,0.0,5.9399999999999995
142.61,0.0,1.0,0.0,5.9399999999999995
142.79,0.0,1.0,0.0,5.9399999999999995
142.81,0.0,1.0,0.0,5.9399999999999995
142.99,0.0,1.0,0.0,5.9399999999999995
143.01,0.0,1.0,0.0,5.9399999999999995
143.19,0.0,1.0,0.0,5.9399999999999995
143.21,0.0,1.0,0.0,5.9399999999999995
143.39,0.0,1.0,0.0,5.9399999999999995
143.41,0.0,1.0,0.0,5.9399999999999995
143.59,0.0,1.0,0.0,5.9399999999999995
143.61,0.0,1.0,0.0,5.9399999999999995
143.79,0.0,1.0,0.0,5.9399999999999995
143.81,0.0,1.0,0.0,5.9399999999999995
143.99,0.0,1.0,0.0,5.9399999999999995
144.01,0.0,1.0,0.0,5.9399999999999995
144.19,0.0,1.0,0.0,5.9399999999999995
144.21,0.0,1.0,0.0,5.9399999999999995
144.39,0.0,1.0,0.0,5.9399999999999995
144.41,0.0,1.0,0.0,5.9399999999999995
144.59,0.0,1.0,0.0,5.9399999999999995
144.61,0.0,1.0,0.0,5.9399999999999995
144.79,0.0,1.0,0.0,5.9399999999999995
144.81,0.0,1.0,0.0,5.9399999999999995
144.99,0.0,1.0,0.0,5.9399999999999995
145.01,0.0,1.0,0.0,5.9399999999999995
145.19,0.0,1.0,0.0,5.9399999999999995
145.21,0.0,1.0,0.0,5.9399999999999995
145.39,0.0,1.0,0.0,5.9399999999999995
145.41,0.0,1.0,0.0,5.9399999999999995
145.59,0.0,1.0,0.0,5.9399999999999995
145.61,0.0,1.0,0.0,5.9399999999999995
145.79,0.0,1.0,0.0,5.9399999999999995
145.81,0.0,1.0,0.0,5.9399999999999995
145.99,0.0,1.0,0.0,5.9399999999999995
146.01,0.0,1.0,0.0,5.9399999999999995
146.19,0.0,1.0,0.0,5.9399999999999995
146.21,0.0,1.0,0.0,5.9399999999999995
146.39,0.0,1.0,0.0,5.9399999999999995
146.41,0.0,1.0,0.0,5.9399999999999995
146.59,0.0,1.0,0.0,5.9399999999999995
146.61,0.0,1.0,0.0,5.9399999999999995
146.79,0.0,1.0,0.0,5.9399999999999995
146.81,0.0,1.0,0.0,5.9399999999999995
146.99,0.0,1.0,0.0,5.9399999999999995
147.01,0.0,1.0,0.0,5.9399999999999995
147.19,0.0,1.0,0.0,5.9399999999999995
147.21,0.0,1.0,0.0,5.9399999999999995
147.39,0.0,1.0,0.0,5.9399999999999995
147.41,0.0,1.0,0.0,5.9399999999999995
147.59,0.0,1.0,0.0,5.9399999999999995
147.61,0.0,1.0,0.0,5.9399999999999995
147.79,0.0,1.0,0.0,5.9399999999999995
147.81,0.0,1.0,0.0,5.9399999999999995
147.99,0.0,1.0,0.0,5.9399999999999995
148.01,0.0,1.0,0.0,5.9399999999999995
148.19,0.0,1.0,0.0,5.9399999999999995
148.21,0.0,1.0,0.0,5.9399999999999995
148.39,0.0,1.0,0.0,5.9399999999999995
148.41,0.0,1.0,0.0,5.9399999999999995
148.59,0.0,1.0,0.0,5.9399999999999995
148.61,0.0,1.0,0.0,5.9399999999999995
148.79,0.0,1.0,0.0,5.9399999999999995
148.81,0.0,1.0,0.0,5.9399999999999995
148.99,0.0,1.0,0.0,5.9399999999999995
149.01,0.0,1.0,0.0,5.9399999999999995
149.19,0.0,1.0,0.0,5.9399999999999995
149.21,0.0,1.0,0.0,5.9399999999999995
149.39,0.0,1.0,0.0,5.9399999999999995
149.41,0.0,1.0,0.0,5.9399999999999995
149.59,0.0,1.0,0.0,5.9399999999999995
149.61,0.0,1.0,0.0,5.9399999999999995
149.79,0.0,1.0,0.0,5.9399999999999995
149.81,0.0,1.0,0.0,5.9399999999999995
149.99,0.0,1.0,0.0,5.9399999999999995
150.01,0.0,1.0,0.0,5.9399999999999995
150.19,0.0,1.0,0.0,5.9399999999999995
150.21,0.0,1.0,0.0,5.9399999999999995
150.39,0.0,1.0,0.0,5.9399999999999995
150.41,0.0,1.0,0.0,5.9399999999999995
150.59,0.0,1.0,0.0,5.9399999999999995
150.61,0.0,1.0,0.0,5.9399999999999995
150.79,0.0,1.0,0.0,5.9399999999999995
150.81,0.0,1.0,0.0,5.9399999999999995
150.99,0.0,1.0,0.0,5.9399999999999995
151.01,0.0,1.0,0.0,5.9399999999999995
151.19,0.0,1.0,0.0,5.9399999999999995
151.21,0.0,1.0,0.0,5.9399999999999995
151.39,0.0,1.0,0.0,5.9399999999999995
151.41,0.0,1.0,0.0,5.9399999999999995
151.59,0.0,1.0,0.0,5.9399999999999995
151.61,0.0,1.0,0.0,5.9399999999999995
151.79,0.0,1.0,0.0,5.9399999999999995
151.81,0.0,1.0,0.0,5.9399999999999995
151.99,0.0,1.0,0.0,5.9399999999999995
152.01,0.0,1.0,0.0,5.9399999999999995
152.19,0.0,1.0,0.0,5.9399999999999995
152.21,0.0,1.0,0.0,5.9399999999999995
152.39,0.0,1.0,0.0,5.9399999999999995
152.41,0.0,1.0,0.0,5.9399999999999995
152.59,0.0,1.0,0.0,5.9399999999999995
152.61,0.0,1.0,0.0,5.9399999999999995
152.79,0.0,1.0,0.0,5.9399999999999995
152.81,0.0,1.0,0.0,5.9399999999999995
152.99,0.0,1.0,0.0,5.9399999999999995
153.01,0.0,1.0,0.0,5.9399999999999995
153.19,0.0,1.0,0.0,5.9399999999999995
153.21,0.0,1.0,0.0,5.9399999999999995
153.39,0.0,1.0,0.0,5.9399999999999995
153.41,0.0,1.0,0.0,5.9399999999999995
153.59,0.0,1.0,0.0,5.9399999999999995
153.61,0.0,1.0,0.0,5.9399999999999995
153.79,0.0,1.0,0.0,5.9399999999999995
153.81,0.0,1.0,0.0,5.9399999999999995
153.99,0.0,1.0,0.0,5.9399999999999995
154.01,0.0,1.0,0.0,5.9399999999999995
154.19,0.0,1.0,0.0,5.9399999999999995
154.21,0.0,1.0,0.0,5.9399999999999995
154.39,0.0,1.0,0.0,5.9399999999999995
154.41,0.0,1.0,0.0,5.9399999999999995
154.59,0.0,1.0,0.0,5.9399999999999995
154.61,0.0,1.0,0.0,5.9399999999999995
154.79,0.0,1.0,0.0,5.9399999999999995
154.81,0.0,1.0,0.0,5.9399999999999995
154.99,0.0,1.0,0.0,5.9399999999999995
155.01,0.0,1.0,0.0,5.9399999999999995
155.19,0.0,1.0,0.0,5.9399999999999995
155.21,0.0,1.0,0.0,5.9399999999999995
155.39,0.0,1.0,0.0,5.9399999999999995
155.41,0.0,1.0,0.0,5.9399999999999995
155.59,0.0,1.0,0.0,5.9399999999999995
155.61,0.0,1.0,0.0,5.9399999999999995
155.79,0.0,1.0,0.0,5.9399999999999995
155.81,0.0,1.0,0.0,5.9399999999999995
155.99,0.0,1.0,0.0,5.9399999999999995
156.01,0.0,1.0,0.0,5.9399999999999995
156.19,0.0,1.0,0.0,5.9399999999999995
156.21,0.0,1.0,0.0,5.9399999999999995
156.39,0.0,1.0,0.0,5.9399999999999995
156.41,0.0,1.0,0.0,5.9399999999999995
156.59,0.0,1.0,0.0,5.9399999999999995
156.61,0.0,1.0,0.0,5.9399999999999995
156.79,0.0,1.0,0.0,5.9399999999999995
156.81,0.0,1.0,0.0,5.9399999999999995
156.99,0.0,1.0,0.0,5.9399999999999995
157.01,0.0,1.0,0.0,5.9399999999999995
157.19,0.0,1.0,0.0,5.9399999999999995
157.21,0.0,1.0,0.0,5.9399999999999995
157.39,0.0,1.0,0.0,5.9399999999999995
157.41,0.0,1.0,0.0,5.9399999999999995
157.59,0.0,1.0,0.0,5.9399999999999995
157.61,0.0,1.0,0.0,5.9399999999999995
157.79,0.0,1.0,0.0,5.9399999999999995
157.81,0.0,1.0,0.0,5.9399999999999995
157.99,0.0,1.0,0.0,5.9399999999999995
158.01,0.0,1.0,0.0,5.9399999999999995
158.19,0.0,1.0,0.0,5.9399999999999995
158.21,0.0,1.0,0.0,5.9399999999999995
158.39,0.0,1.0,0.0,5.9399999999999995
158.41,0.0,1.0,0.0,5.9399999999999995
158.59,0.0,1.0,0.0,5.9399999999999995
158.61,0.0,1.0,0.0,5.9399999999999995
158.79,0.0,1.0,0.0,5.9399999999999995
158.81,0.0,1.0,0.0,5.9399999999999995
158.99,0.0,1.0,0.0,5.9399999999999995
159.01,0.0,1.0,0.0,5.9399999999999995
159.19,0.0,1.0,0.0,5.9399999999999995
159.21,0.0,1.0,0.0,5.9399999999999995
159.39,0.0,1.0,0.0,5.9399999999999995
159.41,0.0,1.0,0.0,5.9399999999999995
159.59,0.0,1.0,0.0,5.9399999999999995
159.61,0.0,1.0,0.0,5.9399999999999995
159.79,0.0,1.0,0.0,5.9399999999999995
159.81,0.0,1.0,0.0,5.9399999999999995
159.99,0.0,1.0,0.0,5.9399999999999995
160.01,0.0,1.0,0.0,5.9399999999999995
160.19,0.0,1.0,0.0,5.9399999999999995
160.21,0.0,1.0,0.0,5.9399999999999995
160.39,0.0,1.0,0.0,5.9399999999999995
160.41,0.0,1.0,0.0,5.9399999999999995
160.59,0.0,1.0,0.0,5.9399999999999995
160.61,0.0,1.0,0.0,5.9399999999999995
160.79,0.0,1.0,0.0,5.9399999999999995
160.81,0.0,1.0,0.0,5.9399999999999995
160.99,0.0,1.0,0.0,5.9399999999999995
161.01,0.0,1.0,0.0,5.9399999999999995
161.19,0.0,1.0,0.0,5.9399999999999995
161.21,0.0,1.0,0.0,5.9399999999999995
161.39,0.0,1.0,0.0,5.9399999999999995
161.41,0.0,1.0,0.0,5.9399999999999995
161.59,0.0,1.0,0.0,5.9399999999999995
161.61,0.0,1.0,0.0,5.9399999999999995
161.79,0.0,1.0,0.0,5.9399999999999995
161.81,0.0,1.0,0.0,5.9399999999999995
161.99,0.0,1.0,0.0,5.9399999999999995
162.01,0.0,1.0,0.0,5.9399999999999995
162.19,0.0,1.0,0.0,5.9399999999999995
162.21,0.0,1.0,0.0,5.9399999999999995
162.39,0.0,1.0,0.0,5.9399999999999995
162.41,0.0,1.0,0.0,5.9399999999999995
162.59,0.0,1.0,0.0,5.9399999999999995
162.61,0.0,1.0,0.0,5.9399999999999995
162.79,0.0,1.0,0.0,5.9399999999999995
162.81,0.0,1.0,0.0,5.9399999999999995
162.99,0.0,1.0,0.0,5.9399999999999995
163.01,0.0,1.0,0.0,5.9399999999999995
163.19,0.0,1.0,0.0,5.9399999999999995
163.21,0.0,1.0,0.0,5.9399999999999995
163.39,0.0,1.0,0.0,5.9399999999999995
163.41,0.0,1.0,0.0,5.9399999999999995
163.59,0.0,1.0,0.0,5.9399999999999995
163.61,0.0,1.0,0.0,5.9399999999999995
163.79,0.0,1.0,0.0,5.9399999999999995
163.81,0.0,1.0,0.0,5.9399999999999995
163.99,0.0,1.0,0.0,5.9399999999999995
164.01,0.0,1.0,0.0,5.9399999999999995
164.19,0.0,1.0,0.0,5.9399999999999995
164.21,0.0,1.0,0.0,5.9399999999999995
164.39,0.0,1.0,0.0,5.9399999999999995
164.41,0.0,1.0,0.0,5.9399999999999995
164.59,0.0,1.0,0.0,5.9399999999999995
164.61,0.0,1.0,0.0,5.9399999999999995
164.79,0.0,1.0,0.0,5.9399999999999995
164.81,0.0,1.0,0.0,5.9399999999999995
164.99,0.0,1.0,0.0,5.9399999999999995
165.01,0.0,1.0,0.0,5.9399999999999995
165.19,0.0,1.0,0.0,5.9399999999999995
165.21,0.0,1.0,0.0,5.9399999999999995
165.39,0.0,1.0,0.0,5.9399999999999995
165.41,0.0,1.0,0.0,5.9399999999999995
165.59,0.0,1.0,0.0,5.9399999999999995
165.61,0.0,1.0,0.0,5.9399999999999995
165.79,0.0,1.0,0.0,5.9399999999999995
165.81,0.0,1.0,0.0,5.9399999999999995
165.99,0.0,1.0,0.0,5.9399999999999995
166.01,0.0,1.0,0.0,5.9399999999999995
166.19,0.0,1.0,0.0,5.9399999999999995
166.21,0.0,1.0,0.0,5.9399999999999995
166.39,0.0,1.0,0.0,5.9399999999999995
166.41,0.0,1.0,0.0,5.9399999999999995
166.59,0.0,1.0,0.0,5.9399999999999995
166.61,0.0,1.0,0.0,5.9399999999999995
166.79,0.0,1.0,0.0,5.9399999999999995
166.81,0.0,1.0,0.0,5.9399999999999995
166.99,0.0,1.0,0.0,5.9399999999999995
167.01,0.0,1.0,0.0,5.9399999999999995
167.19,0.0,1.0,0.0,5.9399999999999995
167.21,0.0,1.0,0.0,5.9399999999999995
167.39,0.0,1.0,0.0,5.9399999999999995
167.41,0.0,1.0,0.0,5.9399999999999995
167.59,0.0,1.0,0.0,5.9399999999999995
167.61,0.0,1.0,0.0,5.9399999999999995
167.79,0.0,1.0,0.0,5.9399999999999995
167.81,0.0,1.0,0.0,5.9399999999999995
167.99,0.0,1.0,0.0,5.9399999999999995
168.01,0.0,1.0,0.0,5.9399999999999995
168.19,0.0,1.0,0.0,5.9399999999999995
168.21,0.0,1.0,0.0,5.9399999999999995
168.39,0.0,1.0,0.0,5.9399999999999995
168.41,0.0,1.0,0.0,5.9399999999999995
168.59,0.0,1.0,0.0,5.9399999999999995
168.61,0.0,1.0,0.0,5.9399999999999995
168.79,0.0,1.0,0.0,5.9399999999999995
168.81,0.0,1.0,0.0,5.9399999999999995
168.99,0.0,1.0,0.0,5.9399999999999995
169.01,0.0,1.0,0.0,5.9399999999999995
169.19,0.0,1.0,0.0,5.9399999999999995
169.21,0.0,1.0,0.0,5.9399999999999995
169.39,0.0,1.0,0.0,5.9399999999999995
169.41,0.0,1.0,0.0,5.9399999999999995
169.59,0.0,1.0,0.0,5.9399999999999995
169.61,0.0,1.0,0.0,5.9399999999999995
169.79,0.0,1.0,0.0,5.9399999999999995
169.81,0.0,1.0,0.0,5.9399999999999995
169.99,0.0,1.0,0.0,5.9399999999999995
170.01,0.0,1.0,0.0,5.9399999999999995
170.19,0.0,1.0,0.0,5.9399999999999995
170.21,0.0,1.0,0.0,5.9399999999999995
170.39,0.0,1.0,0.0,5.9399999999999995
170.41,0.0,1.0,0.0,5.9399999999999995
170.59,0.0,1.0,0.0,5.9399999999999995
170.61,0.0,1.0,0.0,5.9399999999999995
170.79,0.0,1.0,0.0,5.9399999999999995
170.81,0.0,1.0,0.0,5.9399999999999995
170.99,0.0,1.0,0.0,5.9399999999999995
171.01,0.0,1.0,0.0,5.9399999999999995
171.19,0.0,1.0,0.0,5.9399999999999995
171.21,0.0,1.0,0.0,5.9399999999999995
171.39,0.0,1.0,0.0,5.9399999999999995
171.41,0.0,1.0,0.0,5.9399999999999995
171.59,0.0,1.0,0.0,5.9399999999999995
171.61,0.0,1.0,0.0,5.9399999999999995
171.79,0.0,1.0,0.0,5.9399999999999995
171.81,0.0,1.0,0.0,5.9399999999999995
171.99,0.0,1.0,0.0,5.9399999999999995
172.01,0.0,1.0,0.0,5.9399999999999995
172.19,0.0,1.0,0.0,5.9399999999999995
172.21,0.0,1.0,0.0,5.9399999999999995
172.39,0.0,1.0,0.0,5.9399999999999995
172.41,0.0,1.0,0.0,5.9399999999999995
172.59,0.0,1.0,0.0,5.9399999999999995
172.61,0.0,1.0,0.0,5.9399999999999995
172.79,0.0,1.0,0.0,5.9399999999999995
172.81,0.0,1.0,0.0,5.9399999999999995
172.99,0.0,1.0,0.0,5.9399999999999995
173.01,0.0,1.0,0.0,5.9399999999999995
173.19,0.0,1.0,0.0,5.9399999999999995
173.21,0.0,1.0,0.0,5.9399999999999995
173.39,0.0,1.0,0.0,5.9399999999999995
173.41,0.0,1.0,0.0,5.9399999999999995
173.59,0.0,1.0,0.0,5.9399999999999995
173.61,0.0,1.0,0.0,5.9399999999999995
173.79,0.0,1.0,0.0,5.9399999999999995
173.81,0.0,1.0,0.0,5.9399999999999995
173.99,0.0,1.0,0.0,5.9399999999999995
174.01,0.0,1.0,0.0,5.9399999999999995
174.19,0.0,1.0,0.0,5.9399999999999995
174.21,0.0,1.0,0.0,5.9399999999999995
174.39,0.0,1.0,0.0,5.9399999999999995
174.41,0.0,1.0,0.0,5.9399999999999995
174.59,0.0,1.0,0.0,5.9399999999999995
174.61,0.0,1.0,0.0,5.9399999999999995
174.79,0.0,1.0,0.0,5.9399999999999995
174.81,0.0,1.0,0.0,5.9399999999999995
174.99,0.0,1.0,0.0,5.9399999999999995
175.01,0.0,1.0,0.0,5.9399999999999995
175.19,0.0,1.0,0.0,5.9399999999999995
175.21,0.0,1.0,0.0,5.9399999999999995
175.39,0.0,1.0,0.0,5.9399999999999995
175.41,0.0,1.0,0.0,5.9399999999999995
175.59,0.0,1.0,0.0,5.9399999999999995
175.61,0.0,1.0,0.0,5.9399999999999995
175.79,0.0,1.0,0.0,5.9399999999999995
175.81,0.0,1.0,0.0,5.9399999999999995
175.99,0.0,1.0,0.0,5.9399999999999995
176.01,0.0,1.0,0.0,5.9399999999999995
176.19,0.0,1.0,0.0,5.9399999999999995
176.21,0.0,1.0,0.0,5.9399999999999995
176.39,0.0,1.0,0.0,5.9399999999999995
176.41,0.0,1.0,0.0,5.9399999999999995
176.59,0.0,1.0,0.0,5.9399999999999995
176.61,0.0,1.0,0.0,5.9399999999999995
176.79,0.0,1.0,0.0,5.9399999999999995
176.81,0.0,1.0,0.0,5.9399999999999995
176.99,0.0,1.0,0.0,5.9399999999999995
177.01,0.0,1.0,0.0,5.9399999999999995
177.19,0.0,1.0,0.0,5.9399999999999995
177.21,0.0,1.0,0.0,5.9399999999999995
177.39,0.0,1.0,0.0,5.9399999999999995
177.41,0.0,1.0,0.0,5.9399999999999995
177.59,0.0,1.0,0.0,5.9399999999999995
177.79,0.0,1.0,0.0,5.9399999999999995
177.99,0.0,1.0,0.0,5.9399999999999995
178.19,0.0,1.0,0.0,5.9399999999999995
178.39,0.0,1.0,0.0,5.9399999999999995
178.59,0.0,1.0,0.0,5.9399999999999995
178.79,0.0,1.0,0.0,5.9399999999999995
178.99,0.0,1.0,0.0,5.9399999999999995
179.19,0.0,1.0,0.0,5.9399999999999995
179.39,0.0,1.0,0.0,5.9399999999999995
