Time (seconds), Duration (seconds),pred_unlabelled,pred_circle,pred_shaking
0.01000,1.98000,0.10972,0.88999,0.00029
0.21000,1.98000,0.08412,0.91579,0.00008
0.41000,1.98000,0.07024,0.92973,0.00003
0.61000,1.98000,0.07912,0.92073,0.00015
0.81000,1.98000,0.09010,0.90913,0.00076
1.01000,1.98000,0.07614,0.92212,0.00174
1.21000,1.98000,0.06444,0.93326,0.00231
1.41000,1.98000,0.05708,0.94263,0.00030
1.61000,1.98000,0.05681,0.94307,0.00012
1.81000,1.98000,0.07236,0.92691,0.00073
2.01000,1.98000,0.08717,0.90671,0.00612
2.21000,1.98000,0.09491,0.88944,0.01564
2.41000,1.98000,0.07522,0.91436,0.01042
2.61000,1.98000,0.08382,0.91029,0.00589
2.81000,1.98000,0.07730,0.92175,0.00094
3.01000,1.98000,0.10286,0.89609,0.00105
3.21000,1.98000,0.11364,0.88037,0.00598
3.41000,1.98000,0.13163,0.85168,0.01669
3.61000,1.98000,0.08702,0.89298,0.02000
3.81000,1.98000,0.07458,0.92013,0.00529
4.01000,1.98000,0.07321,0.92567,0.00112
4.21000,1.98000,0.09796,0.90016,0.00188
4.41000,1.98000,0.10605,0.88865,0.00529
4.61000,1.98000,0.13219,0.83650,0.03131
4.81000,1.98000,0.07381,0.88502,0.04117
5.01000,1.98000,0.06541,0.86656,0.06803
5.21000,1.98000,0.06607,0.90877,0.02516
5.41000,1.98000,0.05760,0.93712,0.00527
5.61000,1.98000,0.11709,0.87190,0.01101
5.81000,1.98000,0.25370,0.73359,0.01272
6.01000,1.98000,0.29054,0.70157,0.00789
6.21000,1.98000,0.25212,0.72518,0.02270
6.41000,1.98000,0.33280,0.64197,0.02523
6.61000,1.98000,0.80882,0.15024,0.04095
6.81000,1.98000,0.85958,0.07192,0.06850
7.01000,1.98000,0.84543,0.04201,0.11256
7.21000,1.98000,0.73174,0.00732,0.26094
7.41000,1.98000,0.81399,0.00407,0.18194
7.61000,1.98000,0.67520,0.00150,0.32330
7.81000,1.98000,0.26752,0.00031,0.73217
8.01000,1.98000,0.07087,0.00027,0.92886
8.21000,1.98000,0.06773,0.00017,0.93210
8.41000,1.98000,0.04595,0.00007,0.95397
8.61000,1.98000,0.07230,0.00085,0.92685
8.81000,1.98000,0.06757,0.00061,0.93182
9.01000,1.98000,0.05879,0.00027,0.94094
9.21000,1.98000,0.07517,0.00063,0.92420
9.41000,1.98000,0.06803,0.00075,0.93121
9.61000,1.98000,0.08024,0.00154,0.91821
9.81000,1.98000,0.07902,0.00053,0.92045
10.01000,1.98000,0.06196,0.00055,0.93749
10.21000,1.98000,0.09038,0.00054,0.90908
10.41000,1.98000,0.06180,0.00039,0.93781
10.61000,1.98000,0.06606,0.00040,0.93354
10.81000,1.98000,0.08420,0.00035,0.91544
11.01000,1.98000,0.06834,0.00119,0.93047
11.21000,1.98000,0.23601,0.00269,0.76129
11.41000,1.98000,0.62507,0.00718,0.36774
11.61000,1.98000,0.95720,0.01387,0.02893
11.81000,1.98000,0.99387,0.00323,0.00290
12.01000,1.98000,0.99833,0.00144,0.00024
12.21000,1.98000,0.99955,0.00044,0.00001
12.41000,1.98000,0.99956,0.00044,0.00000
12.61000,1.98000,0.99985,0.00015,0.00000
12.81000,1.98000,0.99996,0.00004,0.00000
13.01000,1.98000,0.99999,0.00001,0.00000
13.21000,1.98000,1.00000,0.00000,0.00000
13.41000,1.98000,1.00000,0.00000,0.00000
13.61000,1.98000,1.00000,0.00000,0.00000
13.81000,1.98000,1.00000,0.00000,0.00000
14.01000,1.98000,1.00000,0.00000,0.00000
14.21000,1.98000,1.00000,0.00000,0.00000
14.41000,1.98000,1.00000,0.00000,0.00000
14.61000,1.98000,1.00000,0.00000,0.00000
14.81000,1.98000,1.00000,0.00000,0.00000
15.01000,1.98000,1.00000,0.00000,0.00000
15.21000,1.98000,1.00000,0.00000,0.00000
15.41000,1.98000,1.00000,0.00000,0.00000
15.61000,1.98000,1.00000,0.00000,0.00000
15.81000,1.98000,1.00000,0.00000,0.00000
16.01000,1.98000,1.00000,0.00000,0.00000
16.21000,1.98000,1.00000,0.00000,0.00000
16.41000,1.98000,1.00000,0.00000,0.00000
16.61000,1.98000,1.00000,0.00000,0.00000
16.81000,1.98000,0.99997,0.00003,0.00000
17.01000,1.98000,0.99987,0.00013,0.00000
17.21000,1.98000,0.99936,0.00064,0.00000
17.41000,1.98000,0.99729,0.00271,0.00000
17.61000,1.98000,0.98621,0.01378,0.00000
17.81000,1.98000,0.93538,0.06456,0.00006
18.01000,1.98000,0.70635,0.29337,0.00028
18.21000,1.98000,0.26423,0.73506,0.00072
18.41000,1.98000,0.09696,0.90218,0.00086
18.61000,1.98000,0.11470,0.88235,0.00295
18.81000,1.98000,0.11876,0.87612,0.00512
19.01000,1.98000,0.10769,0.88471,0.00760
19.21000,1.98000,0.09286,0.90465,0.00249
19.41000,1.98000,0.09775,0.89984,0.00241
19.61000,1.98000,0.11422,0.87916,0.00662
19.81000,1.98000,0.12023,0.87177,0.00800
20.01000,1.98000,0.12211,0.85030,0.02759
20.21000,1.98000,0.15118,0.82638,0.02244
20.41000,1.98000,0.14473,0.84921,0.00606
20.61000,1.98000,0.13863,0.85398,0.00738
20.81000,1.98000,0.15017,0.83863,0.01120
21.01000,1.98000,0.11768,0.87519,0.00713
21.21000,1.98000,0.10878,0.87475,0.01647
21.41000,1.98000,0.10380,0.88388,0.01232
21.61000,1.98000,0.09201,0.90394,0.00405
21.81000,1.98000,0.07209,0.92149,0.00641
22.01000,1.98000,0.07485,0.91905,0.00610
22.21000,1.98000,0.07813,0.89147,0.03040
22.41000,1.98000,0.06494,0.88881,0.04625
22.61000,1.98000,0.07725,0.89942,0.02332
22.81000,1.98000,0.04397,0.94056,0.01548
23.01000,1.98000,0.04442,0.92743,0.02815
23.21000,1.98000,0.04304,0.95006,0.00689
23.41000,1.98000,0.04984,0.93872,0.01144
23.61000,1.98000,0.22993,0.76647,0.00360
23.81000,1.98000,0.50099,0.49853,0.00048
24.01000,1.98000,0.39384,0.60540,0.00076
24.21000,1.98000,0.43032,0.56922,0.00046
24.41000,1.98000,0.48493,0.51335,0.00172
24.61000,1.98000,0.45060,0.54456,0.00484
24.81000,1.98000,0.49800,0.49520,0.00680
25.01000,1.98000,0.49281,0.50180,0.00539
25.21000,1.98000,0.37991,0.61829,0.00180
25.41000,1.98000,0.50170,0.49774,0.00056
25.61000,1.98000,0.28062,0.71506,0.00431
25.81000,1.98000,0.06538,0.89829,0.03633
26.01000,1.98000,0.03124,0.93357,0.03519
26.21000,1.98000,0.03175,0.86011,0.10813
26.41000,1.98000,0.01862,0.93493,0.04645
26.61000,1.98000,0.01951,0.95574,0.02475
26.81000,1.98000,0.02687,0.85834,0.11479
27.01000,1.98000,0.01746,0.65946,0.32307
27.21000,1.98000,0.01138,0.47961,0.50901
27.41000,1.98000,0.00600,0.22619,0.76781
27.61000,1.98000,0.01106,0.70927,0.27967
27.81000,1.98000,0.01497,0.79159,0.19344
28.01000,1.98000,0.01387,0.83806,0.14808
28.21000,1.98000,0.01867,0.86316,0.11817
28.41000,1.98000,0.02076,0.69228,0.28695
28.61000,1.98000,0.01744,0.59284,0.38972
28.81000,1.98000,0.03787,0.85298,0.10914
29.01000,1.98000,0.04026,0.84751,0.11222
29.21000,1.98000,0.03839,0.84309,0.11853
29.41000,1.98000,0.04068,0.76645,0.19287
29.61000,1.98000,0.03077,0.67525,0.29398
29.81000,1.98000,0.03124,0.68581,0.28295
30.01000,1.98000,0.03289,0.88989,0.07722
30.21000,1.98000,0.04305,0.86382,0.09313
30.41000,1.98000,0.04484,0.79917,0.15599
30.61000,1.98000,0.02335,0.81352,0.16313
30.81000,1.98000,0.01960,0.85325,0.12715
31.01000,1.98000,0.02326,0.69608,0.28066
31.21000,1.98000,0.03909,0.89809,0.06282
31.41000,1.98000,0.08286,0.88241,0.03473
31.61000,1.98000,0.20325,0.77275,0.02401
31.81000,1.98000,0.12999,0.85726,0.01274
32.01000,1.98000,0.26253,0.62921,0.10826
32.21000,1.98000,0.47166,0.37409,0.15426
32.41000,1.98000,0.82847,0.08594,0.08559
32.61000,1.98000,0.73393,0.03165,0.23442
32.81000,1.98000,0.78913,0.01284,0.19803
33.01000,1.98000,0.85536,0.00718,0.13746
33.21000,1.98000,0.81951,0.00076,0.17973
33.41000,1.98000,0.63847,0.00021,0.36133
33.61000,1.98000,0.21524,0.00011,0.78465
33.81000,1.98000,0.12922,0.00003,0.87075
34.01000,1.98000,0.14473,0.00004,0.85523
34.21000,1.98000,0.16149,0.00011,0.83839
34.41000,1.98000,0.14863,0.00002,0.85135
34.61000,1.98000,0.15044,0.00003,0.84953
34.81000,1.98000,0.11820,0.00002,0.88179
35.01000,1.98000,0.14978,0.00001,0.85021
35.21000,1.98000,0.17392,0.00006,0.82602
35.41000,1.98000,0.11702,0.00000,0.88298
35.61000,1.98000,0.12954,0.00000,0.87046
35.81000,1.98000,0.14638,0.00001,0.85361
36.01000,1.98000,0.09976,0.00000,0.90023
36.21000,1.98000,0.15520,0.00001,0.84479
36.41000,1.98000,0.13139,0.00001,0.86860
36.61000,1.98000,0.09445,0.00000,0.90555
36.81000,1.98000,0.25317,0.00003,0.74679
37.01000,1.98000,0.62579,0.00009,0.37413
37.21000,1.98000,0.49865,0.00003,0.50132
37.41000,1.98000,0.65933,0.00151,0.33916
37.61000,1.98000,0.55610,0.00157,0.44233
37.81000,1.98000,0.55876,0.00013,0.44111
38.01000,1.98000,0.58783,0.00033,0.41184
38.21000,1.98000,0.55323,0.00023,0.44653
38.41000,1.98000,0.90451,0.00005,0.09544
38.61000,1.98000,0.83506,0.00002,0.16493
38.81000,1.98000,0.63433,0.00000,0.36567
39.01000,1.98000,0.31702,0.00000,0.68298
39.21000,1.98000,0.44978,0.00000,0.55022
39.41000,1.98000,0.33264,0.00000,0.66736
39.61000,1.98000,0.32192,0.00000,0.67808
39.81000,1.98000,0.25206,0.00000,0.74794
40.01000,1.98000,0.31713,0.00000,0.68287
40.21000,1.98000,0.21152,0.00000,0.78848
40.41000,1.98000,0.24508,0.00000,0.75492
40.61000,1.98000,0.24112,0.00000,0.75888
40.81000,1.98000,0.16775,0.00000,0.83225
41.01000,1.98000,0.18091,0.00000,0.81909
41.21000,1.98000,0.10710,0.00000,0.89290
41.41000,1.98000,0.12032,0.00000,0.87968
41.61000,1.98000,0.19062,0.00000,0.80938
41.81000,1.98000,0.14508,0.00000,0.85492
42.01000,1.98000,0.13546,0.00000,0.86454
42.21000,1.98000,0.11411,0.00000,0.88589
42.41000,1.98000,0.16178,0.00000,0.83822
42.61000,1.98000,0.18598,0.00000,0.81402
42.81000,1.98000,0.18148,0.00000,0.81852
43.01000,1.98000,0.18511,0.00000,0.81489
43.21000,1.98000,0.12178,0.00000,0.87822
43.41000,1.98000,0.11514,0.00000,0.88486
43.61000,1.98000,0.18014,0.00000,0.81986
43.81000,1.98000,0.41935,0.00000,0.58065
44.01000,1.98000,0.75855,0.00001,0.24144
44.21000,1.98000,0.88558,0.00059,0.11383
44.41000,1.98000,0.98057,0.00100,0.01843
44.61000,1.98000,0.99098,0.00437,0.00465
44.81000,1.98000,0.99213,0.00737,0.00050
45.01000,1.98000,0.99771,0.00225,0.00004
45.21000,1.98000,0.99710,0.00290,0.00000
45.41000,1.98000,0.99837,0.00163,0.00000
45.61000,1.98000,0.99966,0.00034,0.00000
45.81000,1.98000,0.99996,0.00004,0.00000
46.01000,1.98000,0.99999,0.00001,0.00000
46.21000,1.98000,1.00000,0.00000,0.00000
46.41000,1.98000,1.00000,0.00000,0.00000
46.61000,1.98000,1.00000,0.00000,0.00000
46.81000,1.98000,1.00000,0.00000,0.00000
47.01000,1.98000,1.00000,0.00000,0.00000
47.21000,1.98000,1.00000,0.00000,0.00000
47.41000,1.98000,1.00000,0.00000,0.00000
47.61000,1.98000,0.99996,0.00004,0.00000
47.81000,1.98000,0.99981,0.00019,0.00000
48.01000,1.98000,0.99955,0.00045,0.00000
48.21000,1.98000,0.99959,0.00041,0.00000
48.41000,1.98000,0.99965,0.00035,0.00000
48.61000,1.98000,0.99970,0.00030,0.00000
48.81000,1.98000,0.99973,0.00027,0.00000
49.01000,1.98000,0.99987,0.00013,0.00000
49.21000,1.98000,0.99998,0.00002,0.00000
49.41000,1.98000,0.99999,0.00001,0.00000
49.61000,1.98000,1.00000,0.00000,0.00000
49.81000,1.98000,1.00000,0.00000,0.00000
50.01000,1.98000,1.00000,0.00000,0.00000
50.21000,1.98000,1.00000,0.00000,0.00000
50.41000,1.98000,1.00000,0.00000,0.00000
50.61000,1.98000,1.00000,0.00000,0.00000
50.81000,1.98000,1.00000,0.00000,0.00000
51.01000,1.98000,1.00000,0.00000,0.00000
51.21000,1.98000,1.00000,0.00000,0.00000
51.41000,1.98000,1.00000,0.00000,0.00000
51.61000,1.98000,1.00000,0.00000,0.00000
51.81000,1.98000,1.00000,0.00000,0.00000
52.01000,1.98000,1.00000,0.00000,0.00000
52.21000,1.98000,1.00000,0.00000,0.00000
52.41000,1.98000,1.00000,0.00000,0.00000
52.61000,1.98000,1.00000,0.00000,0.00000
52.81000,1.98000,1.00000,0.00000,0.00000
53.01000,1.98000,1.00000,0.00000,0.00000
53.21000,1.98000,1.00000,0.00000,0.00000
53.41000,1.98000,1.00000,0.00000,0.00000
