Time (seconds), Duration (seconds),pred_unlabelled,pred_circle,pred_shaking
0.01000,1.98000,0.16856,0.83102,0.00043
0.21000,1.98000,0.16433,0.83547,0.00020
0.41000,1.98000,0.12239,0.87713,0.00049
0.61000,1.98000,0.10039,0.89945,0.00017
0.81000,1.98000,0.08801,0.91178,0.00021
1.01000,1.98000,0.09340,0.90618,0.00042
1.21000,1.98000,0.09773,0.90198,0.00029
1.41000,1.98000,0.09767,0.90188,0.00044
1.61000,1.98000,0.11455,0.88521,0.00025
1.81000,1.98000,0.09575,0.90411,0.00014
2.01000,1.98000,0.11923,0.88006,0.00071
2.21000,1.98000,0.11155,0.88794,0.00051
2.41000,1.98000,0.10025,0.89937,0.00038
2.61000,1.98000,0.13205,0.86760,0.00035
2.81000,1.98000,0.11226,0.88765,0.00009
3.01000,1.98000,0.13730,0.86236,0.00034
3.21000,1.98000,0.14990,0.84919,0.00091
3.41000,1.98000,0.14252,0.85712,0.00036
3.61000,1.98000,0.38969,0.61015,0.00016
3.81000,1.98000,0.94281,0.05719,0.00000
4.01000,1.98000,0.99806,0.00194,0.00000
4.21000,1.98000,0.99994,0.00006,0.00000
4.41000,1.98000,1.00000,0.00000,0.00000
4.61000,1.98000,1.00000,0.00000,0.00000
4.81000,1.98000,1.00000,0.00000,0.00000
5.01000,1.98000,1.00000,0.00000,0.00000
5.21000,1.98000,1.00000,0.00000,0.00000
5.41000,1.98000,1.00000,0.00000,0.00000
5.61000,1.98000,1.00000,0.00000,0.00000
5.81000,1.98000,1.00000,0.00000,0.00000
6.01000,1.98000,1.00000,0.00000,0.00000
6.21000,1.98000,1.00000,0.00000,0.00000
6.41000,1.98000,1.00000,0.00000,0.00000
6.61000,1.98000,1.00000,0.00000,0.00000
6.81000,1.98000,1.00000,0.00000,0.00000
7.01000,1.98000,1.00000,0.00000,0.00000
7.21000,1.98000,1.00000,0.00000,0.00000
7.41000,1.98000,1.00000,0.00000,0.00000
7.61000,1.98000,1.00000,0.00000,0.00000
7.81000,1.98000,1.00000,0.00000,0.00000
8.01000,1.98000,1.00000,0.00000,0.00000
8.21000,1.98000,1.00000,0.00000,0.00000
8.41000,1.98000,1.00000,0.00000,0.00000
8.61000,1.98000,1.00000,0.00000,0.00000
8.81000,1.98000,1.00000,0.00000,0.00000
9.01000,1.98000,1.00000,0.00000,0.00000
9.21000,1.98000,1.00000,0.00000,0.00000
9.41000,1.98000,1.00000,0.00000,0.00000
9.61000,1.98000,1.00000,0.00000,0.00000
9.81000,1.98000,1.00000,0.00000,0.00000
10.01000,1.98000,1.00000,0.00000,0.00000
10.21000,1.98000,0.99995,0.00004,0.00000
10.41000,1.98000,0.99898,0.00077,0.00026
10.61000,1.98000,0.94100,0.01726,0.04173
10.81000,1.98000,0.15396,0.05689,0.78915
11.01000,1.98000,0.07008,0.02591,0.90401
11.21000,1.98000,0.06545,0.02766,0.90689
11.41000,1.98000,0.06944,0.02441,0.90615
11.61000,1.98000,0.06768,0.01802,0.91431
11.81000,1.98000,0.07862,0.01483,0.90655
12.01000,1.98000,0.08442,0.01635,0.89922
12.21000,1.98000,0.06195,0.02077,0.91729
12.41000,1.98000,0.06174,0.02268,0.91558
12.61000,1.98000,0.06108,0.02065,0.91827
12.81000,1.98000,0.06854,0.01860,0.91286
13.01000,1.98000,0.06252,0.02372,0.91375
13.21000,1.98000,0.05562,0.02438,0.92000
13.41000,1.98000,0.05710,0.02090,0.92200
13.61000,1.98000,0.05709,0.01994,0.92297
13.81000,1.98000,0.06094,0.01921,0.91985
14.01000,1.98000,0.53877,0.03666,0.42457
14.21000,1.98000,0.98677,0.00467,0.00856
14.41000,1.98000,0.99406,0.00381,0.00213
14.61000,1.98000,0.99471,0.00453,0.00076
14.81000,1.98000,0.99492,0.00453,0.00055
15.01000,1.98000,0.99331,0.00634,0.00035
15.21000,1.98000,0.98831,0.01156,0.00013
15.41000,1.98000,0.97902,0.02094,0.00004
15.61000,1.98000,0.97688,0.02310,0.00002
15.81000,1.98000,0.99092,0.00908,0.00000
16.01000,1.98000,0.92750,0.07240,0.00009
16.21000,1.98000,0.35961,0.63949,0.00090
16.41000,1.98000,0.16660,0.83241,0.00099
16.61000,1.98000,0.18797,0.80929,0.00274
16.81000,1.98000,0.17427,0.82399,0.00175
17.01000,1.98000,0.16419,0.83459,0.00122
17.21000,1.98000,0.15820,0.84074,0.00105
17.41000,1.98000,0.15394,0.84502,0.00104
17.61000,1.98000,0.15133,0.84741,0.00126
17.81000,1.98000,0.14872,0.85042,0.00086
18.01000,1.98000,0.13827,0.86103,0.00070
18.21000,1.98000,0.13480,0.86465,0.00055
18.41000,1.98000,0.14526,0.85405,0.00069
18.61000,1.98000,0.13936,0.85988,0.00076
18.81000,1.98000,0.14578,0.85357,0.00065
19.01000,1.98000,0.13735,0.86213,0.00053
19.21000,1.98000,0.14608,0.85339,0.00053
19.41000,1.98000,0.17782,0.82054,0.00164
19.61000,1.98000,0.15302,0.84645,0.00053
19.81000,1.98000,0.16357,0.83588,0.00055
20.01000,1.98000,0.16870,0.82934,0.00196
20.21000,1.98000,0.15934,0.83785,0.00282
20.41000,1.98000,0.17183,0.82527,0.00291
20.61000,1.98000,0.13102,0.86803,0.00095
20.81000,1.98000,0.14125,0.85301,0.00574
21.01000,1.98000,0.15583,0.83224,0.01194
21.21000,1.98000,0.13500,0.86025,0.00474
21.41000,1.98000,0.12959,0.86519,0.00522
21.61000,1.98000,0.12334,0.86838,0.00828
21.81000,1.98000,0.13006,0.85639,0.01354
22.01000,1.98000,0.11945,0.87203,0.00851
22.21000,1.98000,0.13741,0.84268,0.01991
22.41000,1.98000,0.13192,0.85385,0.01423
22.61000,1.98000,0.14477,0.82904,0.02619
22.81000,1.98000,0.13127,0.86362,0.00511
23.01000,1.98000,0.12691,0.86727,0.00582
23.21000,1.98000,0.10537,0.89016,0.00447
23.41000,1.98000,0.12189,0.86302,0.01509
23.61000,1.98000,0.12218,0.87099,0.00683
23.81000,1.98000,0.15348,0.83979,0.00674
24.01000,1.98000,0.55343,0.44538,0.00119
24.21000,1.98000,0.74748,0.25170,0.00081
24.41000,1.98000,0.63377,0.36548,0.00075
24.61000,1.98000,0.62853,0.37110,0.00037
24.81000,1.98000,0.62989,0.36937,0.00074
25.01000,1.98000,0.62066,0.37755,0.00179
25.21000,1.98000,0.62622,0.37258,0.00120
25.41000,1.98000,0.58140,0.41791,0.00070
25.61000,1.98000,0.55026,0.44863,0.00111
25.81000,1.98000,0.70558,0.29428,0.00014
26.01000,1.98000,0.15155,0.84680,0.00165
26.21000,1.98000,0.05977,0.93683,0.00340
26.41000,1.98000,0.05708,0.93742,0.00550
26.61000,1.98000,0.05311,0.92990,0.01699
26.81000,1.98000,0.06849,0.92483,0.00668
27.01000,1.98000,0.04282,0.95217,0.00500
27.21000,1.98000,0.05710,0.93119,0.01171
27.41000,1.98000,0.05635,0.93517,0.00848
27.61000,1.98000,0.05266,0.93063,0.01672
27.81000,1.98000,0.07850,0.91247,0.00903
28.01000,1.98000,0.07814,0.91511,0.00675
28.21000,1.98000,0.07647,0.91094,0.01258
28.41000,1.98000,0.08323,0.90067,0.01610
28.61000,1.98000,0.08204,0.89831,0.01965
28.81000,1.98000,0.09376,0.89202,0.01422
29.01000,1.98000,0.09783,0.89548,0.00669
29.21000,1.98000,0.08240,0.90881,0.00879
29.41000,1.98000,0.08839,0.89902,0.01259
29.61000,1.98000,0.08072,0.91163,0.00765
29.81000,1.98000,0.07490,0.91563,0.00947
30.01000,1.98000,0.10358,0.89249,0.00393
30.21000,1.98000,0.09278,0.90333,0.00389
30.41000,1.98000,0.09962,0.89581,0.00457
30.61000,1.98000,0.08628,0.91273,0.00100
30.81000,1.98000,0.09372,0.90299,0.00329
31.01000,1.98000,0.13132,0.86290,0.00579
31.21000,1.98000,0.08913,0.90671,0.00416
31.41000,1.98000,0.08970,0.90760,0.00270
31.61000,1.98000,0.08823,0.90951,0.00227
31.81000,1.98000,0.10428,0.89152,0.00420
32.01000,1.98000,0.10267,0.89102,0.00631
32.21000,1.98000,0.08941,0.89157,0.01902
32.41000,1.98000,0.08187,0.88339,0.03474
32.61000,1.98000,0.09635,0.87505,0.02860
32.81000,1.98000,0.11651,0.85031,0.03318
33.01000,1.98000,0.14968,0.82167,0.02865
33.21000,1.98000,0.13206,0.79781,0.07013
33.41000,1.98000,0.10934,0.83674,0.05392
33.61000,1.98000,0.11941,0.86102,0.01957
33.81000,1.98000,0.10747,0.86925,0.02328
34.01000,1.98000,0.12646,0.85422,0.01932
34.21000,1.98000,0.10326,0.86589,0.03085
34.41000,1.98000,0.08332,0.90552,0.01116
34.61000,1.98000,0.07496,0.91946,0.00558
34.81000,1.98000,0.07321,0.91933,0.00746
35.01000,1.98000,0.07868,0.91369,0.00763
35.21000,1.98000,0.07276,0.92012,0.00712
35.41000,1.98000,0.09812,0.88644,0.01545
35.61000,1.98000,0.10847,0.86227,0.02926
35.81000,1.98000,0.15027,0.81579,0.03394
36.01000,1.98000,0.17848,0.80616,0.01536
36.21000,1.98000,0.16967,0.80364,0.02669
36.41000,1.98000,0.18024,0.77596,0.04379
36.61000,1.98000,0.17860,0.80393,0.01747
36.81000,1.98000,0.22881,0.75418,0.01701
37.01000,1.98000,0.25456,0.71365,0.03179
37.21000,1.98000,0.21829,0.77120,0.01051
37.41000,1.98000,0.20229,0.78054,0.01717
37.61000,1.98000,0.15311,0.83315,0.01375
37.81000,1.98000,0.14495,0.85040,0.00465
38.01000,1.98000,0.15450,0.83467,0.01083
38.21000,1.98000,0.15015,0.84297,0.00688
38.41000,1.98000,0.17243,0.82415,0.00343
38.61000,1.98000,0.17461,0.81970,0.00569
38.81000,1.98000,0.14448,0.85232,0.00320
39.01000,1.98000,0.14634,0.85093,0.00273
39.21000,1.98000,0.14978,0.84384,0.00638
39.41000,1.98000,0.15792,0.83741,0.00467
39.61000,1.98000,0.22132,0.77689,0.00179
39.81000,1.98000,0.15468,0.84170,0.00362
40.01000,1.98000,0.13672,0.85940,0.00388
40.21000,1.98000,0.15334,0.84343,0.00323
40.41000,1.98000,0.15505,0.83249,0.01246
40.61000,1.98000,0.14541,0.84001,0.01458
40.81000,1.98000,0.14425,0.85119,0.00456
41.01000,1.98000,0.12787,0.86722,0.00491
41.21000,1.98000,0.12005,0.87751,0.00244
41.41000,1.98000,0.20730,0.79043,0.00227
41.61000,1.98000,0.14807,0.84476,0.00717
41.81000,1.98000,0.17605,0.81259,0.01136
42.01000,1.98000,0.27047,0.71148,0.01805
42.21000,1.98000,0.24240,0.74257,0.01503
42.41000,1.98000,0.22378,0.75877,0.01745
42.61000,1.98000,0.23525,0.73723,0.02752
42.81000,1.98000,0.24423,0.63741,0.11836
43.01000,1.98000,0.25996,0.59310,0.14693
43.21000,1.98000,0.51591,0.44351,0.04058
43.41000,1.98000,0.23318,0.68300,0.08382
43.61000,1.98000,0.21000,0.68426,0.10574
43.81000,1.98000,0.27542,0.68789,0.03669
44.01000,1.98000,0.15259,0.70362,0.14379
44.21000,1.98000,0.17728,0.73488,0.08785
44.41000,1.98000,0.19057,0.76005,0.04939
44.61000,1.98000,0.16262,0.75657,0.08081
44.81000,1.98000,0.15695,0.78325,0.05980
45.01000,1.98000,0.15125,0.65970,0.18905
45.21000,1.98000,0.11950,0.46439,0.41611
45.41000,1.98000,0.17797,0.61460,0.20743
45.61000,1.98000,0.15642,0.67508,0.16850
45.81000,1.98000,0.14745,0.67662,0.17594
46.01000,1.98000,0.15033,0.73321,0.11647
46.21000,1.98000,0.11508,0.57062,0.31429
46.41000,1.98000,0.13325,0.52633,0.34041
46.61000,1.98000,0.16593,0.57593,0.25814
46.81000,1.98000,0.13248,0.63319,0.23433
47.01000,1.98000,0.14311,0.66566,0.19122
47.21000,1.98000,0.12685,0.61029,0.26286
47.41000,1.98000,0.10646,0.47573,0.41782
47.61000,1.98000,0.15540,0.62195,0.22266
47.81000,1.98000,0.14753,0.68143,0.17104
48.01000,1.98000,0.14014,0.70255,0.15731
48.21000,1.98000,0.14336,0.77287,0.08378
48.41000,1.98000,0.16746,0.75466,0.07788
48.61000,1.98000,0.43685,0.54402,0.01913
48.81000,1.98000,0.94406,0.05566,0.00028
49.01000,1.98000,0.99762,0.00238,0.00000
49.21000,1.98000,0.99992,0.00008,0.00000
49.41000,1.98000,1.00000,0.00000,0.00000
49.61000,1.98000,1.00000,0.00000,0.00000
49.81000,1.98000,1.00000,0.00000,0.00000
50.01000,1.98000,1.00000,0.00000,0.00000
50.21000,1.98000,1.00000,0.00000,0.00000
50.41000,1.98000,1.00000,0.00000,0.00000
50.61000,1.98000,1.00000,0.00000,0.00000
50.81000,1.98000,1.00000,0.00000,0.00000
51.01000,1.98000,1.00000,0.00000,0.00000
51.21000,1.98000,1.00000,0.00000,0.00000
51.41000,1.98000,1.00000,0.00000,0.00000
51.61000,1.98000,1.00000,0.00000,0.00000
51.81000,1.98000,1.00000,0.00000,0.00000
52.01000,1.98000,1.00000,0.00000,0.00000
52.21000,1.98000,1.00000,0.00000,0.00000
52.41000,1.98000,1.00000,0.00000,0.00000
52.61000,1.98000,1.00000,0.00000,0.00000
52.81000,1.98000,1.00000,0.00000,0.00000
53.01000,1.98000,1.00000,0.00000,0.00000
53.21000,1.98000,1.00000,0.00000,0.00000
53.41000,1.98000,1.00000,0.00000,0.00000
53.61000,1.98000,1.00000,0.00000,0.00000
53.81000,1.98000,1.00000,0.00000,0.00000
54.01000,1.98000,1.00000,0.00000,0.00000
54.21000,1.98000,1.00000,0.00000,0.00000
54.41000,1.98000,1.00000,0.00000,0.00000
54.61000,1.98000,1.00000,0.00000,0.00000
54.81000,1.98000,1.00000,0.00000,0.00000
55.01000,1.98000,1.00000,0.00000,0.00000
55.21000,1.98000,1.00000,0.00000,0.00000
55.41000,1.98000,1.00000,0.00000,0.00000
55.61000,1.98000,1.00000,0.00000,0.00000
55.81000,1.98000,1.00000,0.00000,0.00000
56.01000,1.98000,1.00000,0.00000,0.00000
56.21000,1.98000,1.00000,0.00000,0.00000
56.41000,1.98000,1.00000,0.00000,0.00000
56.61000,1.98000,1.00000,0.00000,0.00000
56.81000,1.98000,1.00000,0.00000,0.00000
57.01000,1.98000,1.00000,0.00000,0.00000
