Time (seconds), Duration (seconds),pred_(unlabeled),pred_On,pred_Off,pred_Dimmer,pred_Lighter
0.01000,1.98000,0.99509,0.00028,0.00113,0.00233,0.00118
0.21000,1.98000,0.99598,0.00031,0.00107,0.00179,0.00085
0.41000,1.98000,0.99710,0.00028,0.00051,0.00168,0.00043
0.61000,1.98000,0.99694,0.00030,0.00069,0.00168,0.00039
0.81000,1.98000,0.99682,0.00016,0.00056,0.00194,0.00053
1.01000,1.98000,0.99792,0.00015,0.00032,0.00136,0.00025
1.21000,1.98000,0.99977,0.00008,0.00005,0.00006,0.00003
1.41000,1.98000,0.99931,0.00041,0.00011,0.00008,0.00009
1.61000,1.98000,0.99969,0.00022,0.00006,0.00001,0.00003
1.81000,1.98000,0.99858,0.00138,0.00003,0.00000,0.00000
2.01000,1.98000,0.99911,0.00080,0.00008,0.00000,0.00001
2.21000,1.98000,0.98101,0.01874,0.00014,0.00001,0.00009
2.41000,1.98000,0.95267,0.04671,0.00030,0.00002,0.00030
2.61000,1.98000,0.93092,0.06843,0.00035,0.00003,0.00027
2.81000,1.98000,0.94571,0.05370,0.00031,0.00003,0.00026
3.01000,1.98000,0.96597,0.03353,0.00031,0.00002,0.00017
3.21000,1.98000,0.99536,0.00433,0.00028,0.00000,0.00002
3.41000,1.98000,0.99280,0.00625,0.00068,0.00008,0.00019
3.61000,1.98000,0.99695,0.00194,0.00064,0.00021,0.00024
3.81000,1.98000,0.99918,0.00026,0.00024,0.00017,0.00015
4.01000,1.98000,0.99960,0.00030,0.00004,0.00004,0.00001
4.21000,1.98000,0.99837,0.00136,0.00016,0.00007,0.00004
4.41000,1.98000,0.99824,0.00159,0.00013,0.00002,0.00003
4.61000,1.98000,0.99864,0.00114,0.00022,0.00000,0.00001
4.81000,1.98000,0.99300,0.00666,0.00029,0.00000,0.00005
5.01000,1.98000,0.95583,0.04336,0.00053,0.00003,0.00025
5.21000,1.98000,0.89540,0.10321,0.00063,0.00018,0.00058
5.41000,1.98000,0.88182,0.11661,0.00104,0.00012,0.00041
5.61000,1.98000,0.89599,0.10241,0.00086,0.00020,0.00054
5.81000,1.98000,0.95213,0.04653,0.00113,0.00005,0.00016
6.01000,1.98000,0.99661,0.00278,0.00054,0.00002,0.00005
6.21000,1.98000,0.99357,0.00241,0.00271,0.00066,0.00065
6.41000,1.98000,0.99514,0.00153,0.00095,0.00195,0.00042
6.61000,1.98000,0.99446,0.00072,0.00057,0.00387,0.00039
6.81000,1.98000,0.99713,0.00036,0.00068,0.00167,0.00017
7.01000,1.98000,0.99614,0.00022,0.00075,0.00258,0.00030
7.21000,1.98000,0.99576,0.00022,0.00090,0.00277,0.00035
7.41000,1.98000,0.99628,0.00021,0.00072,0.00248,0.00031
7.61000,1.98000,0.99656,0.00021,0.00064,0.00230,0.00028
7.81000,1.98000,0.99705,0.00021,0.00053,0.00193,0.00028
8.01000,1.98000,0.99725,0.00021,0.00046,0.00183,0.00026
8.21000,1.98000,0.99753,0.00019,0.00039,0.00165,0.00024
8.41000,1.98000,0.99953,0.00015,0.00011,0.00017,0.00003
8.61000,1.98000,0.99902,0.00051,0.00016,0.00023,0.00009
8.81000,1.98000,0.99802,0.00176,0.00012,0.00006,0.00004
9.01000,1.98000,0.99860,0.00122,0.00016,0.00001,0.00002
9.21000,1.98000,0.99876,0.00094,0.00028,0.00000,0.00001
9.41000,1.98000,0.99424,0.00542,0.00025,0.00001,0.00008
9.61000,1.98000,0.89450,0.10247,0.00210,0.00017,0.00076
9.81000,1.98000,0.92048,0.07758,0.00118,0.00020,0.00056
10.01000,1.98000,0.88340,0.11293,0.00263,0.00023,0.00081
10.21000,1.98000,0.90465,0.09337,0.00126,0.00019,0.00053
10.41000,1.98000,0.98191,0.01547,0.00246,0.00003,0.00013
10.61000,1.98000,0.99785,0.00154,0.00050,0.00005,0.00006
10.81000,1.98000,0.99055,0.00267,0.00484,0.00122,0.00072
11.01000,1.98000,0.99521,0.00115,0.00097,0.00234,0.00033
11.21000,1.98000,0.99503,0.00112,0.00076,0.00288,0.00021
11.41000,1.98000,0.99817,0.00041,0.00053,0.00083,0.00007
11.61000,1.98000,0.99619,0.00030,0.00055,0.00274,0.00022
11.81000,1.98000,0.99537,0.00041,0.00069,0.00324,0.00029
12.01000,1.98000,0.99600,0.00034,0.00061,0.00282,0.00023
12.21000,1.98000,0.99597,0.00032,0.00063,0.00280,0.00028
12.41000,1.98000,0.99644,0.00028,0.00058,0.00243,0.00027
12.61000,1.98000,0.99797,0.00023,0.00048,0.00113,0.00018
12.81000,1.98000,0.99896,0.00046,0.00012,0.00038,0.00008
13.01000,1.98000,0.99810,0.00152,0.00016,0.00012,0.00010
13.21000,1.98000,0.99677,0.00314,0.00006,0.00001,0.00002
13.41000,1.98000,0.99576,0.00416,0.00006,0.00000,0.00001
13.61000,1.98000,0.99436,0.00552,0.00012,0.00000,0.00000
13.81000,1.98000,0.97749,0.02241,0.00009,0.00000,0.00001
14.01000,1.98000,0.79902,0.20085,0.00010,0.00001,0.00003
14.21000,1.98000,0.83158,0.16816,0.00019,0.00001,0.00006
14.41000,1.98000,0.76163,0.23802,0.00028,0.00001,0.00006
14.61000,1.98000,0.89322,0.10636,0.00037,0.00001,0.00005
14.81000,1.98000,0.97384,0.02556,0.00057,0.00001,0.00003
15.01000,1.98000,0.99280,0.00668,0.00041,0.00003,0.00007
15.21000,1.98000,0.99548,0.00313,0.00093,0.00029,0.00017
15.41000,1.98000,0.99674,0.00108,0.00109,0.00083,0.00027
15.61000,1.98000,0.99784,0.00057,0.00034,0.00112,0.00013
15.81000,1.98000,0.99718,0.00038,0.00081,0.00144,0.00020
16.01000,1.98000,0.99322,0.00030,0.00157,0.00436,0.00055
16.21000,1.98000,0.99625,0.00019,0.00104,0.00226,0.00027
16.41000,1.98000,0.99666,0.00025,0.00060,0.00223,0.00027
16.61000,1.98000,0.99694,0.00021,0.00052,0.00203,0.00029
16.81000,1.98000,0.99701,0.00023,0.00047,0.00199,0.00030
17.01000,1.98000,0.99666,0.00027,0.00054,0.00216,0.00037
17.21000,1.98000,0.99711,0.00026,0.00045,0.00186,0.00032
17.41000,1.98000,0.99942,0.00017,0.00013,0.00021,0.00007
17.61000,1.98000,0.99803,0.00102,0.00044,0.00021,0.00030
17.81000,1.98000,0.99863,0.00115,0.00015,0.00002,0.00005
18.01000,1.98000,0.99345,0.00636,0.00014,0.00001,0.00004
18.21000,1.98000,0.98821,0.01156,0.00020,0.00000,0.00003
18.41000,1.98000,0.98425,0.01560,0.00013,0.00000,0.00002
18.61000,1.98000,0.84937,0.14983,0.00023,0.00010,0.00047
18.81000,1.98000,0.60359,0.39506,0.00028,0.00036,0.00071
19.01000,1.98000,0.61861,0.37994,0.00041,0.00047,0.00056
19.21000,1.98000,0.71447,0.28452,0.00042,0.00029,0.00030
19.41000,1.98000,0.94637,0.05306,0.00036,0.00012,0.00009
19.61000,1.98000,0.97715,0.02142,0.00025,0.00105,0.00014
19.81000,1.98000,0.98341,0.00974,0.00063,0.00584,0.00039
20.01000,1.98000,0.98809,0.00295,0.00054,0.00810,0.00031
20.21000,1.98000,0.98707,0.00115,0.00052,0.01089,0.00037
20.41000,1.98000,0.99726,0.00040,0.00036,0.00190,0.00009
20.61000,1.98000,0.99671,0.00030,0.00056,0.00231,0.00012
20.81000,1.98000,0.99520,0.00036,0.00090,0.00332,0.00023
21.01000,1.98000,0.99664,0.00027,0.00059,0.00222,0.00027
21.21000,1.98000,0.99605,0.00028,0.00071,0.00256,0.00040
21.41000,1.98000,0.99651,0.00029,0.00057,0.00226,0.00038
21.61000,1.98000,0.99685,0.00021,0.00056,0.00206,0.00032
21.81000,1.98000,0.99684,0.00025,0.00058,0.00194,0.00040
22.01000,1.98000,0.99866,0.00029,0.00037,0.00053,0.00015
22.21000,1.98000,0.99811,0.00069,0.00045,0.00055,0.00019
22.41000,1.98000,0.99570,0.00140,0.00096,0.00160,0.00034
22.61000,1.98000,0.99334,0.00239,0.00133,0.00238,0.00056
22.81000,1.98000,0.99115,0.00393,0.00150,0.00253,0.00089
23.01000,1.98000,0.99369,0.00365,0.00055,0.00152,0.00061
23.21000,1.98000,0.98533,0.00959,0.00086,0.00284,0.00138
23.41000,1.98000,0.98742,0.00853,0.00073,0.00212,0.00121
23.61000,1.98000,0.97823,0.01539,0.00133,0.00277,0.00228
23.81000,1.98000,0.98879,0.00938,0.00059,0.00058,0.00066
24.01000,1.98000,0.98089,0.01327,0.00116,0.00264,0.00204
24.21000,1.98000,0.98332,0.01014,0.00102,0.00371,0.00181
24.41000,1.98000,0.99680,0.00256,0.00025,0.00014,0.00026
24.61000,1.98000,0.99066,0.00667,0.00034,0.00087,0.00146
24.81000,1.98000,0.98566,0.01335,0.00017,0.00025,0.00058
25.01000,1.98000,0.98241,0.01639,0.00055,0.00014,0.00051
25.21000,1.98000,0.97048,0.02868,0.00037,0.00006,0.00041
25.41000,1.98000,0.92348,0.07580,0.00026,0.00010,0.00036
25.61000,1.98000,0.81817,0.18029,0.00035,0.00036,0.00084
25.81000,1.98000,0.78292,0.21553,0.00036,0.00057,0.00062
26.01000,1.98000,0.85702,0.14008,0.00061,0.00099,0.00131
26.21000,1.98000,0.82465,0.17377,0.00039,0.00067,0.00051
26.41000,1.98000,0.98694,0.01251,0.00041,0.00005,0.00009
26.61000,1.98000,0.99359,0.00607,0.00021,0.00008,0.00004
26.81000,1.98000,0.99709,0.00151,0.00061,0.00055,0.00023
27.01000,1.98000,0.99420,0.00333,0.00029,0.00195,0.00022
27.21000,1.98000,0.99622,0.00126,0.00077,0.00152,0.00023
27.41000,1.98000,0.99326,0.00095,0.00156,0.00389,0.00035
27.61000,1.98000,0.99283,0.00089,0.00117,0.00436,0.00075
27.81000,1.98000,0.99435,0.00058,0.00090,0.00345,0.00073
28.01000,1.98000,0.99406,0.00060,0.00101,0.00342,0.00092
28.21000,1.98000,0.99666,0.00036,0.00065,0.00180,0.00054
28.41000,1.98000,0.99748,0.00071,0.00029,0.00099,0.00054
28.61000,1.98000,0.99791,0.00144,0.00028,0.00020,0.00017
28.81000,1.98000,0.99719,0.00143,0.00059,0.00020,0.00059
29.01000,1.98000,0.99378,0.00515,0.00075,0.00006,0.00026
29.21000,1.98000,0.99023,0.00850,0.00041,0.00008,0.00078
29.41000,1.98000,0.95263,0.04419,0.00031,0.00082,0.00205
29.61000,1.98000,0.86958,0.12287,0.00053,0.00207,0.00497
29.81000,1.98000,0.84100,0.15213,0.00074,0.00231,0.00382
30.01000,1.98000,0.82622,0.16455,0.00078,0.00346,0.00500
30.21000,1.98000,0.96776,0.02964,0.00061,0.00062,0.00136
30.41000,1.98000,0.98834,0.01035,0.00035,0.00036,0.00059
30.61000,1.98000,0.99095,0.00559,0.00090,0.00162,0.00094
30.81000,1.98000,0.98650,0.00446,0.00070,0.00653,0.00180
31.01000,1.98000,0.98965,0.00336,0.00047,0.00525,0.00127
31.21000,1.98000,0.99927,0.00057,0.00010,0.00003,0.00003
31.41000,1.98000,0.99765,0.00171,0.00051,0.00006,0.00007
31.61000,1.98000,0.99325,0.00590,0.00034,0.00025,0.00026
31.81000,1.98000,0.98843,0.01077,0.00043,0.00007,0.00030
32.01000,1.98000,0.98002,0.01948,0.00012,0.00011,0.00027
32.21000,1.98000,0.90325,0.09210,0.00034,0.00173,0.00258
32.41000,1.98000,0.68865,0.30323,0.00051,0.00556,0.00205
32.61000,1.98000,0.84605,0.14795,0.00055,0.00373,0.00173
32.81000,1.98000,0.74030,0.25248,0.00042,0.00564,0.00117
33.01000,1.98000,0.87781,0.11954,0.00028,0.00170,0.00067
33.21000,1.98000,0.98268,0.01682,0.00008,0.00034,0.00009
33.41000,1.98000,0.97259,0.01826,0.00032,0.00775,0.00107
33.61000,1.98000,0.98134,0.00925,0.00019,0.00872,0.00051
33.81000,1.98000,0.98938,0.00367,0.00022,0.00630,0.00043
34.01000,1.98000,0.99443,0.00178,0.00044,0.00318,0.00017
34.21000,1.98000,0.99352,0.00192,0.00053,0.00376,0.00027
34.41000,1.98000,0.99493,0.00109,0.00065,0.00284,0.00049
34.61000,1.98000,0.99363,0.00136,0.00041,0.00361,0.00099
34.81000,1.98000,0.99635,0.00090,0.00023,0.00211,0.00041
35.01000,1.98000,0.99562,0.00105,0.00029,0.00258,0.00046
35.21000,1.98000,0.99479,0.00110,0.00038,0.00349,0.00024
35.41000,1.98000,0.99395,0.00146,0.00036,0.00394,0.00028
35.61000,1.98000,0.99704,0.00050,0.00024,0.00210,0.00012
35.81000,1.98000,0.99554,0.00034,0.00050,0.00340,0.00022
36.01000,1.98000,0.99532,0.00029,0.00055,0.00361,0.00024
36.21000,1.98000,0.99518,0.00031,0.00086,0.00326,0.00039
36.41000,1.98000,0.99952,0.00021,0.00010,0.00015,0.00002
36.61000,1.98000,0.99706,0.00094,0.00057,0.00110,0.00034
36.81000,1.98000,0.99904,0.00057,0.00018,0.00015,0.00005
37.01000,1.98000,0.99863,0.00090,0.00039,0.00004,0.00003
37.21000,1.98000,0.99468,0.00459,0.00037,0.00016,0.00020
37.41000,1.98000,0.97018,0.02673,0.00158,0.00080,0.00071
37.61000,1.98000,0.96182,0.03572,0.00128,0.00072,0.00045
37.81000,1.98000,0.83779,0.15891,0.00102,0.00142,0.00086
38.01000,1.98000,0.88450,0.11256,0.00093,0.00128,0.00073
38.21000,1.98000,0.85218,0.14576,0.00066,0.00105,0.00035
38.41000,1.98000,0.99423,0.00505,0.00062,0.00005,0.00004
38.61000,1.98000,0.99122,0.00760,0.00068,0.00043,0.00007
38.81000,1.98000,0.99424,0.00371,0.00091,0.00099,0.00016
39.01000,1.98000,0.99507,0.00282,0.00053,0.00148,0.00010
39.21000,1.98000,0.99349,0.00166,0.00113,0.00349,0.00023
39.41000,1.98000,0.99433,0.00134,0.00076,0.00326,0.00031
39.61000,1.98000,0.99550,0.00085,0.00048,0.00285,0.00031
39.81000,1.98000,0.99703,0.00059,0.00032,0.00180,0.00026
40.01000,1.98000,0.99902,0.00069,0.00006,0.00018,0.00005
40.21000,1.98000,0.99777,0.00189,0.00011,0.00014,0.00008
40.41000,1.98000,0.99771,0.00224,0.00002,0.00001,0.00001
40.61000,1.98000,0.99549,0.00442,0.00007,0.00001,0.00001
40.81000,1.98000,0.99211,0.00783,0.00004,0.00000,0.00002
41.01000,1.98000,0.93430,0.06545,0.00005,0.00005,0.00015
41.21000,1.98000,0.80746,0.19183,0.00011,0.00022,0.00037
41.41000,1.98000,0.77850,0.22102,0.00011,0.00015,0.00022
41.61000,1.98000,0.76334,0.23595,0.00014,0.00024,0.00033
41.81000,1.98000,0.89930,0.10037,0.00017,0.00007,0.00010
42.01000,1.98000,0.98952,0.01015,0.00025,0.00004,0.00005
42.21000,1.98000,0.99037,0.00890,0.00038,0.00025,0.00011
42.41000,1.98000,0.99499,0.00318,0.00044,0.00125,0.00015
42.61000,1.98000,0.99536,0.00261,0.00042,0.00148,0.00013
42.81000,1.98000,0.99770,0.00087,0.00046,0.00092,0.00006
43.01000,1.98000,0.99507,0.00062,0.00113,0.00297,0.00022
43.21000,1.98000,0.99534,0.00049,0.00074,0.00318,0.00025
43.41000,1.98000,0.99635,0.00048,0.00067,0.00238,0.00013
43.61000,1.98000,0.99408,0.00062,0.00115,0.00399,0.00015
43.81000,1.98000,0.99092,0.00111,0.00196,0.00582,0.00018
44.01000,1.98000,0.99290,0.00105,0.00126,0.00465,0.00014
44.21000,1.98000,0.99783,0.00091,0.00048,0.00073,0.00005
44.41000,1.98000,0.99603,0.00306,0.00048,0.00039,0.00005
44.61000,1.98000,0.99420,0.00566,0.00010,0.00004,0.00001
44.81000,1.98000,0.99696,0.00283,0.00021,0.00000,0.00000
45.01000,1.98000,0.94123,0.05774,0.00064,0.00022,0.00016
45.21000,1.98000,0.83828,0.15993,0.00082,0.00074,0.00024
45.41000,1.98000,0.77272,0.22541,0.00108,0.00051,0.00028
45.61000,1.98000,0.81464,0.18410,0.00059,0.00047,0.00020
45.81000,1.98000,0.81670,0.18235,0.00039,0.00033,0.00023
46.01000,1.98000,0.88974,0.10926,0.00041,0.00040,0.00019
46.21000,1.98000,0.99072,0.00883,0.00039,0.00004,0.00003
46.41000,1.98000,0.98911,0.00925,0.00082,0.00068,0.00015
46.61000,1.98000,0.99599,0.00202,0.00075,0.00108,0.00016
46.81000,1.98000,0.99724,0.00119,0.00055,0.00096,0.00006
47.01000,1.98000,0.99609,0.00113,0.00051,0.00218,0.00008
47.21000,1.98000,0.99683,0.00064,0.00047,0.00194,0.00012
47.41000,1.98000,0.99636,0.00053,0.00046,0.00243,0.00021
47.61000,1.98000,0.99650,0.00040,0.00045,0.00237,0.00028
47.81000,1.98000,0.99671,0.00039,0.00046,0.00215,0.00028
48.01000,1.98000,0.99665,0.00037,0.00047,0.00223,0.00029
48.21000,1.98000,0.99659,0.00038,0.00046,0.00224,0.00033
48.41000,1.98000,0.99956,0.00023,0.00010,0.00008,0.00003
48.61000,1.98000,0.99770,0.00157,0.00028,0.00030,0.00015
48.81000,1.98000,0.99717,0.00228,0.00029,0.00009,0.00016
49.01000,1.98000,0.99318,0.00603,0.00055,0.00006,0.00019
49.21000,1.98000,0.99399,0.00559,0.00032,0.00001,0.00009
49.41000,1.98000,0.95225,0.04635,0.00051,0.00019,0.00070
49.61000,1.98000,0.71957,0.27835,0.00075,0.00046,0.00087
49.81000,1.98000,0.62849,0.36990,0.00065,0.00030,0.00067
50.01000,1.98000,0.54595,0.45261,0.00047,0.00029,0.00067
50.21000,1.98000,0.80902,0.18980,0.00056,0.00022,0.00041
50.41000,1.98000,0.97974,0.02002,0.00019,0.00001,0.00004
50.61000,1.98000,0.98449,0.01474,0.00037,0.00026,0.00015
50.81000,1.98000,0.99227,0.00683,0.00027,0.00042,0.00022
51.01000,1.98000,0.99562,0.00350,0.00011,0.00060,0.00017
51.21000,1.98000,0.99726,0.00246,0.00007,0.00016,0.00006
51.41000,1.98000,0.99828,0.00129,0.00008,0.00026,0.00010
51.61000,1.98000,0.99662,0.00259,0.00007,0.00042,0.00030
51.81000,1.98000,0.99657,0.00284,0.00004,0.00024,0.00032
52.01000,1.98000,0.99271,0.00691,0.00009,0.00006,0.00024
52.21000,1.98000,0.97846,0.02137,0.00004,0.00002,0.00011
52.41000,1.98000,0.98080,0.01914,0.00002,0.00000,0.00003
52.61000,1.98000,0.96853,0.03142,0.00004,0.00000,0.00001
52.81000,1.98000,0.92380,0.07615,0.00003,0.00000,0.00002
53.01000,1.98000,0.63263,0.36729,0.00003,0.00000,0.00005
53.21000,1.98000,0.40583,0.59409,0.00004,0.00000,0.00004
53.41000,1.98000,0.64302,0.35687,0.00009,0.00000,0.00003
53.61000,1.98000,0.55240,0.44736,0.00020,0.00001,0.00003
53.81000,1.98000,0.94898,0.05072,0.00027,0.00000,0.00002
54.01000,1.98000,0.95880,0.04085,0.00024,0.00005,0.00006
54.21000,1.98000,0.97575,0.02245,0.00106,0.00049,0.00026
54.41000,1.98000,0.99146,0.00707,0.00063,0.00068,0.00015
54.61000,1.98000,0.99356,0.00436,0.00060,0.00129,0.00018
54.81000,1.98000,0.99737,0.00170,0.00055,0.00032,0.00005
55.01000,1.98000,0.99749,0.00138,0.00061,0.00044,0.00007
55.21000,1.98000,0.99562,0.00367,0.00045,0.00018,0.00007
55.41000,1.98000,0.99706,0.00273,0.00015,0.00004,0.00002
55.61000,1.98000,0.99557,0.00405,0.00036,0.00000,0.00002
55.81000,1.98000,0.98911,0.01060,0.00026,0.00000,0.00003
56.01000,1.98000,0.92249,0.07694,0.00027,0.00004,0.00026
56.21000,1.98000,0.86125,0.13822,0.00027,0.00005,0.00020
56.41000,1.98000,0.85687,0.14215,0.00048,0.00008,0.00041
56.61000,1.98000,0.80542,0.19378,0.00041,0.00007,0.00032
56.81000,1.98000,0.86458,0.13416,0.00093,0.00003,0.00029
57.01000,1.98000,0.97918,0.02034,0.00041,0.00001,0.00007
57.21000,1.98000,0.98936,0.00745,0.00241,0.00019,0.00059
57.41000,1.98000,0.98861,0.00821,0.00159,0.00071,0.00087
57.61000,1.98000,0.99061,0.00527,0.00143,0.00194,0.00076
57.81000,1.98000,0.99448,0.00272,0.00140,0.00094,0.00045
58.01000,1.98000,0.98710,0.00173,0.00490,0.00491,0.00135
58.21000,1.98000,0.99116,0.00124,0.00376,0.00247,0.00137
58.41000,1.98000,0.99076,0.00099,0.00405,0.00325,0.00095
58.61000,1.98000,0.99570,0.00033,0.00154,0.00190,0.00052
58.81000,1.98000,0.99782,0.00027,0.00091,0.00083,0.00016
59.01000,1.98000,0.99786,0.00054,0.00046,0.00076,0.00038
59.21000,1.98000,0.99553,0.00390,0.00038,0.00010,0.00010
59.41000,1.98000,0.99731,0.00238,0.00023,0.00003,0.00005
59.61000,1.98000,0.99196,0.00763,0.00036,0.00001,0.00004
59.81000,1.98000,0.99350,0.00628,0.00019,0.00000,0.00002
60.01000,1.98000,0.87368,0.12590,0.00017,0.00002,0.00022
60.21000,1.98000,0.78179,0.21756,0.00045,0.00002,0.00018
60.41000,1.98000,0.54130,0.45786,0.00047,0.00004,0.00034
60.61000,1.98000,0.43239,0.56684,0.00042,0.00005,0.00030
60.81000,1.98000,0.82438,0.17485,0.00066,0.00002,0.00009
61.01000,1.98000,0.93092,0.06892,0.00012,0.00001,0.00003
61.21000,1.98000,0.77659,0.21948,0.00227,0.00054,0.00112
61.41000,1.98000,0.87064,0.12361,0.00262,0.00130,0.00183
61.61000,1.98000,0.85642,0.14066,0.00143,0.00076,0.00073
61.81000,1.98000,0.92102,0.07505,0.00275,0.00049,0.00069
62.01000,1.98000,0.85750,0.12366,0.00794,0.00779,0.00311
62.21000,1.98000,0.82462,0.15482,0.00700,0.00990,0.00366
62.41000,1.98000,0.83041,0.14040,0.01279,0.01068,0.00572
62.61000,1.98000,0.85960,0.11040,0.01020,0.01057,0.00923
62.81000,1.98000,0.87619,0.09442,0.01289,0.00683,0.00967
63.01000,1.98000,0.94902,0.02763,0.01154,0.00601,0.00580
63.21000,1.98000,0.99218,0.00553,0.00154,0.00021,0.00053
63.41000,1.98000,0.97854,0.01422,0.00223,0.00177,0.00324
63.61000,1.98000,0.97892,0.01893,0.00061,0.00069,0.00085
63.81000,1.98000,0.96973,0.02966,0.00028,0.00013,0.00020
64.01000,1.98000,0.96521,0.03423,0.00037,0.00002,0.00016
64.21000,1.98000,0.85046,0.14762,0.00032,0.00042,0.00118
64.41000,1.98000,0.62996,0.36883,0.00023,0.00022,0.00076
64.61000,1.98000,0.32822,0.67009,0.00017,0.00064,0.00088
64.81000,1.98000,0.23964,0.75926,0.00011,0.00026,0.00072
65.01000,1.98000,0.32993,0.66885,0.00010,0.00037,0.00075
65.21000,1.98000,0.89192,0.10786,0.00017,0.00000,0.00004
65.41000,1.98000,0.61814,0.38151,0.00015,0.00009,0.00011
65.61000,1.98000,0.53066,0.46849,0.00051,0.00021,0.00013
65.81000,1.98000,0.54262,0.45601,0.00035,0.00081,0.00021
66.01000,1.98000,0.59066,0.40807,0.00022,0.00091,0.00015
66.21000,1.98000,0.58692,0.41143,0.00028,0.00109,0.00027
66.41000,1.98000,0.55563,0.43553,0.00099,0.00665,0.00119
66.61000,1.98000,0.52336,0.47530,0.00040,0.00065,0.00029
66.81000,1.98000,0.66175,0.33729,0.00032,0.00035,0.00029
67.01000,1.98000,0.68443,0.31503,0.00019,0.00017,0.00019
67.21000,1.98000,0.89089,0.10852,0.00025,0.00016,0.00019
67.41000,1.98000,0.55136,0.44657,0.00021,0.00108,0.00078
67.61000,1.98000,0.61963,0.37625,0.00026,0.00217,0.00169
67.81000,1.98000,0.71008,0.28714,0.00017,0.00108,0.00154
68.01000,1.98000,0.83647,0.16137,0.00067,0.00034,0.00115
68.21000,1.98000,0.82048,0.17471,0.00063,0.00123,0.00295
68.41000,1.98000,0.86967,0.12456,0.00126,0.00185,0.00266
68.61000,1.98000,0.94377,0.04687,0.00053,0.00572,0.00311
68.81000,1.98000,0.95313,0.03170,0.00162,0.01061,0.00295
69.01000,1.98000,0.98907,0.00320,0.00150,0.00477,0.00146
69.21000,1.98000,0.98552,0.00803,0.00164,0.00313,0.00169
69.41000,1.98000,0.99659,0.00161,0.00054,0.00078,0.00047
69.61000,1.98000,0.99404,0.00130,0.00156,0.00185,0.00126
69.81000,1.98000,0.99623,0.00053,0.00085,0.00164,0.00075
70.01000,1.98000,0.99633,0.00036,0.00091,0.00179,0.00061
70.21000,1.98000,0.99936,0.00027,0.00012,0.00018,0.00007
70.41000,1.98000,0.99896,0.00029,0.00011,0.00037,0.00027
70.61000,1.98000,0.99821,0.00168,0.00004,0.00003,0.00004
70.81000,1.98000,0.99688,0.00293,0.00006,0.00004,0.00008
71.01000,1.98000,0.98701,0.01292,0.00003,0.00001,0.00003
71.21000,1.98000,0.97940,0.02047,0.00005,0.00003,0.00006
71.41000,1.98000,0.90846,0.09144,0.00003,0.00001,0.00006
71.61000,1.98000,0.72897,0.27065,0.00005,0.00008,0.00025
71.81000,1.98000,0.40351,0.59629,0.00002,0.00004,0.00013
72.01000,1.98000,0.37980,0.61991,0.00003,0.00010,0.00016
72.21000,1.98000,0.74513,0.25477,0.00004,0.00002,0.00003
72.41000,1.98000,0.86788,0.13199,0.00004,0.00004,0.00004
72.61000,1.98000,0.88917,0.10936,0.00027,0.00085,0.00034
72.81000,1.98000,0.93503,0.06295,0.00026,0.00144,0.00031
73.01000,1.98000,0.98079,0.01821,0.00021,0.00065,0.00015
73.21000,1.98000,0.98914,0.00976,0.00024,0.00076,0.00011
73.41000,1.98000,0.99496,0.00388,0.00028,0.00081,0.00007
73.61000,1.98000,0.99517,0.00219,0.00040,0.00212,0.00013
73.81000,1.98000,0.99491,0.00130,0.00052,0.00308,0.00020
74.01000,1.98000,0.99481,0.00106,0.00069,0.00315,0.00030
74.21000,1.98000,0.99589,0.00054,0.00050,0.00277,0.00030
74.41000,1.98000,0.99516,0.00060,0.00068,0.00317,0.00039
74.61000,1.98000,0.99581,0.00051,0.00065,0.00276,0.00027
74.81000,1.98000,0.99933,0.00024,0.00016,0.00023,0.00004
75.01000,1.98000,0.99770,0.00147,0.00039,0.00033,0.00012
75.21000,1.98000,0.99691,0.00294,0.00009,0.00004,0.00002
75.41000,1.98000,0.99281,0.00640,0.00049,0.00016,0.00014
75.61000,1.98000,0.97060,0.02894,0.00035,0.00005,0.00006
75.81000,1.98000,0.96290,0.03654,0.00037,0.00007,0.00012
76.01000,1.98000,0.80687,0.19286,0.00010,0.00007,0.00009
76.21000,1.98000,0.45688,0.54079,0.00026,0.00123,0.00084
76.41000,1.98000,0.34717,0.65151,0.00016,0.00082,0.00034
76.61000,1.98000,0.49390,0.50432,0.00020,0.00097,0.00061
76.81000,1.98000,0.83318,0.16647,0.00014,0.00012,0.00008
77.01000,1.98000,0.92436,0.07399,0.00016,0.00115,0.00033
77.21000,1.98000,0.87263,0.11611,0.00041,0.00951,0.00134
77.41000,1.98000,0.92815,0.06368,0.00011,0.00748,0.00058
77.61000,1.98000,0.97412,0.01911,0.00012,0.00608,0.00057
77.81000,1.98000,0.98617,0.00977,0.00014,0.00370,0.00022
78.01000,1.98000,0.99391,0.00268,0.00053,0.00267,0.00020
78.21000,1.98000,0.99186,0.00236,0.00043,0.00497,0.00038
78.41000,1.98000,0.98408,0.00415,0.00110,0.00935,0.00133
78.61000,1.98000,0.98981,0.00265,0.00080,0.00599,0.00074
78.81000,1.98000,0.98431,0.00355,0.00188,0.00912,0.00114
79.01000,1.98000,0.99077,0.00166,0.00092,0.00602,0.00063
79.21000,1.98000,0.99736,0.00092,0.00047,0.00101,0.00024
79.41000,1.98000,0.99335,0.00401,0.00070,0.00139,0.00055
79.61000,1.98000,0.99546,0.00389,0.00026,0.00025,0.00014
79.81000,1.98000,0.99516,0.00460,0.00020,0.00001,0.00003
80.01000,1.98000,0.97885,0.02060,0.00032,0.00007,0.00016
80.21000,1.98000,0.89170,0.10801,0.00007,0.00007,0.00016
80.41000,1.98000,0.71472,0.28495,0.00008,0.00011,0.00014
80.61000,1.98000,0.57276,0.42699,0.00005,0.00010,0.00009
80.81000,1.98000,0.62290,0.37671,0.00007,0.00016,0.00016
81.01000,1.98000,0.76524,0.23462,0.00004,0.00005,0.00005
81.21000,1.98000,0.97360,0.02634,0.00004,0.00001,0.00001
81.41000,1.98000,0.93983,0.05991,0.00005,0.00016,0.00005
81.61000,1.98000,0.98269,0.01661,0.00018,0.00041,0.00012
81.81000,1.98000,0.98994,0.00970,0.00005,0.00026,0.00005
82.01000,1.98000,0.99262,0.00657,0.00011,0.00064,0.00007
82.21000,1.98000,0.99566,0.00216,0.00027,0.00178,0.00013
82.41000,1.98000,0.99165,0.00209,0.00048,0.00525,0.00053
82.61000,1.98000,0.99459,0.00104,0.00034,0.00349,0.00054
82.81000,1.98000,0.99521,0.00086,0.00034,0.00310,0.00049
83.01000,1.98000,0.99865,0.00052,0.00018,0.00052,0.00014
83.21000,1.98000,0.99797,0.00114,0.00036,0.00036,0.00017
83.41000,1.98000,0.99794,0.00193,0.00009,0.00002,0.00002
83.61000,1.98000,0.99813,0.00166,0.00019,0.00000,0.00001
83.81000,1.98000,0.99815,0.00165,0.00019,0.00000,0.00001
84.01000,1.98000,0.99369,0.00613,0.00016,0.00000,0.00002
84.21000,1.98000,0.93582,0.06377,0.00025,0.00001,0.00015
84.41000,1.98000,0.83328,0.16598,0.00055,0.00004,0.00015
84.61000,1.98000,0.76601,0.23353,0.00028,0.00002,0.00015
84.81000,1.98000,0.64281,0.35638,0.00054,0.00006,0.00022
85.01000,1.98000,0.90366,0.09579,0.00046,0.00001,0.00008
85.21000,1.98000,0.98796,0.01155,0.00033,0.00006,0.00009
85.41000,1.98000,0.97939,0.01689,0.00205,0.00101,0.00065
85.61000,1.98000,0.97856,0.01689,0.00076,0.00336,0.00042
85.81000,1.98000,0.99131,0.00610,0.00068,0.00172,0.00019
86.01000,1.98000,0.99550,0.00226,0.00081,0.00132,0.00011
86.21000,1.98000,0.98346,0.00202,0.00214,0.01166,0.00071
86.41000,1.98000,0.99626,0.00067,0.00051,0.00244,0.00013
86.61000,1.98000,0.99236,0.00194,0.00071,0.00476,0.00023
86.81000,1.98000,0.99535,0.00274,0.00061,0.00113,0.00017
87.01000,1.98000,0.99515,0.00408,0.00048,0.00020,0.00008
87.21000,1.98000,0.98792,0.01135,0.00030,0.00032,0.00011
87.41000,1.98000,0.97245,0.02684,0.00028,0.00033,0.00011
87.61000,1.98000,0.93635,0.06297,0.00024,0.00029,0.00015
87.81000,1.98000,0.75461,0.24464,0.00030,0.00024,0.00022
88.01000,1.98000,0.51480,0.48465,0.00016,0.00022,0.00018
88.21000,1.98000,0.43559,0.56424,0.00006,0.00004,0.00006
88.41000,1.98000,0.27994,0.71995,0.00002,0.00002,0.00006
88.61000,1.98000,0.12131,0.87835,0.00002,0.00016,0.00017
88.81000,1.98000,0.17953,0.82012,0.00001,0.00027,0.00007
89.01000,1.98000,0.14296,0.85469,0.00002,0.00215,0.00019
89.21000,1.98000,0.39835,0.59988,0.00005,0.00148,0.00024
89.41000,1.98000,0.34674,0.64720,0.00007,0.00543,0.00054
89.61000,1.98000,0.61714,0.37749,0.00013,0.00496,0.00028
89.81000,1.98000,0.75058,0.24334,0.00014,0.00546,0.00049
90.01000,1.98000,0.96757,0.03211,0.00005,0.00023,0.00003
90.21000,1.98000,0.94110,0.05765,0.00014,0.00089,0.00022
90.41000,1.98000,0.96557,0.03423,0.00016,0.00002,0.00001
90.61000,1.98000,0.88077,0.11900,0.00017,0.00003,0.00002
90.81000,1.98000,0.87515,0.12454,0.00024,0.00003,0.00004
91.01000,1.98000,0.75811,0.24156,0.00026,0.00002,0.00005
91.21000,1.98000,0.70598,0.29385,0.00011,0.00001,0.00005
91.41000,1.98000,0.42751,0.57236,0.00006,0.00001,0.00006
91.61000,1.98000,0.17193,0.82801,0.00001,0.00001,0.00004
91.81000,1.98000,0.22765,0.77233,0.00001,0.00000,0.00001
92.01000,1.98000,0.27895,0.72103,0.00001,0.00000,0.00000
92.21000,1.98000,0.36966,0.63031,0.00003,0.00000,0.00001
92.41000,1.98000,0.57016,0.42961,0.00009,0.00008,0.00005
92.61000,1.98000,0.70820,0.29117,0.00021,0.00027,0.00015
92.81000,1.98000,0.81300,0.18619,0.00015,0.00052,0.00014
93.01000,1.98000,0.93427,0.06496,0.00022,0.00041,0.00014
93.21000,1.98000,0.97515,0.02395,0.00034,0.00049,0.00007
93.41000,1.98000,0.99098,0.00786,0.00080,0.00031,0.00006
93.61000,1.98000,0.99631,0.00198,0.00128,0.00040,0.00004
93.81000,1.98000,0.99459,0.00193,0.00184,0.00150,0.00014
94.01000,1.98000,0.99373,0.00083,0.00129,0.00393,0.00022
94.21000,1.98000,0.99320,0.00070,0.00114,0.00458,0.00038
94.41000,1.98000,0.99449,0.00047,0.00110,0.00367,0.00027
94.61000,1.98000,0.99433,0.00050,0.00115,0.00376,0.00026
94.81000,1.98000,0.99505,0.00042,0.00092,0.00340,0.00022
95.01000,1.98000,0.99434,0.00050,0.00105,0.00381,0.00030
95.21000,1.98000,0.99463,0.00043,0.00099,0.00367,0.00028
95.41000,1.98000,0.99472,0.00043,0.00103,0.00346,0.00036
95.61000,1.98000,0.99533,0.00035,0.00089,0.00315,0.00028
95.81000,1.98000,0.99519,0.00041,0.00089,0.00312,0.00039
96.01000,1.98000,0.99692,0.00030,0.00061,0.00197,0.00020
96.21000,1.98000,0.99848,0.00059,0.00032,0.00050,0.00010
96.41000,1.98000,0.99810,0.00125,0.00051,0.00006,0.00008
96.61000,1.98000,0.99605,0.00383,0.00009,0.00001,0.00001
96.81000,1.98000,0.99363,0.00609,0.00027,0.00000,0.00001
97.01000,1.98000,0.99239,0.00743,0.00018,0.00000,0.00001
97.21000,1.98000,0.92734,0.07215,0.00038,0.00002,0.00010
97.41000,1.98000,0.83335,0.16628,0.00027,0.00001,0.00009
97.61000,1.98000,0.63559,0.36379,0.00037,0.00002,0.00023
97.81000,1.98000,0.54682,0.45278,0.00026,0.00002,0.00012
98.01000,1.98000,0.48221,0.51707,0.00048,0.00003,0.00022
98.21000,1.98000,0.87664,0.12273,0.00050,0.00002,0.00011
98.41000,1.98000,0.94996,0.04919,0.00050,0.00019,0.00016
98.61000,1.98000,0.98300,0.01304,0.00173,0.00133,0.00091
98.81000,1.98000,0.98364,0.01344,0.00056,0.00189,0.00048
99.01000,1.98000,0.99287,0.00361,0.00065,0.00247,0.00040
99.21000,1.98000,0.99422,0.00293,0.00107,0.00140,0.00037
99.41000,1.98000,0.99875,0.00055,0.00041,0.00025,0.00004
99.61000,1.98000,0.99754,0.00123,0.00090,0.00020,0.00013
99.81000,1.98000,0.99917,0.00055,0.00026,0.00001,0.00001
100.01000,1.98000,0.99843,0.00124,0.00033,0.00000,0.00001
100.21000,1.98000,0.98169,0.01782,0.00044,0.00002,0.00003
100.41000,1.98000,0.96033,0.03924,0.00040,0.00001,0.00002
100.61000,1.98000,0.95299,0.04648,0.00049,0.00002,0.00002
100.81000,1.98000,0.92367,0.07582,0.00049,0.00001,0.00002
101.01000,1.98000,0.86376,0.13496,0.00119,0.00005,0.00004
101.21000,1.98000,0.87195,0.12702,0.00099,0.00002,0.00002
101.41000,1.98000,0.99435,0.00521,0.00044,0.00000,0.00000
101.61000,1.98000,0.99682,0.00292,0.00026,0.00000,0.00000
101.81000,1.98000,0.99534,0.00419,0.00044,0.00002,0.00001
102.01000,1.98000,0.99087,0.00899,0.00014,0.00000,0.00000
102.21000,1.98000,0.99873,0.00111,0.00016,0.00000,0.00000
102.41000,1.98000,0.95157,0.04785,0.00040,0.00004,0.00014
102.61000,1.98000,0.81668,0.18216,0.00081,0.00010,0.00025
102.81000,1.98000,0.83208,0.16676,0.00087,0.00008,0.00021
103.01000,1.98000,0.81763,0.18116,0.00080,0.00015,0.00026
103.21000,1.98000,0.85185,0.14726,0.00063,0.00010,0.00016
103.41000,1.98000,0.88432,0.11451,0.00081,0.00016,0.00019
103.61000,1.98000,0.99592,0.00365,0.00041,0.00001,0.00001
103.81000,1.98000,0.99636,0.00302,0.00044,0.00013,0.00005
104.01000,1.98000,0.99898,0.00075,0.00023,0.00002,0.00001
104.21000,1.98000,0.99811,0.00167,0.00022,0.00000,0.00000
104.41000,1.98000,0.99840,0.00146,0.00013,0.00000,0.00000
104.61000,1.98000,0.99961,0.00031,0.00008,0.00000,0.00000
104.81000,1.98000,0.99744,0.00237,0.00016,0.00001,0.00003
105.01000,1.98000,0.98877,0.01109,0.00009,0.00001,0.00004
105.21000,1.98000,0.92242,0.07702,0.00030,0.00015,0.00011
105.41000,1.98000,0.92016,0.07916,0.00051,0.00007,0.00009
105.61000,1.98000,0.82962,0.16908,0.00088,0.00023,0.00019
105.81000,1.98000,0.86267,0.13623,0.00088,0.00011,0.00011
106.01000,1.98000,0.98280,0.01620,0.00093,0.00004,0.00003
106.21000,1.98000,0.99328,0.00608,0.00049,0.00011,0.00003
106.41000,1.98000,0.99853,0.00104,0.00028,0.00012,0.00003
106.61000,1.98000,0.99285,0.00618,0.00079,0.00011,0.00006
106.81000,1.98000,0.95625,0.04262,0.00098,0.00010,0.00005
107.01000,1.98000,0.93460,0.06467,0.00038,0.00029,0.00007
107.21000,1.98000,0.83504,0.16440,0.00015,0.00025,0.00016
107.41000,1.98000,0.71858,0.28126,0.00002,0.00008,0.00006
107.61000,1.98000,0.67428,0.32566,0.00000,0.00003,0.00002
107.81000,1.98000,0.42467,0.57529,0.00000,0.00002,0.00002
108.01000,1.98000,0.23064,0.76935,0.00000,0.00000,0.00001
108.21000,1.98000,0.13812,0.86187,0.00000,0.00001,0.00001
108.41000,1.98000,0.29943,0.70056,0.00000,0.00001,0.00000
108.61000,1.98000,0.15382,0.84615,0.00000,0.00003,0.00000
108.81000,1.98000,0.19782,0.80206,0.00000,0.00011,0.00001
109.01000,1.98000,0.41093,0.58874,0.00000,0.00030,0.00003
109.21000,1.98000,0.67476,0.32471,0.00001,0.00047,0.00004
109.41000,1.98000,0.91258,0.08690,0.00003,0.00046,0.00004
109.61000,1.98000,0.98316,0.01658,0.00006,0.00018,0.00002
109.81000,1.98000,0.99370,0.00619,0.00003,0.00008,0.00001
110.01000,1.98000,0.99210,0.00759,0.00017,0.00011,0.00003
110.21000,1.98000,0.98902,0.01055,0.00029,0.00011,0.00004
110.41000,1.98000,0.98481,0.01483,0.00020,0.00009,0.00006
110.61000,1.98000,0.94636,0.05325,0.00011,0.00014,0.00014
110.81000,1.98000,0.86579,0.13389,0.00008,0.00012,0.00011
111.01000,1.98000,0.73665,0.26324,0.00004,0.00003,0.00004
111.21000,1.98000,0.53417,0.46576,0.00002,0.00002,0.00004
111.41000,1.98000,0.20150,0.79844,0.00000,0.00001,0.00004
111.61000,1.98000,0.19613,0.80383,0.00000,0.00001,0.00003
111.81000,1.98000,0.22050,0.77947,0.00000,0.00001,0.00002
112.01000,1.98000,0.09670,0.90324,0.00000,0.00003,0.00002
112.21000,1.98000,0.25948,0.74041,0.00000,0.00007,0.00004
112.41000,1.98000,0.17021,0.82958,0.00000,0.00015,0.00006
112.61000,1.98000,0.25436,0.74534,0.00001,0.00017,0.00013
112.81000,1.98000,0.53756,0.46197,0.00002,0.00025,0.00020
113.01000,1.98000,0.54601,0.45172,0.00008,0.00180,0.00039
113.21000,1.98000,0.80493,0.19283,0.00026,0.00153,0.00044
113.41000,1.98000,0.92720,0.07047,0.00036,0.00174,0.00023
113.61000,1.98000,0.96430,0.03377,0.00077,0.00101,0.00015
113.81000,1.98000,0.98301,0.01293,0.00114,0.00273,0.00019
114.01000,1.98000,0.99655,0.00256,0.00081,0.00006,0.00001
114.21000,1.98000,0.99539,0.00428,0.00032,0.00001,0.00000
114.41000,1.98000,0.99662,0.00312,0.00026,0.00000,0.00000
114.61000,1.98000,0.99658,0.00270,0.00071,0.00000,0.00000
114.81000,1.98000,0.99187,0.00762,0.00049,0.00001,0.00001
115.01000,1.98000,0.96569,0.03259,0.00154,0.00008,0.00011
115.21000,1.98000,0.94476,0.05321,0.00179,0.00012,0.00012
115.41000,1.98000,0.91422,0.08259,0.00271,0.00021,0.00026
115.61000,1.98000,0.90660,0.09108,0.00204,0.00015,0.00014
115.81000,1.98000,0.89171,0.10459,0.00319,0.00024,0.00027
116.01000,1.98000,0.99386,0.00567,0.00046,0.00001,0.00001
116.21000,1.98000,0.99015,0.00522,0.00368,0.00047,0.00049
116.41000,1.98000,0.99601,0.00312,0.00061,0.00015,0.00010
116.61000,1.98000,0.99057,0.00926,0.00011,0.00004,0.00001
116.81000,1.98000,0.99158,0.00793,0.00045,0.00001,0.00003
117.01000,1.98000,0.97834,0.02131,0.00022,0.00002,0.00010
117.21000,1.98000,0.85404,0.14455,0.00055,0.00018,0.00068
117.41000,1.98000,0.78307,0.21622,0.00019,0.00007,0.00046
117.61000,1.98000,0.72632,0.27270,0.00023,0.00011,0.00065
117.81000,1.98000,0.65287,0.34567,0.00038,0.00024,0.00083
118.01000,1.98000,0.95606,0.04346,0.00029,0.00004,0.00015
118.21000,1.98000,0.98218,0.01745,0.00016,0.00006,0.00013
118.41000,1.98000,0.98743,0.01133,0.00052,0.00039,0.00032
118.61000,1.98000,0.99664,0.00269,0.00029,0.00027,0.00010
118.81000,1.98000,0.99534,0.00315,0.00048,0.00086,0.00017
119.01000,1.98000,0.99910,0.00074,0.00013,0.00002,0.00001
119.21000,1.98000,0.99462,0.00462,0.00064,0.00007,0.00006
119.41000,1.98000,0.99861,0.00122,0.00016,0.00000,0.00000
119.61000,1.98000,0.99961,0.00027,0.00012,0.00000,0.00000
119.81000,1.98000,0.98708,0.01238,0.00047,0.00002,0.00005
120.01000,1.98000,0.93181,0.06643,0.00126,0.00018,0.00032
120.21000,1.98000,0.84869,0.14937,0.00161,0.00018,0.00014
120.41000,1.98000,0.87694,0.12086,0.00154,0.00032,0.00034
120.61000,1.98000,0.82896,0.16910,0.00161,0.00019,0.00015
120.81000,1.98000,0.90344,0.09496,0.00121,0.00017,0.00023
121.01000,1.98000,0.99378,0.00565,0.00055,0.00001,0.00001
121.21000,1.98000,0.99625,0.00192,0.00104,0.00060,0.00019
121.41000,1.98000,0.99778,0.00156,0.00043,0.00020,0.00003
121.61000,1.98000,0.99796,0.00182,0.00018,0.00003,0.00001
121.81000,1.98000,0.99516,0.00468,0.00009,0.00006,0.00001
122.01000,1.98000,0.99888,0.00096,0.00015,0.00000,0.00000
122.21000,1.98000,0.99722,0.00259,0.00015,0.00001,0.00004
122.41000,1.98000,0.94974,0.04705,0.00095,0.00126,0.00100
122.61000,1.98000,0.90378,0.09338,0.00082,0.00112,0.00090
122.81000,1.98000,0.91029,0.08557,0.00151,0.00196,0.00067
123.01000,1.98000,0.87788,0.11805,0.00134,0.00197,0.00075
123.21000,1.98000,0.90810,0.08778,0.00179,0.00199,0.00033
123.41000,1.98000,0.98629,0.01198,0.00118,0.00045,0.00011
123.61000,1.98000,0.99487,0.00305,0.00114,0.00087,0.00006
123.81000,1.98000,0.98711,0.00360,0.00308,0.00595,0.00026
124.01000,1.98000,0.98930,0.00109,0.00082,0.00863,0.00016
124.21000,1.98000,0.99700,0.00112,0.00108,0.00074,0.00006
124.41000,1.98000,0.99462,0.00488,0.00034,0.00014,0.00002
124.61000,1.98000,0.98922,0.01007,0.00064,0.00004,0.00003
124.81000,1.98000,0.99645,0.00322,0.00032,0.00000,0.00000
125.01000,1.98000,0.99135,0.00820,0.00041,0.00001,0.00002
125.21000,1.98000,0.96757,0.03213,0.00020,0.00003,0.00008
125.41000,1.98000,0.79069,0.20814,0.00054,0.00028,0.00036
125.61000,1.98000,0.58687,0.41135,0.00058,0.00081,0.00039
125.81000,1.98000,0.69291,0.30547,0.00082,0.00054,0.00026
126.01000,1.98000,0.90272,0.09603,0.00084,0.00029,0.00011
126.21000,1.98000,0.97999,0.01942,0.00030,0.00026,0.00004
