Time (seconds), Duration (seconds),pred_(unlabeled),pred_On,pred_Off,pred_Dimmer,pred_Lighter
0.01000,1.98000,0.99999,0.00000,0.00000,0.00001,0.00000
0.21000,1.98000,0.99998,0.00000,0.00000,0.00002,0.00000
0.41000,1.98000,0.99994,0.00000,0.00000,0.00005,0.00000
0.61000,1.98000,0.99941,0.00000,0.00003,0.00054,0.00001
0.81000,1.98000,0.99909,0.00001,0.00018,0.00070,0.00003
1.01000,1.98000,0.99566,0.00002,0.00089,0.00253,0.00090
1.21000,1.98000,0.96035,0.00004,0.01877,0.01450,0.00634
1.41000,1.98000,0.56748,0.00010,0.06810,0.03021,0.33411
1.61000,1.98000,0.94496,0.00001,0.01591,0.00141,0.03771
1.81000,1.98000,0.98632,0.00000,0.00446,0.00003,0.00919
2.01000,1.98000,0.97950,0.00000,0.01794,0.00003,0.00253
2.21000,1.98000,0.99586,0.00000,0.00293,0.00000,0.00121
2.41000,1.98000,0.99923,0.00000,0.00051,0.00000,0.00027
2.61000,1.98000,0.99928,0.00000,0.00040,0.00000,0.00032
2.81000,1.98000,0.99974,0.00000,0.00013,0.00000,0.00013
3.01000,1.98000,0.99995,0.00000,0.00003,0.00000,0.00002
3.21000,1.98000,0.99994,0.00000,0.00004,0.00000,0.00002
3.41000,1.98000,0.99997,0.00000,0.00002,0.00000,0.00001
3.61000,1.98000,0.99981,0.00000,0.00012,0.00000,0.00007
3.81000,1.98000,0.99915,0.00000,0.00033,0.00002,0.00051
4.01000,1.98000,0.99675,0.00000,0.00117,0.00012,0.00195
4.21000,1.98000,0.99147,0.00002,0.00298,0.00029,0.00524
4.41000,1.98000,0.98888,0.00008,0.00107,0.00053,0.00945
4.61000,1.98000,0.96178,0.00007,0.00501,0.00172,0.03142
4.81000,1.98000,0.97699,0.00012,0.00187,0.00196,0.01906
5.01000,1.98000,0.99362,0.00002,0.00238,0.00079,0.00319
5.21000,1.98000,0.99814,0.00002,0.00044,0.00065,0.00075
5.41000,1.98000,0.99886,0.00000,0.00062,0.00031,0.00020
5.61000,1.98000,0.99969,0.00000,0.00012,0.00016,0.00003
5.81000,1.98000,0.99986,0.00000,0.00011,0.00002,0.00000
6.01000,1.98000,0.99994,0.00000,0.00003,0.00003,0.00000
6.21000,1.98000,0.99991,0.00000,0.00006,0.00002,0.00000
6.41000,1.98000,0.99995,0.00000,0.00003,0.00002,0.00000
6.61000,1.98000,0.99995,0.00000,0.00001,0.00004,0.00000
6.81000,1.98000,0.99998,0.00000,0.00000,0.00001,0.00000
7.01000,1.98000,0.99995,0.00000,0.00001,0.00005,0.00000
7.21000,1.98000,0.99984,0.00000,0.00001,0.00015,0.00000
7.41000,1.98000,0.99914,0.00000,0.00003,0.00082,0.00001
7.61000,1.98000,0.99735,0.00001,0.00012,0.00245,0.00007
7.81000,1.98000,0.94041,0.00014,0.00238,0.05352,0.00355
8.01000,1.98000,0.87209,0.00018,0.01068,0.08555,0.03149
8.21000,1.98000,0.73641,0.00040,0.02407,0.13971,0.09941
8.41000,1.98000,0.93501,0.00004,0.00594,0.01303,0.04598
8.61000,1.98000,0.99457,0.00000,0.00130,0.00051,0.00362
8.81000,1.98000,0.99737,0.00000,0.00179,0.00005,0.00078
9.01000,1.98000,0.99916,0.00000,0.00060,0.00001,0.00023
9.21000,1.98000,0.99957,0.00000,0.00029,0.00000,0.00013
9.41000,1.98000,0.99991,0.00000,0.00006,0.00000,0.00003
9.61000,1.98000,0.99995,0.00000,0.00004,0.00000,0.00001
9.81000,1.98000,0.99995,0.00000,0.00004,0.00000,0.00001
10.01000,1.98000,0.99998,0.00000,0.00001,0.00000,0.00000
10.21000,1.98000,0.99995,0.00000,0.00004,0.00000,0.00001
10.41000,1.98000,0.99995,0.00000,0.00004,0.00000,0.00001
10.61000,1.98000,0.99992,0.00000,0.00006,0.00000,0.00002
10.81000,1.98000,0.99987,0.00000,0.00010,0.00000,0.00004
11.01000,1.98000,0.99974,0.00000,0.00010,0.00000,0.00016
11.21000,1.98000,0.99807,0.00000,0.00099,0.00004,0.00090
11.41000,1.98000,0.99858,0.00000,0.00054,0.00004,0.00083
11.61000,1.98000,0.99856,0.00000,0.00077,0.00015,0.00051
11.81000,1.98000,0.99975,0.00000,0.00008,0.00004,0.00012
12.01000,1.98000,0.99957,0.00000,0.00023,0.00012,0.00007
12.21000,1.98000,0.99990,0.00000,0.00004,0.00004,0.00001
12.41000,1.98000,0.99998,0.00000,0.00001,0.00001,0.00000
12.61000,1.98000,0.99997,0.00000,0.00001,0.00002,0.00000
12.81000,1.98000,0.99999,0.00000,0.00000,0.00001,0.00000
13.01000,1.98000,0.99999,0.00000,0.00000,0.00001,0.00000
13.21000,1.98000,0.99999,0.00000,0.00000,0.00001,0.00000
13.41000,1.98000,0.99998,0.00000,0.00000,0.00001,0.00000
13.61000,1.98000,0.99999,0.00000,0.00000,0.00001,0.00000
13.81000,1.98000,0.99998,0.00000,0.00000,0.00001,0.00000
14.01000,1.98000,0.99999,0.00000,0.00000,0.00001,0.00000
14.21000,1.98000,0.99999,0.00000,0.00000,0.00001,0.00000
14.41000,1.98000,0.99999,0.00000,0.00000,0.00001,0.00000
14.61000,1.98000,0.99999,0.00000,0.00000,0.00001,0.00000
14.81000,1.98000,0.99999,0.00000,0.00000,0.00001,0.00000
15.01000,1.98000,0.99999,0.00000,0.00000,0.00001,0.00000
15.21000,1.98000,0.99999,0.00000,0.00000,0.00001,0.00000
15.41000,1.98000,0.99999,0.00000,0.00000,0.00001,0.00000
15.61000,1.98000,0.99999,0.00000,0.00000,0.00001,0.00000
15.81000,1.98000,0.99999,0.00000,0.00000,0.00001,0.00000
16.01000,1.98000,0.99999,0.00000,0.00000,0.00001,0.00000
16.21000,1.98000,0.99999,0.00000,0.00000,0.00001,0.00000
16.41000,1.98000,0.99999,0.00000,0.00000,0.00001,0.00000
16.61000,1.98000,0.99999,0.00000,0.00000,0.00001,0.00000
16.81000,1.98000,0.99999,0.00000,0.00000,0.00001,0.00000
17.01000,1.98000,0.99999,0.00000,0.00000,0.00001,0.00000
17.21000,1.98000,0.99990,0.00000,0.00000,0.00009,0.00000
17.41000,1.98000,0.99932,0.00000,0.00001,0.00063,0.00004
17.61000,1.98000,0.99323,0.00003,0.00006,0.00601,0.00067
17.81000,1.98000,0.94623,0.00015,0.00053,0.04164,0.01145
18.01000,1.98000,0.90408,0.00014,0.00197,0.04001,0.05380
18.21000,1.98000,0.66343,0.00027,0.00552,0.08057,0.25020
18.41000,1.98000,0.92481,0.00002,0.00092,0.00363,0.07062
18.61000,1.98000,0.99410,0.00000,0.00020,0.00012,0.00558
18.81000,1.98000,0.99799,0.00000,0.00051,0.00002,0.00147
19.01000,1.98000,0.99954,0.00000,0.00014,0.00000,0.00032
19.21000,1.98000,0.99987,0.00000,0.00004,0.00000,0.00009
19.41000,1.98000,0.99992,0.00000,0.00004,0.00000,0.00003
19.61000,1.98000,0.99993,0.00000,0.00005,0.00000,0.00002
19.81000,1.98000,0.99995,0.00000,0.00004,0.00000,0.00001
20.01000,1.98000,0.99995,0.00000,0.00004,0.00000,0.00001
20.21000,1.98000,0.99995,0.00000,0.00004,0.00000,0.00001
20.41000,1.98000,0.99996,0.00000,0.00004,0.00000,0.00001
20.61000,1.98000,0.99996,0.00000,0.00003,0.00000,0.00001
20.81000,1.98000,0.99995,0.00000,0.00004,0.00000,0.00001
21.01000,1.98000,0.99996,0.00000,0.00004,0.00000,0.00001
21.21000,1.98000,0.99994,0.00000,0.00005,0.00000,0.00001
21.41000,1.98000,0.99995,0.00000,0.00004,0.00000,0.00001
21.61000,1.98000,0.99994,0.00000,0.00005,0.00000,0.00001
21.81000,1.98000,0.99992,0.00000,0.00006,0.00000,0.00001
22.01000,1.98000,0.99993,0.00000,0.00006,0.00000,0.00001
22.21000,1.98000,0.99991,0.00000,0.00008,0.00000,0.00001
22.41000,1.98000,0.99997,0.00000,0.00003,0.00000,0.00000
22.61000,1.98000,0.99998,0.00000,0.00002,0.00000,0.00000
22.81000,1.98000,0.99999,0.00000,0.00001,0.00000,0.00000
23.01000,1.98000,0.99998,0.00000,0.00002,0.00000,0.00000
23.21000,1.98000,0.99998,0.00000,0.00001,0.00001,0.00000
23.41000,1.98000,0.99999,0.00000,0.00001,0.00001,0.00000
23.61000,1.98000,0.99998,0.00000,0.00001,0.00001,0.00000
23.81000,1.98000,0.99998,0.00000,0.00001,0.00001,0.00000
24.01000,1.98000,0.99999,0.00000,0.00000,0.00001,0.00000
24.21000,1.98000,0.99998,0.00000,0.00000,0.00001,0.00000
24.41000,1.98000,0.99997,0.00000,0.00001,0.00002,0.00000
24.61000,1.98000,0.99998,0.00000,0.00001,0.00001,0.00000
24.81000,1.98000,0.99998,0.00000,0.00000,0.00001,0.00000
25.01000,1.98000,0.99998,0.00000,0.00000,0.00001,0.00000
25.21000,1.98000,0.99998,0.00000,0.00000,0.00001,0.00000
25.41000,1.98000,0.99998,0.00000,0.00000,0.00001,0.00000
25.61000,1.98000,0.99998,0.00000,0.00000,0.00001,0.00000
25.81000,1.98000,0.99998,0.00000,0.00000,0.00001,0.00000
26.01000,1.98000,0.99998,0.00000,0.00000,0.00001,0.00000
26.21000,1.98000,0.99998,0.00000,0.00000,0.00001,0.00000
26.41000,1.98000,0.99998,0.00000,0.00000,0.00001,0.00000
26.61000,1.98000,0.99998,0.00000,0.00000,0.00001,0.00000
26.81000,1.98000,0.99998,0.00000,0.00000,0.00001,0.00000
27.01000,1.98000,0.99998,0.00000,0.00000,0.00001,0.00000
27.21000,1.98000,0.99998,0.00000,0.00000,0.00001,0.00000
27.41000,1.98000,0.99998,0.00000,0.00000,0.00001,0.00000
27.61000,1.98000,0.99999,0.00000,0.00000,0.00001,0.00000
27.81000,1.98000,0.99999,0.00000,0.00000,0.00001,0.00000
28.01000,1.98000,0.99997,0.00000,0.00000,0.00003,0.00000
28.21000,1.98000,0.99966,0.00000,0.00002,0.00032,0.00001
28.41000,1.98000,0.99926,0.00000,0.00003,0.00067,0.00003
28.61000,1.98000,0.98347,0.00013,0.00046,0.01434,0.00160
28.81000,1.98000,0.92477,0.00028,0.00283,0.04141,0.03071
29.01000,1.98000,0.53047,0.00166,0.02047,0.12752,0.31988
29.21000,1.98000,0.91138,0.00007,0.00204,0.00655,0.07996
29.41000,1.98000,0.98918,0.00001,0.00060,0.00030,0.00991
29.61000,1.98000,0.99660,0.00000,0.00070,0.00006,0.00264
29.81000,1.98000,0.99814,0.00000,0.00040,0.00001,0.00145
30.01000,1.98000,0.99977,0.00000,0.00007,0.00000,0.00016
30.21000,1.98000,0.99992,0.00000,0.00003,0.00000,0.00005
30.41000,1.98000,0.99994,0.00000,0.00004,0.00000,0.00002
30.61000,1.98000,0.99995,0.00000,0.00003,0.00000,0.00001
30.81000,1.98000,0.99996,0.00000,0.00003,0.00000,0.00001
31.01000,1.98000,0.99996,0.00000,0.00003,0.00000,0.00001
31.21000,1.98000,0.99996,0.00000,0.00003,0.00000,0.00001
31.41000,1.98000,0.99994,0.00000,0.00005,0.00000,0.00001
31.61000,1.98000,0.99996,0.00000,0.00003,0.00000,0.00000
31.81000,1.98000,0.99996,0.00000,0.00003,0.00000,0.00000
32.01000,1.98000,0.99996,0.00000,0.00003,0.00000,0.00000
32.21000,1.98000,0.99996,0.00000,0.00003,0.00000,0.00000
32.41000,1.98000,0.99996,0.00000,0.00004,0.00000,0.00000
32.61000,1.98000,0.99995,0.00000,0.00004,0.00000,0.00000
32.81000,1.98000,0.99994,0.00000,0.00005,0.00000,0.00000
33.01000,1.98000,0.99998,0.00000,0.00002,0.00000,0.00000
33.21000,1.98000,0.99997,0.00000,0.00002,0.00001,0.00000
33.41000,1.98000,0.99994,0.00000,0.00004,0.00001,0.00001
33.61000,1.98000,0.99998,0.00000,0.00002,0.00001,0.00000
33.81000,1.98000,0.99998,0.00000,0.00001,0.00001,0.00000
34.01000,1.98000,0.99999,0.00000,0.00001,0.00001,0.00000
34.21000,1.98000,0.99999,0.00000,0.00000,0.00001,0.00000
34.41000,1.98000,0.99998,0.00000,0.00001,0.00001,0.00000
34.61000,1.98000,0.99997,0.00000,0.00001,0.00002,0.00000
34.81000,1.98000,0.99998,0.00000,0.00001,0.00001,0.00000
35.01000,1.98000,0.99998,0.00000,0.00001,0.00002,0.00000
35.21000,1.98000,0.99996,0.00000,0.00001,0.00002,0.00000
35.41000,1.98000,0.99998,0.00000,0.00001,0.00001,0.00000
35.61000,1.98000,0.99997,0.00000,0.00001,0.00002,0.00000
35.81000,1.98000,0.99998,0.00000,0.00000,0.00001,0.00000
36.01000,1.98000,0.99998,0.00000,0.00000,0.00001,0.00000
36.21000,1.98000,0.99998,0.00000,0.00000,0.00001,0.00000
36.41000,1.98000,0.99998,0.00000,0.00000,0.00001,0.00000
36.61000,1.98000,0.99998,0.00000,0.00000,0.00001,0.00000
36.81000,1.98000,0.99999,0.00000,0.00000,0.00001,0.00000
37.01000,1.98000,0.99999,0.00000,0.00000,0.00001,0.00000
37.21000,1.98000,0.99999,0.00000,0.00000,0.00001,0.00000
37.41000,1.98000,0.99998,0.00000,0.00000,0.00001,0.00000
37.61000,1.98000,0.99999,0.00000,0.00000,0.00001,0.00000
37.81000,1.98000,0.99999,0.00000,0.00000,0.00001,0.00000
38.01000,1.98000,1.00000,0.00000,0.00000,0.00000,0.00000
38.21000,1.98000,0.99995,0.00000,0.00000,0.00004,0.00000
38.41000,1.98000,0.99964,0.00000,0.00001,0.00034,0.00001
38.61000,1.98000,0.99865,0.00001,0.00004,0.00126,0.00005
38.81000,1.98000,0.99005,0.00004,0.00027,0.00881,0.00082
39.01000,1.98000,0.91389,0.00026,0.00432,0.05398,0.02754
39.21000,1.98000,0.75991,0.00056,0.01622,0.11838,0.10494
39.41000,1.98000,0.95373,0.00004,0.00213,0.00635,0.03776
39.61000,1.98000,0.98978,0.00001,0.00134,0.00064,0.00823
39.81000,1.98000,0.99826,0.00000,0.00067,0.00005,0.00102
40.01000,1.98000,0.99930,0.00000,0.00038,0.00001,0.00030
40.21000,1.98000,0.99985,0.00000,0.00009,0.00000,0.00007
40.41000,1.98000,0.99989,0.00000,0.00007,0.00000,0.00004
40.61000,1.98000,0.99993,0.00000,0.00005,0.00000,0.00002
40.81000,1.98000,0.99996,0.00000,0.00004,0.00000,0.00001
41.01000,1.98000,0.99997,0.00000,0.00003,0.00000,0.00001
41.21000,1.98000,0.99997,0.00000,0.00003,0.00000,0.00001
41.41000,1.98000,0.99996,0.00000,0.00004,0.00000,0.00001
41.61000,1.98000,0.99996,0.00000,0.00003,0.00000,0.00001
41.81000,1.98000,0.99995,0.00000,0.00004,0.00000,0.00001
42.01000,1.98000,0.99996,0.00000,0.00003,0.00000,0.00000
42.21000,1.98000,0.99997,0.00000,0.00003,0.00000,0.00000
42.41000,1.98000,0.99997,0.00000,0.00003,0.00000,0.00000
42.61000,1.98000,0.99995,0.00000,0.00004,0.00000,0.00001
42.81000,1.98000,0.99996,0.00000,0.00003,0.00000,0.00000
43.01000,1.98000,0.99997,0.00000,0.00002,0.00000,0.00000
43.21000,1.98000,0.99995,0.00000,0.00004,0.00000,0.00000
43.41000,1.98000,0.99998,0.00000,0.00002,0.00000,0.00000
43.61000,1.98000,0.99998,0.00000,0.00002,0.00001,0.00000
43.81000,1.98000,0.99996,0.00000,0.00003,0.00001,0.00000
44.01000,1.98000,0.99990,0.00000,0.00006,0.00003,0.00001
44.21000,1.98000,0.99997,0.00000,0.00001,0.00001,0.00000
44.41000,1.98000,0.99998,0.00000,0.00001,0.00001,0.00000
44.61000,1.98000,0.99997,0.00000,0.00001,0.00001,0.00000
44.81000,1.98000,0.99998,0.00000,0.00001,0.00001,0.00000
45.01000,1.98000,0.99999,0.00000,0.00001,0.00001,0.00000
45.21000,1.98000,0.99996,0.00000,0.00001,0.00002,0.00000
45.41000,1.98000,0.99997,0.00000,0.00001,0.00002,0.00000
45.61000,1.98000,0.99999,0.00000,0.00001,0.00001,0.00000
45.81000,1.98000,0.99997,0.00000,0.00001,0.00002,0.00000
46.01000,1.98000,0.99998,0.00000,0.00001,0.00002,0.00000
46.21000,1.98000,0.99998,0.00000,0.00001,0.00002,0.00000
46.41000,1.98000,0.99998,0.00000,0.00001,0.00002,0.00000
46.61000,1.98000,0.99998,0.00000,0.00001,0.00002,0.00000
46.81000,1.98000,0.99997,0.00000,0.00001,0.00002,0.00000
47.01000,1.98000,0.99997,0.00000,0.00001,0.00002,0.00000
47.21000,1.98000,0.99998,0.00000,0.00001,0.00002,0.00000
47.41000,1.98000,0.99997,0.00000,0.00001,0.00002,0.00000
47.61000,1.98000,0.99997,0.00000,0.00001,0.00002,0.00000
47.81000,1.98000,0.99998,0.00000,0.00001,0.00001,0.00000
48.01000,1.98000,0.99997,0.00000,0.00001,0.00002,0.00000
48.21000,1.98000,0.99997,0.00000,0.00001,0.00002,0.00000
48.41000,1.98000,0.99994,0.00000,0.00001,0.00002,0.00002
48.61000,1.98000,0.99966,0.00000,0.00008,0.00008,0.00018
48.81000,1.98000,0.99901,0.00000,0.00015,0.00007,0.00077
49.01000,1.98000,0.99688,0.00000,0.00030,0.00009,0.00273
49.21000,1.98000,0.99637,0.00000,0.00037,0.00005,0.00322
49.41000,1.98000,0.99618,0.00000,0.00103,0.00007,0.00271
49.61000,1.98000,0.99912,0.00000,0.00027,0.00001,0.00059
49.81000,1.98000,0.99974,0.00000,0.00011,0.00000,0.00014
50.01000,1.98000,0.99984,0.00000,0.00011,0.00000,0.00005
50.21000,1.98000,0.99992,0.00000,0.00006,0.00000,0.00001
50.41000,1.98000,0.99995,0.00000,0.00005,0.00000,0.00000
50.61000,1.98000,0.99997,0.00000,0.00003,0.00000,0.00000
50.81000,1.98000,0.99997,0.00000,0.00003,0.00000,0.00000
51.01000,1.98000,0.99997,0.00000,0.00003,0.00000,0.00000
51.21000,1.98000,0.99997,0.00000,0.00002,0.00000,0.00000
51.41000,1.98000,0.99997,0.00000,0.00002,0.00001,0.00000
51.61000,1.98000,0.99995,0.00000,0.00003,0.00002,0.00001
51.81000,1.98000,0.99970,0.00000,0.00013,0.00014,0.00003
52.01000,1.98000,0.99980,0.00000,0.00009,0.00009,0.00002
52.21000,1.98000,0.99969,0.00000,0.00011,0.00017,0.00002
52.41000,1.98000,0.99992,0.00000,0.00003,0.00005,0.00001
52.61000,1.98000,0.99997,0.00000,0.00001,0.00002,0.00000
52.81000,1.98000,0.99997,0.00000,0.00001,0.00002,0.00000
53.01000,1.98000,0.99997,0.00000,0.00001,0.00002,0.00000
53.21000,1.98000,0.99997,0.00000,0.00001,0.00002,0.00000
53.41000,1.98000,0.99998,0.00000,0.00001,0.00001,0.00000
53.61000,1.98000,0.99998,0.00000,0.00001,0.00001,0.00000
53.81000,1.98000,0.99999,0.00000,0.00000,0.00001,0.00000
54.01000,1.98000,0.99997,0.00000,0.00001,0.00002,0.00000
54.21000,1.98000,0.99997,0.00000,0.00001,0.00002,0.00000
54.41000,1.98000,0.99997,0.00000,0.00001,0.00002,0.00000
54.61000,1.98000,0.99998,0.00000,0.00000,0.00001,0.00000
54.81000,1.98000,0.99998,0.00000,0.00001,0.00002,0.00000
55.01000,1.98000,0.99997,0.00000,0.00001,0.00002,0.00000
55.21000,1.98000,0.99998,0.00000,0.00000,0.00001,0.00000
55.41000,1.98000,0.99998,0.00000,0.00001,0.00002,0.00000
55.61000,1.98000,0.99998,0.00000,0.00000,0.00001,0.00000
55.81000,1.98000,0.99998,0.00000,0.00000,0.00001,0.00000
56.01000,1.98000,0.99998,0.00000,0.00000,0.00001,0.00000
56.21000,1.98000,0.99998,0.00000,0.00000,0.00001,0.00000
56.41000,1.98000,0.99998,0.00000,0.00000,0.00001,0.00000
56.61000,1.98000,0.99999,0.00000,0.00000,0.00001,0.00000
56.81000,1.98000,0.99999,0.00000,0.00000,0.00001,0.00000
57.01000,1.98000,0.99999,0.00000,0.00000,0.00001,0.00000
57.21000,1.98000,0.99998,0.00000,0.00000,0.00001,0.00000
57.41000,1.98000,0.99998,0.00000,0.00000,0.00001,0.00000
57.61000,1.98000,0.99999,0.00000,0.00000,0.00001,0.00000
57.81000,1.98000,0.99999,0.00000,0.00000,0.00001,0.00000
58.01000,1.98000,0.99999,0.00000,0.00000,0.00001,0.00000
58.21000,1.98000,1.00000,0.00000,0.00000,0.00000,0.00000
58.41000,1.98000,0.99995,0.00000,0.00000,0.00004,0.00000
58.61000,1.98000,0.99991,0.00000,0.00001,0.00008,0.00000
58.81000,1.98000,0.99932,0.00000,0.00003,0.00061,0.00004
59.01000,1.98000,0.99157,0.00001,0.00037,0.00700,0.00105
59.21000,1.98000,0.87712,0.00015,0.00662,0.08658,0.02953
59.41000,1.98000,0.88638,0.00005,0.01013,0.04409,0.05934
59.61000,1.98000,0.87890,0.00007,0.00696,0.03392,0.08015
59.81000,1.98000,0.97492,0.00000,0.00257,0.00211,0.02040
60.01000,1.98000,0.99812,0.00000,0.00070,0.00009,0.00109
60.21000,1.98000,0.99927,0.00000,0.00039,0.00002,0.00033
60.41000,1.98000,0.99990,0.00000,0.00006,0.00000,0.00004
60.61000,1.98000,0.99993,0.00000,0.00006,0.00000,0.00002
60.81000,1.98000,0.99996,0.00000,0.00003,0.00000,0.00001
61.01000,1.98000,0.99996,0.00000,0.00003,0.00000,0.00001
61.21000,1.98000,0.99997,0.00000,0.00003,0.00000,0.00000
61.41000,1.98000,0.99997,0.00000,0.00003,0.00000,0.00000
61.61000,1.98000,0.99997,0.00000,0.00003,0.00000,0.00001
61.81000,1.98000,0.99997,0.00000,0.00003,0.00000,0.00000
62.01000,1.98000,0.99997,0.00000,0.00003,0.00000,0.00000
62.21000,1.98000,0.99997,0.00000,0.00003,0.00000,0.00000
62.41000,1.98000,0.99997,0.00000,0.00003,0.00000,0.00000
62.61000,1.98000,0.99997,0.00000,0.00002,0.00000,0.00000
62.81000,1.98000,0.99997,0.00000,0.00002,0.00000,0.00000
63.01000,1.98000,0.99998,0.00000,0.00002,0.00000,0.00000
63.21000,1.98000,0.99997,0.00000,0.00003,0.00000,0.00000
63.41000,1.98000,0.99998,0.00000,0.00002,0.00000,0.00000
63.61000,1.98000,0.99997,0.00000,0.00003,0.00000,0.00000
63.81000,1.98000,0.99996,0.00000,0.00003,0.00000,0.00000
64.01000,1.98000,0.99996,0.00000,0.00004,0.00000,0.00000
64.21000,1.98000,0.99995,0.00000,0.00004,0.00001,0.00000
64.41000,1.98000,0.99995,0.00000,0.00004,0.00001,0.00000
64.61000,1.98000,0.99997,0.00000,0.00002,0.00001,0.00000
64.81000,1.98000,0.99999,0.00000,0.00001,0.00000,0.00000
65.01000,1.98000,0.99999,0.00000,0.00001,0.00000,0.00000
65.21000,1.98000,0.99999,0.00000,0.00001,0.00000,0.00000
65.41000,1.98000,0.99999,0.00000,0.00001,0.00001,0.00000
65.61000,1.98000,0.99999,0.00000,0.00000,0.00001,0.00000
65.81000,1.98000,0.99999,0.00000,0.00000,0.00001,0.00000
66.01000,1.98000,0.99998,0.00000,0.00001,0.00001,0.00000
66.21000,1.98000,0.99998,0.00000,0.00000,0.00001,0.00000
66.41000,1.98000,0.99998,0.00000,0.00000,0.00001,0.00000
66.61000,1.98000,0.99999,0.00000,0.00000,0.00001,0.00000
66.81000,1.98000,0.99999,0.00000,0.00000,0.00001,0.00000
67.01000,1.98000,0.99999,0.00000,0.00000,0.00001,0.00000
67.21000,1.98000,0.99999,0.00000,0.00000,0.00001,0.00000
67.41000,1.98000,0.99998,0.00000,0.00000,0.00001,0.00000
67.61000,1.98000,0.99999,0.00000,0.00000,0.00001,0.00000
67.81000,1.98000,0.99999,0.00000,0.00000,0.00001,0.00000
68.01000,1.98000,0.99990,0.00000,0.00000,0.00009,0.00000
68.21000,1.98000,0.99950,0.00000,0.00002,0.00044,0.00004
68.41000,1.98000,0.99482,0.00001,0.00014,0.00416,0.00087
68.61000,1.98000,0.93804,0.00006,0.00315,0.03949,0.01926
68.81000,1.98000,0.89251,0.00010,0.00660,0.05335,0.04744
69.01000,1.98000,0.96975,0.00001,0.00135,0.00460,0.02429
69.21000,1.98000,0.97533,0.00001,0.00192,0.00313,0.01961
69.41000,1.98000,0.99657,0.00000,0.00074,0.00029,0.00241
69.61000,1.98000,0.99919,0.00000,0.00043,0.00003,0.00035
69.81000,1.98000,0.99980,0.00000,0.00012,0.00000,0.00008
70.01000,1.98000,0.99994,0.00000,0.00004,0.00000,0.00002
70.21000,1.98000,0.99994,0.00000,0.00005,0.00000,0.00001
70.41000,1.98000,0.99996,0.00000,0.00003,0.00000,0.00001
70.61000,1.98000,0.99996,0.00000,0.00003,0.00000,0.00001
70.81000,1.98000,0.99997,0.00000,0.00003,0.00000,0.00001
71.01000,1.98000,0.99996,0.00000,0.00003,0.00000,0.00001
71.21000,1.98000,0.99997,0.00000,0.00002,0.00000,0.00000
71.41000,1.98000,0.99997,0.00000,0.00003,0.00000,0.00001
71.61000,1.98000,0.99997,0.00000,0.00003,0.00000,0.00000
71.81000,1.98000,0.99997,0.00000,0.00003,0.00000,0.00000
72.01000,1.98000,0.99997,0.00000,0.00002,0.00000,0.00000
72.21000,1.98000,0.99997,0.00000,0.00003,0.00000,0.00000
72.41000,1.98000,0.99997,0.00000,0.00003,0.00000,0.00000
72.61000,1.98000,0.99997,0.00000,0.00003,0.00000,0.00000
72.81000,1.98000,0.99996,0.00000,0.00003,0.00000,0.00000
73.01000,1.98000,0.99996,0.00000,0.00003,0.00000,0.00000
73.21000,1.98000,0.99996,0.00000,0.00003,0.00000,0.00000
73.41000,1.98000,0.99996,0.00000,0.00004,0.00000,0.00000
73.61000,1.98000,0.99996,0.00000,0.00003,0.00000,0.00000
73.81000,1.98000,0.99996,0.00000,0.00003,0.00000,0.00000
74.01000,1.98000,0.99997,0.00000,0.00002,0.00000,0.00000
74.21000,1.98000,0.99998,0.00000,0.00002,0.00000,0.00000
74.41000,1.98000,0.99998,0.00000,0.00002,0.00000,0.00000
74.61000,1.98000,0.99998,0.00000,0.00001,0.00001,0.00000
74.81000,1.98000,0.99998,0.00000,0.00001,0.00001,0.00000
75.01000,1.98000,0.99998,0.00000,0.00001,0.00001,0.00000
75.21000,1.98000,0.99998,0.00000,0.00001,0.00001,0.00000
75.41000,1.98000,0.99998,0.00000,0.00001,0.00001,0.00000
75.61000,1.98000,0.99999,0.00000,0.00000,0.00001,0.00000
75.81000,1.98000,0.99999,0.00000,0.00000,0.00001,0.00000
76.01000,1.98000,0.99997,0.00000,0.00001,0.00002,0.00000
76.21000,1.98000,0.99998,0.00000,0.00001,0.00001,0.00000
76.41000,1.98000,0.99997,0.00000,0.00001,0.00002,0.00000
76.61000,1.98000,0.99995,0.00000,0.00002,0.00003,0.00000
76.81000,1.98000,0.99995,0.00000,0.00002,0.00003,0.00000
77.01000,1.98000,0.99996,0.00000,0.00001,0.00002,0.00000
77.21000,1.98000,0.99995,0.00000,0.00002,0.00003,0.00000
77.41000,1.98000,0.99996,0.00000,0.00002,0.00003,0.00000
77.61000,1.98000,0.99995,0.00000,0.00002,0.00003,0.00000
77.81000,1.98000,0.99997,0.00000,0.00001,0.00002,0.00000
78.01000,1.98000,1.00000,0.00000,0.00000,0.00000,0.00000
78.21000,1.98000,0.99994,0.00000,0.00001,0.00006,0.00000
78.41000,1.98000,0.99989,0.00000,0.00001,0.00010,0.00000
78.61000,1.98000,0.99939,0.00000,0.00004,0.00054,0.00002
78.81000,1.98000,0.99653,0.00000,0.00021,0.00278,0.00047
79.01000,1.98000,0.84472,0.00032,0.01289,0.12017,0.02189
79.21000,1.98000,0.94503,0.00002,0.00501,0.02208,0.02786
79.41000,1.98000,0.91118,0.00007,0.01005,0.03479,0.04391
79.61000,1.98000,0.98429,0.00000,0.00136,0.00181,0.01253
79.81000,1.98000,0.99876,0.00000,0.00062,0.00009,0.00053
80.01000,1.98000,0.99946,0.00000,0.00032,0.00002,0.00020
80.21000,1.98000,0.99981,0.00000,0.00014,0.00000,0.00004
80.41000,1.98000,0.99994,0.00000,0.00005,0.00000,0.00001
80.61000,1.98000,0.99997,0.00000,0.00003,0.00000,0.00000
80.81000,1.98000,0.99996,0.00000,0.00004,0.00000,0.00001
81.01000,1.98000,0.99996,0.00000,0.00003,0.00000,0.00001
81.21000,1.98000,0.99995,0.00000,0.00005,0.00000,0.00001
81.41000,1.98000,0.99996,0.00000,0.00004,0.00000,0.00001
81.61000,1.98000,0.99996,0.00000,0.00004,0.00000,0.00000
81.81000,1.98000,0.99998,0.00000,0.00002,0.00000,0.00000
82.01000,1.98000,0.99996,0.00000,0.00004,0.00000,0.00001
82.21000,1.98000,0.99996,0.00000,0.00004,0.00000,0.00001
82.41000,1.98000,0.99995,0.00000,0.00004,0.00000,0.00001
82.61000,1.98000,0.99994,0.00000,0.00003,0.00001,0.00002
82.81000,1.98000,0.99985,0.00000,0.00007,0.00003,0.00006
83.01000,1.98000,0.99985,0.00000,0.00007,0.00006,0.00003
83.21000,1.98000,0.99992,0.00000,0.00003,0.00003,0.00002
83.41000,1.98000,0.99984,0.00000,0.00005,0.00009,0.00002
83.61000,1.98000,0.99997,0.00000,0.00001,0.00002,0.00000
83.81000,1.98000,0.99998,0.00000,0.00000,0.00001,0.00000
84.01000,1.98000,0.99999,0.00000,0.00000,0.00001,0.00000
84.21000,1.98000,0.99998,0.00000,0.00000,0.00001,0.00000
84.41000,1.98000,0.99997,0.00000,0.00001,0.00002,0.00000
84.61000,1.98000,0.99996,0.00000,0.00001,0.00003,0.00000
84.81000,1.98000,0.99999,0.00000,0.00000,0.00001,0.00000
85.01000,1.98000,0.99999,0.00000,0.00000,0.00001,0.00000
85.21000,1.98000,0.99997,0.00000,0.00001,0.00002,0.00000
85.41000,1.98000,0.99999,0.00000,0.00000,0.00001,0.00000
85.61000,1.98000,0.99997,0.00000,0.00001,0.00002,0.00000
85.81000,1.98000,0.99999,0.00000,0.00000,0.00001,0.00000
86.01000,1.98000,0.99998,0.00000,0.00000,0.00001,0.00000
86.21000,1.98000,0.99999,0.00000,0.00000,0.00001,0.00000
86.41000,1.98000,0.99998,0.00000,0.00000,0.00001,0.00000
86.61000,1.98000,0.99999,0.00000,0.00000,0.00001,0.00000
86.81000,1.98000,0.99999,0.00000,0.00000,0.00001,0.00000
87.01000,1.98000,0.99998,0.00000,0.00000,0.00001,0.00000
87.21000,1.98000,0.99999,0.00000,0.00000,0.00001,0.00000
87.41000,1.98000,0.99998,0.00000,0.00000,0.00001,0.00000
87.61000,1.98000,0.99998,0.00000,0.00000,0.00001,0.00000
87.81000,1.98000,0.99999,0.00000,0.00000,0.00001,0.00000
88.01000,1.98000,0.99999,0.00000,0.00000,0.00001,0.00000
88.21000,1.98000,0.99999,0.00000,0.00000,0.00001,0.00000
88.41000,1.98000,0.99998,0.00000,0.00000,0.00002,0.00000
88.61000,1.98000,0.99996,0.00000,0.00000,0.00004,0.00000
88.81000,1.98000,0.99974,0.00000,0.00001,0.00024,0.00001
89.01000,1.98000,0.99564,0.00001,0.00015,0.00374,0.00046
89.21000,1.98000,0.95311,0.00006,0.00234,0.03281,0.01168
89.41000,1.98000,0.90797,0.00010,0.00791,0.04702,0.03701
89.61000,1.98000,0.86832,0.00007,0.01281,0.03798,0.08082
89.81000,1.98000,0.94453,0.00002,0.00522,0.00649,0.04374
90.01000,1.98000,0.99252,0.00000,0.00109,0.00031,0.00608
90.21000,1.98000,0.99663,0.00000,0.00178,0.00008,0.00151
90.41000,1.98000,0.99949,0.00000,0.00031,0.00000,0.00020
90.61000,1.98000,0.99990,0.00000,0.00006,0.00000,0.00004
90.81000,1.98000,0.99992,0.00000,0.00006,0.00000,0.00002
91.01000,1.98000,0.99993,0.00000,0.00006,0.00000,0.00001
91.21000,1.98000,0.99995,0.00000,0.00004,0.00000,0.00001
91.41000,1.98000,0.99994,0.00000,0.00005,0.00000,0.00001
91.61000,1.98000,0.99996,0.00000,0.00003,0.00000,0.00001
91.81000,1.98000,0.99995,0.00000,0.00004,0.00000,0.00001
92.01000,1.98000,0.99995,0.00000,0.00004,0.00000,0.00001
92.21000,1.98000,0.99995,0.00000,0.00004,0.00000,0.00001
92.41000,1.98000,0.99995,0.00000,0.00004,0.00000,0.00000
92.61000,1.98000,0.99995,0.00000,0.00004,0.00000,0.00000
92.81000,1.98000,0.99995,0.00000,0.00004,0.00000,0.00000
93.01000,1.98000,0.99996,0.00000,0.00004,0.00000,0.00000
93.21000,1.98000,0.99995,0.00000,0.00004,0.00000,0.00000
93.41000,1.98000,0.99995,0.00000,0.00004,0.00000,0.00000
93.61000,1.98000,0.99997,0.00000,0.00002,0.00000,0.00000
93.81000,1.98000,0.99997,0.00000,0.00002,0.00000,0.00000
94.01000,1.98000,0.99999,0.00000,0.00001,0.00000,0.00000
94.21000,1.98000,0.99999,0.00000,0.00001,0.00000,0.00000
94.41000,1.98000,0.99998,0.00000,0.00001,0.00000,0.00000
94.61000,1.98000,0.99996,0.00000,0.00002,0.00002,0.00000
94.81000,1.98000,0.99995,0.00000,0.00003,0.00002,0.00000
95.01000,1.98000,0.99990,0.00000,0.00006,0.00004,0.00000
95.21000,1.98000,0.99929,0.00000,0.00030,0.00037,0.00003
95.41000,1.98000,0.99939,0.00000,0.00030,0.00027,0.00003
95.61000,1.98000,0.99990,0.00000,0.00004,0.00004,0.00001
95.81000,1.98000,0.99966,0.00000,0.00026,0.00006,0.00002
96.01000,1.98000,0.99927,0.00000,0.00057,0.00015,0.00001
96.21000,1.98000,0.99959,0.00000,0.00023,0.00018,0.00000
96.41000,1.98000,0.99992,0.00000,0.00004,0.00003,0.00000
96.61000,1.98000,0.99955,0.00000,0.00029,0.00015,0.00001
96.81000,1.98000,0.99993,0.00000,0.00003,0.00004,0.00000
97.01000,1.98000,0.99993,0.00000,0.00004,0.00003,0.00000
97.21000,1.98000,0.99995,0.00000,0.00002,0.00003,0.00000
97.41000,1.98000,0.99997,0.00000,0.00001,0.00002,0.00000
97.61000,1.98000,0.99998,0.00000,0.00001,0.00001,0.00000
97.81000,1.98000,0.99997,0.00000,0.00001,0.00002,0.00000
98.01000,1.98000,0.99998,0.00000,0.00000,0.00001,0.00000
98.21000,1.98000,0.99999,0.00000,0.00000,0.00001,0.00000
98.41000,1.98000,0.99998,0.00000,0.00000,0.00002,0.00000
98.61000,1.98000,0.99990,0.00000,0.00002,0.00008,0.00000
98.81000,1.98000,0.99923,0.00000,0.00011,0.00058,0.00007
99.01000,1.98000,0.96717,0.00008,0.00566,0.02417,0.00293
99.21000,1.98000,0.91288,0.00024,0.01542,0.05943,0.01203
99.41000,1.98000,0.87520,0.00028,0.02866,0.08092,0.01494
99.61000,1.98000,0.93525,0.00018,0.00952,0.03657,0.01848
99.81000,1.98000,0.99463,0.00001,0.00232,0.00177,0.00127
100.01000,1.98000,0.99848,0.00000,0.00110,0.00030,0.00012
100.21000,1.98000,0.99948,0.00000,0.00036,0.00012,0.00003
100.41000,1.98000,0.99987,0.00000,0.00010,0.00003,0.00000
100.61000,1.98000,0.99996,0.00000,0.00003,0.00001,0.00000
100.81000,1.98000,0.99994,0.00000,0.00005,0.00001,0.00000
101.01000,1.98000,0.99997,0.00000,0.00002,0.00001,0.00000
101.21000,1.98000,0.99997,0.00000,0.00002,0.00001,0.00000
101.41000,1.98000,0.99997,0.00000,0.00002,0.00001,0.00000
101.61000,1.98000,0.99997,0.00000,0.00002,0.00001,0.00000
101.81000,1.98000,0.99998,0.00000,0.00001,0.00000,0.00000
102.01000,1.98000,0.99998,0.00000,0.00002,0.00001,0.00000
102.21000,1.98000,0.99997,0.00000,0.00002,0.00001,0.00000
102.41000,1.98000,0.99998,0.00000,0.00001,0.00001,0.00000
102.61000,1.98000,0.99997,0.00000,0.00002,0.00001,0.00000
102.81000,1.98000,0.99997,0.00000,0.00002,0.00001,0.00000
103.01000,1.98000,0.99996,0.00000,0.00002,0.00001,0.00000
103.21000,1.98000,0.99998,0.00000,0.00001,0.00001,0.00000
103.41000,1.98000,0.99998,0.00000,0.00001,0.00001,0.00000
103.61000,1.98000,0.99997,0.00000,0.00002,0.00001,0.00000
103.81000,1.98000,0.99997,0.00000,0.00002,0.00001,0.00000
104.01000,1.98000,0.99996,0.00000,0.00002,0.00002,0.00000
104.21000,1.98000,0.99997,0.00000,0.00002,0.00001,0.00000
104.41000,1.98000,0.99998,0.00000,0.00001,0.00001,0.00000
104.61000,1.98000,0.99999,0.00000,0.00001,0.00001,0.00000
104.81000,1.98000,0.99998,0.00000,0.00001,0.00001,0.00000
105.01000,1.98000,0.99999,0.00000,0.00001,0.00001,0.00000
105.21000,1.98000,0.99998,0.00000,0.00001,0.00001,0.00000
105.41000,1.98000,0.99998,0.00000,0.00001,0.00001,0.00000
105.61000,1.98000,0.99996,0.00000,0.00002,0.00003,0.00000
105.81000,1.98000,0.99996,0.00000,0.00002,0.00002,0.00000
106.01000,1.98000,0.99998,0.00000,0.00001,0.00001,0.00000
106.21000,1.98000,0.99999,0.00000,0.00000,0.00001,0.00000
106.41000,1.98000,0.99998,0.00000,0.00001,0.00001,0.00000
106.61000,1.98000,0.99999,0.00000,0.00001,0.00001,0.00000
106.81000,1.98000,0.99996,0.00000,0.00002,0.00002,0.00000
107.01000,1.98000,0.99997,0.00000,0.00001,0.00002,0.00000
107.21000,1.98000,0.99997,0.00000,0.00001,0.00002,0.00000
107.41000,1.98000,0.99997,0.00000,0.00001,0.00001,0.00000
107.61000,1.98000,0.99999,0.00000,0.00000,0.00001,0.00000
107.81000,1.98000,0.99999,0.00000,0.00000,0.00001,0.00000
108.01000,1.98000,0.99985,0.00000,0.00001,0.00013,0.00000
108.21000,1.98000,0.99987,0.00000,0.00002,0.00010,0.00001
108.41000,1.98000,0.99500,0.00001,0.00037,0.00397,0.00065
108.61000,1.98000,0.97978,0.00003,0.00256,0.00955,0.00809
108.81000,1.98000,0.93248,0.00009,0.01069,0.03073,0.02601
109.01000,1.98000,0.92428,0.00004,0.01063,0.01940,0.04565
109.21000,1.98000,0.98043,0.00001,0.00182,0.00228,0.01546
109.41000,1.98000,0.99836,0.00000,0.00075,0.00011,0.00078
109.61000,1.98000,0.99871,0.00000,0.00092,0.00004,0.00033
109.81000,1.98000,0.99970,0.00000,0.00021,0.00001,0.00009
110.01000,1.98000,0.99996,0.00000,0.00003,0.00000,0.00001
110.21000,1.98000,0.99995,0.00000,0.00004,0.00000,0.00001
110.41000,1.98000,0.99995,0.00000,0.00005,0.00000,0.00001
110.61000,1.98000,0.99996,0.00000,0.00003,0.00000,0.00000
110.81000,1.98000,0.99996,0.00000,0.00004,0.00000,0.00000
111.01000,1.98000,0.99997,0.00000,0.00002,0.00000,0.00000
111.21000,1.98000,0.99997,0.00000,0.00003,0.00000,0.00000
111.41000,1.98000,0.99997,0.00000,0.00003,0.00000,0.00000
111.61000,1.98000,0.99997,0.00000,0.00003,0.00000,0.00000
111.81000,1.98000,0.99997,0.00000,0.00002,0.00000,0.00000
112.01000,1.98000,0.99996,0.00000,0.00003,0.00000,0.00000
112.21000,1.98000,0.99997,0.00000,0.00002,0.00000,0.00000
112.41000,1.98000,0.99997,0.00000,0.00003,0.00000,0.00000
112.61000,1.98000,0.99992,0.00000,0.00007,0.00001,0.00000
112.81000,1.98000,0.99994,0.00000,0.00005,0.00001,0.00000
113.01000,1.98000,0.99993,0.00000,0.00004,0.00002,0.00000
113.21000,1.98000,0.99996,0.00000,0.00003,0.00001,0.00000
113.41000,1.98000,0.99998,0.00000,0.00001,0.00001,0.00000
113.61000,1.98000,0.99998,0.00000,0.00001,0.00001,0.00000
113.81000,1.98000,0.99994,0.00000,0.00003,0.00003,0.00000
114.01000,1.98000,0.99994,0.00000,0.00003,0.00003,0.00000
114.21000,1.98000,0.99999,0.00000,0.00000,0.00000,0.00000
114.41000,1.98000,0.99999,0.00000,0.00000,0.00001,0.00000
114.61000,1.98000,0.99998,0.00000,0.00001,0.00002,0.00000
114.81000,1.98000,0.99995,0.00000,0.00002,0.00004,0.00000
115.01000,1.98000,0.99997,0.00000,0.00001,0.00002,0.00000
115.21000,1.98000,0.99996,0.00000,0.00001,0.00003,0.00000
115.41000,1.98000,0.99998,0.00000,0.00001,0.00001,0.00000
115.61000,1.98000,0.99999,0.00000,0.00000,0.00001,0.00000
115.81000,1.98000,0.99998,0.00000,0.00001,0.00001,0.00000
116.01000,1.98000,0.99998,0.00000,0.00001,0.00002,0.00000
116.21000,1.98000,0.99998,0.00000,0.00001,0.00001,0.00000
116.41000,1.98000,0.99998,0.00000,0.00001,0.00001,0.00000
116.61000,1.98000,0.99999,0.00000,0.00000,0.00001,0.00000
116.81000,1.98000,0.99998,0.00000,0.00000,0.00001,0.00000
117.01000,1.98000,0.99999,0.00000,0.00000,0.00001,0.00000
117.21000,1.98000,0.99998,0.00000,0.00001,0.00001,0.00000
117.41000,1.98000,0.99998,0.00000,0.00001,0.00002,0.00000
117.61000,1.98000,0.99998,0.00000,0.00001,0.00002,0.00000
117.81000,1.98000,0.99997,0.00000,0.00001,0.00002,0.00000
118.01000,1.98000,0.99997,0.00000,0.00001,0.00002,0.00000
118.21000,1.98000,0.99997,0.00000,0.00001,0.00003,0.00000
118.41000,1.98000,0.99990,0.00000,0.00001,0.00009,0.00000
118.61000,1.98000,0.99975,0.00000,0.00002,0.00023,0.00001
118.81000,1.98000,0.99691,0.00001,0.00022,0.00272,0.00015
119.01000,1.98000,0.96902,0.00004,0.00236,0.02476,0.00381
119.21000,1.98000,0.89686,0.00012,0.01233,0.05850,0.03219
119.41000,1.98000,0.96485,0.00002,0.00584,0.01194,0.01735
119.61000,1.98000,0.95599,0.00001,0.00697,0.00590,0.03112
119.81000,1.98000,0.99739,0.00000,0.00074,0.00036,0.00151
120.01000,1.98000,0.99778,0.00000,0.00167,0.00008,0.00048
120.21000,1.98000,0.99905,0.00000,0.00084,0.00001,0.00010
120.41000,1.98000,0.99983,0.00000,0.00015,0.00000,0.00002
120.61000,1.98000,0.99995,0.00000,0.00004,0.00000,0.00001
120.81000,1.98000,0.99993,0.00000,0.00006,0.00000,0.00001
121.01000,1.98000,0.99994,0.00000,0.00006,0.00000,0.00000
121.21000,1.98000,0.99994,0.00000,0.00005,0.00000,0.00000
121.41000,1.98000,0.99994,0.00000,0.00005,0.00000,0.00000
121.61000,1.98000,0.99996,0.00000,0.00004,0.00000,0.00000
121.81000,1.98000,0.99997,0.00000,0.00002,0.00000,0.00000
122.01000,1.98000,0.99999,0.00000,0.00001,0.00000,0.00000
122.21000,1.98000,0.99998,0.00000,0.00002,0.00000,0.00000
122.41000,1.98000,0.99994,0.00000,0.00004,0.00001,0.00000
122.61000,1.98000,0.99970,0.00000,0.00013,0.00013,0.00004
122.81000,1.98000,0.99925,0.00001,0.00036,0.00031,0.00007
123.01000,1.98000,0.99904,0.00002,0.00042,0.00045,0.00006
123.21000,1.98000,0.99957,0.00002,0.00018,0.00021,0.00003
123.41000,1.98000,0.99974,0.00003,0.00005,0.00015,0.00002
123.61000,1.98000,0.99987,0.00000,0.00007,0.00005,0.00001
123.81000,1.98000,0.99984,0.00001,0.00003,0.00010,0.00001
124.01000,1.98000,0.99982,0.00000,0.00003,0.00014,0.00001
124.21000,1.98000,0.99981,0.00000,0.00002,0.00017,0.00000
124.41000,1.98000,0.99985,0.00000,0.00003,0.00012,0.00000
124.61000,1.98000,0.99965,0.00000,0.00007,0.00028,0.00001
124.81000,1.98000,0.99979,0.00000,0.00005,0.00015,0.00001
125.01000,1.98000,0.99973,0.00000,0.00007,0.00019,0.00001
125.21000,1.98000,0.99999,0.00000,0.00000,0.00001,0.00000
125.41000,1.98000,0.99998,0.00000,0.00001,0.00001,0.00000
125.61000,1.98000,0.99999,0.00000,0.00001,0.00001,0.00000
125.81000,1.98000,0.99998,0.00000,0.00001,0.00001,0.00000
126.01000,1.98000,0.99999,0.00000,0.00001,0.00001,0.00000
126.21000,1.98000,0.99998,0.00000,0.00001,0.00001,0.00000
126.41000,1.98000,0.99999,0.00000,0.00001,0.00001,0.00000
126.61000,1.98000,0.99998,0.00000,0.00001,0.00001,0.00000
126.81000,1.98000,0.99999,0.00000,0.00000,0.00001,0.00000
127.01000,1.98000,0.99998,0.00000,0.00001,0.00001,0.00000
127.21000,1.98000,0.99999,0.00000,0.00000,0.00001,0.00000
127.41000,1.98000,0.99999,0.00000,0.00000,0.00001,0.00000
127.61000,1.98000,0.99999,0.00000,0.00000,0.00001,0.00000
127.81000,1.98000,0.99998,0.00000,0.00001,0.00001,0.00000
128.00999,1.98001,0.99998,0.00000,0.00001,0.00001,0.00000
128.21001,1.98000,0.99996,0.00000,0.00002,0.00001,0.00001
128.41000,1.98000,0.99990,0.00000,0.00006,0.00002,0.00002
128.61000,1.98000,0.99983,0.00000,0.00008,0.00003,0.00006
128.81000,1.98000,0.99907,0.00003,0.00054,0.00018,0.00018
129.00999,1.98001,0.94011,0.00052,0.03402,0.00805,0.01728
129.21001,1.98000,0.42499,0.00538,0.45671,0.06046,0.05245
129.41000,1.98000,0.94851,0.00069,0.03835,0.00287,0.00958
129.61000,1.98000,0.98888,0.00000,0.01033,0.00017,0.00061
129.81000,1.98000,0.99296,0.00000,0.00639,0.00016,0.00049
130.00999,1.98001,0.99823,0.00000,0.00160,0.00010,0.00008
130.21001,1.98000,0.99905,0.00000,0.00086,0.00003,0.00006
130.41000,1.98000,0.99977,0.00000,0.00021,0.00000,0.00001
130.61000,1.98000,0.99994,0.00000,0.00005,0.00000,0.00001
130.81000,1.98000,0.99995,0.00000,0.00004,0.00000,0.00001
131.00999,1.98001,0.99994,0.00000,0.00005,0.00000,0.00001
131.21001,1.98000,0.99992,0.00000,0.00007,0.00000,0.00001
131.41000,1.98000,0.99987,0.00000,0.00011,0.00000,0.00001
131.61000,1.98000,0.99989,0.00000,0.00010,0.00000,0.00001
131.81000,1.98000,0.99992,0.00000,0.00007,0.00000,0.00001
132.00999,1.98001,0.99993,0.00000,0.00005,0.00001,0.00000
132.21001,1.98000,0.99998,0.00000,0.00001,0.00000,0.00000
132.41000,1.98000,0.99998,0.00000,0.00001,0.00001,0.00000
132.61000,1.98000,0.99997,0.00000,0.00002,0.00001,0.00000
132.81000,1.98000,0.99998,0.00000,0.00001,0.00001,0.00000
133.00999,1.98001,0.99999,0.00000,0.00001,0.00001,0.00000
133.21001,1.98000,0.99999,0.00000,0.00001,0.00001,0.00000
133.41000,1.98000,0.99999,0.00000,0.00000,0.00001,0.00000
133.61000,1.98000,0.99999,0.00000,0.00000,0.00001,0.00000
133.81000,1.98000,0.99999,0.00000,0.00000,0.00001,0.00000
134.00999,1.98001,0.99998,0.00000,0.00001,0.00002,0.00000
134.21001,1.98000,0.99998,0.00000,0.00001,0.00002,0.00000
134.41000,1.98000,0.99998,0.00000,0.00001,0.00001,0.00000
134.61000,1.98000,0.99997,0.00000,0.00001,0.00002,0.00000
134.81000,1.98000,0.99998,0.00000,0.00001,0.00001,0.00000
135.00999,1.98001,0.99998,0.00000,0.00000,0.00001,0.00000
135.21001,1.98000,0.99999,0.00000,0.00000,0.00001,0.00000
135.41000,1.98000,0.99999,0.00000,0.00000,0.00001,0.00000
135.61000,1.98000,0.99998,0.00000,0.00001,0.00001,0.00000
135.81000,1.98000,0.99993,0.00000,0.00002,0.00005,0.00000
136.00999,1.98001,0.99956,0.00000,0.00008,0.00034,0.00002
136.21001,1.98000,0.99320,0.00002,0.00112,0.00488,0.00077
136.41000,1.98000,0.92709,0.00022,0.02041,0.03672,0.01555
136.61000,1.98000,0.96642,0.00003,0.00661,0.00782,0.01912
136.81000,1.98000,0.95865,0.00005,0.00857,0.00895,0.02378
137.00999,1.98001,0.98963,0.00000,0.00554,0.00081,0.00402
137.21001,1.98000,0.99679,0.00000,0.00214,0.00019,0.00089
137.41000,1.98000,0.99949,0.00000,0.00031,0.00003,0.00017
137.61000,1.98000,0.99993,0.00000,0.00005,0.00000,0.00002
137.81000,1.98000,0.99996,0.00000,0.00003,0.00000,0.00001
138.00999,1.98001,0.99995,0.00000,0.00004,0.00000,0.00000
138.21001,1.98000,0.99995,0.00000,0.00004,0.00000,0.00000
138.41000,1.98000,0.99997,0.00000,0.00002,0.00000,0.00000
138.61000,1.98000,0.99997,0.00000,0.00002,0.00000,0.00000
138.81000,1.98000,0.99996,0.00000,0.00003,0.00000,0.00000
139.00999,1.98001,0.99996,0.00000,0.00003,0.00000,0.00000
139.21001,1.98000,0.99997,0.00000,0.00003,0.00000,0.00000
139.41000,1.98000,0.99997,0.00000,0.00002,0.00001,0.00000
139.61000,1.98000,0.99999,0.00000,0.00001,0.00000,0.00000
139.81000,1.98000,0.99999,0.00000,0.00001,0.00000,0.00000
140.00999,1.98001,0.99997,0.00000,0.00001,0.00001,0.00000
140.21001,1.98000,0.99993,0.00000,0.00003,0.00002,0.00002
140.41000,1.98000,0.99991,0.00000,0.00004,0.00002,0.00002
