Time (seconds), Duration (seconds),pred_(unlabeled),pred_On,pred_Off,pred_Dimmer,pred_Lighter
0.01000,1.98000,0.99870,0.00007,0.00020,0.00089,0.00014
0.21000,1.98000,0.99870,0.00007,0.00020,0.00089,0.00014
0.41000,1.98000,0.99871,0.00007,0.00020,0.00089,0.00014
0.61000,1.98000,0.99907,0.00007,0.00012,0.00065,0.00009
0.81000,1.98000,0.99876,0.00010,0.00007,0.00100,0.00007
1.01000,1.98000,0.99932,0.00007,0.00006,0.00054,0.00001
1.21000,1.98000,0.99655,0.00035,0.00014,0.00292,0.00004
1.41000,1.98000,0.99821,0.00019,0.00017,0.00138,0.00004
1.61000,1.98000,0.99734,0.00020,0.00047,0.00189,0.00011
1.81000,1.98000,0.99973,0.00002,0.00016,0.00008,0.00001
2.01000,1.98000,0.99898,0.00010,0.00044,0.00044,0.00003
2.21000,1.98000,0.99945,0.00007,0.00022,0.00024,0.00002
2.41000,1.98000,0.99368,0.00069,0.00091,0.00466,0.00006
2.61000,1.98000,0.99606,0.00028,0.00131,0.00231,0.00005
2.81000,1.98000,0.99394,0.00195,0.00270,0.00124,0.00017
3.01000,1.98000,0.99782,0.00020,0.00157,0.00035,0.00006
3.21000,1.98000,0.99851,0.00010,0.00134,0.00004,0.00002
3.41000,1.98000,0.99859,0.00023,0.00112,0.00003,0.00002
3.61000,1.98000,0.99821,0.00067,0.00106,0.00003,0.00002
3.81000,1.98000,0.99845,0.00079,0.00061,0.00012,0.00003
4.01000,1.98000,0.99862,0.00101,0.00032,0.00004,0.00002
4.21000,1.98000,0.99860,0.00088,0.00035,0.00014,0.00003
4.41000,1.98000,0.99416,0.00549,0.00024,0.00008,0.00003
4.61000,1.98000,0.99711,0.00268,0.00013,0.00005,0.00003
4.81000,1.98000,0.99812,0.00159,0.00018,0.00006,0.00005
5.01000,1.98000,0.99848,0.00116,0.00027,0.00006,0.00002
5.21000,1.98000,0.99349,0.00628,0.00015,0.00004,0.00005
5.41000,1.98000,0.99924,0.00068,0.00005,0.00002,0.00000
5.61000,1.98000,0.99877,0.00092,0.00026,0.00004,0.00001
5.81000,1.98000,0.99931,0.00044,0.00019,0.00006,0.00000
6.01000,1.98000,0.99274,0.00675,0.00047,0.00003,0.00000
6.21000,1.98000,0.99916,0.00028,0.00056,0.00000,0.00000
6.41000,1.98000,0.99890,0.00011,0.00099,0.00000,0.00000
6.61000,1.98000,0.99780,0.00008,0.00212,0.00000,0.00000
6.81000,1.98000,0.99921,0.00001,0.00078,0.00000,0.00000
7.01000,1.98000,0.99782,0.00002,0.00215,0.00000,0.00000
7.21000,1.98000,0.99787,0.00001,0.00210,0.00001,0.00000
7.41000,1.98000,0.99331,0.00019,0.00641,0.00007,0.00002
7.61000,1.98000,0.99517,0.00004,0.00475,0.00003,0.00001
7.81000,1.98000,0.99730,0.00004,0.00258,0.00006,0.00002
8.01000,1.98000,0.99755,0.00002,0.00183,0.00039,0.00021
8.21000,1.98000,0.99342,0.00063,0.00061,0.00501,0.00034
8.41000,1.98000,0.98321,0.00031,0.00103,0.01491,0.00054
8.61000,1.98000,0.99074,0.00046,0.00051,0.00774,0.00055
8.81000,1.98000,0.99402,0.00035,0.00041,0.00493,0.00029
9.01000,1.98000,0.99342,0.00032,0.00039,0.00566,0.00021
9.21000,1.98000,0.99215,0.00031,0.00030,0.00700,0.00025
9.41000,1.98000,0.99517,0.00018,0.00019,0.00434,0.00011
9.61000,1.98000,0.99299,0.00016,0.00038,0.00633,0.00014
9.81000,1.98000,0.99606,0.00007,0.00028,0.00353,0.00006
10.01000,1.98000,0.99960,0.00001,0.00013,0.00025,0.00001
10.21000,1.98000,0.99981,0.00000,0.00015,0.00003,0.00000
10.41000,1.98000,0.99828,0.00003,0.00047,0.00107,0.00015
10.61000,1.98000,0.93407,0.00038,0.00105,0.05896,0.00553
10.81000,1.98000,0.80165,0.00087,0.00189,0.17933,0.01627
11.01000,1.98000,0.80297,0.00099,0.00173,0.17767,0.01665
11.21000,1.98000,0.78836,0.00106,0.00189,0.19354,0.01515
11.41000,1.98000,0.81583,0.00100,0.00151,0.16654,0.01511
11.61000,1.98000,0.79540,0.00137,0.00175,0.18410,0.01739
11.81000,1.98000,0.80589,0.00234,0.00123,0.17060,0.01995
12.01000,1.98000,0.95859,0.00042,0.00103,0.03651,0.00344
12.21000,1.98000,0.99450,0.00011,0.00046,0.00451,0.00043
12.41000,1.98000,0.99832,0.00035,0.00012,0.00099,0.00022
12.61000,1.98000,0.99800,0.00030,0.00007,0.00151,0.00013
12.81000,1.98000,0.99728,0.00051,0.00002,0.00200,0.00018
13.01000,1.98000,0.99411,0.00080,0.00002,0.00485,0.00022
13.21000,1.98000,0.98499,0.00197,0.00002,0.01255,0.00046
13.41000,1.98000,0.99731,0.00033,0.00001,0.00214,0.00020
13.61000,1.98000,0.98445,0.00078,0.00002,0.01440,0.00035
13.81000,1.98000,0.97962,0.00092,0.00006,0.01839,0.00101
14.01000,1.98000,0.96865,0.00113,0.00006,0.02943,0.00073
14.21000,1.98000,0.97254,0.00159,0.00008,0.02495,0.00084
14.41000,1.98000,0.96609,0.00154,0.00016,0.03205,0.00016
14.61000,1.98000,0.99212,0.00147,0.00028,0.00598,0.00015
14.81000,1.98000,0.97087,0.00181,0.00101,0.02612,0.00019
15.01000,1.98000,0.98285,0.00220,0.00374,0.01100,0.00021
15.21000,1.98000,0.97945,0.00214,0.00364,0.01460,0.00016
15.41000,1.98000,0.98234,0.00578,0.00136,0.01026,0.00025
15.61000,1.98000,0.99342,0.00491,0.00037,0.00124,0.00005
15.81000,1.98000,0.99064,0.00844,0.00013,0.00071,0.00008
16.01000,1.98000,0.89598,0.03023,0.00049,0.07062,0.00269
16.21000,1.98000,0.59396,0.07316,0.00103,0.31731,0.01454
16.41000,1.98000,0.55137,0.03387,0.00048,0.39862,0.01567
16.61000,1.98000,0.72117,0.01276,0.00064,0.25762,0.00781
16.81000,1.98000,0.65410,0.01036,0.00080,0.32239,0.01235
17.01000,1.98000,0.72167,0.00726,0.00058,0.26254,0.00795
17.21000,1.98000,0.80483,0.00296,0.00048,0.18571,0.00603
17.41000,1.98000,0.89826,0.00143,0.00114,0.09626,0.00292
17.61000,1.98000,0.98241,0.00005,0.00088,0.01622,0.00045
17.81000,1.98000,0.99528,0.00002,0.00081,0.00378,0.00011
18.01000,1.98000,0.98727,0.00003,0.00072,0.01187,0.00011
18.21000,1.98000,0.98777,0.00003,0.00063,0.01146,0.00010
18.41000,1.98000,0.98962,0.00001,0.00060,0.00967,0.00010
18.61000,1.98000,0.98530,0.00002,0.00082,0.01374,0.00012
18.81000,1.98000,0.95845,0.00001,0.00104,0.04028,0.00021
19.01000,1.98000,0.94563,0.00004,0.00175,0.05233,0.00026
19.21000,1.98000,0.95817,0.00001,0.00107,0.04059,0.00016
19.41000,1.98000,0.96803,0.00003,0.00116,0.03068,0.00010
19.61000,1.98000,0.96873,0.00001,0.00145,0.02973,0.00007
19.81000,1.98000,0.96854,0.00006,0.00240,0.02893,0.00008
20.01000,1.98000,0.96991,0.00003,0.00395,0.02604,0.00007
20.21000,1.98000,0.97232,0.00006,0.00599,0.02155,0.00009
20.41000,1.98000,0.98167,0.00005,0.00513,0.01312,0.00004
20.61000,1.98000,0.99519,0.00005,0.00240,0.00235,0.00002
20.81000,1.98000,0.99769,0.00002,0.00125,0.00100,0.00004
21.01000,1.98000,0.90177,0.00030,0.00618,0.08982,0.00193
21.21000,1.98000,0.71657,0.00033,0.01373,0.25964,0.00973
21.41000,1.98000,0.80449,0.00043,0.01100,0.17323,0.01085
21.61000,1.98000,0.82623,0.00045,0.01240,0.13833,0.02258
21.81000,1.98000,0.81240,0.00039,0.01197,0.14517,0.03008
22.01000,1.98000,0.93492,0.00023,0.00771,0.03560,0.02154
22.21000,1.98000,0.94953,0.00036,0.00502,0.02087,0.02422
22.41000,1.98000,0.95734,0.00020,0.00759,0.00906,0.02581
22.61000,1.98000,0.99463,0.00002,0.00246,0.00052,0.00236
22.81000,1.98000,0.99515,0.00017,0.00179,0.00091,0.00199
23.01000,1.98000,0.99845,0.00014,0.00087,0.00007,0.00047
23.21000,1.98000,0.99563,0.00038,0.00278,0.00052,0.00069
23.41000,1.98000,0.99793,0.00054,0.00071,0.00023,0.00059
23.61000,1.98000,0.99578,0.00285,0.00039,0.00051,0.00047
23.81000,1.98000,0.99690,0.00125,0.00036,0.00029,0.00119
24.01000,1.98000,0.99280,0.00434,0.00038,0.00134,0.00114
24.21000,1.98000,0.99397,0.00243,0.00063,0.00110,0.00186
24.41000,1.98000,0.98676,0.00777,0.00049,0.00371,0.00127
24.61000,1.98000,0.98611,0.00396,0.00090,0.00527,0.00376
24.81000,1.98000,0.99108,0.00209,0.00095,0.00436,0.00152
25.01000,1.98000,0.98527,0.00357,0.00080,0.00525,0.00510
25.21000,1.98000,0.98731,0.00387,0.00041,0.00339,0.00502
25.41000,1.98000,0.99038,0.00127,0.00081,0.00270,0.00484
25.61000,1.98000,0.99197,0.00115,0.00083,0.00240,0.00364
25.81000,1.98000,0.99739,0.00071,0.00046,0.00038,0.00106
26.01000,1.98000,0.99925,0.00020,0.00019,0.00011,0.00025
26.21000,1.98000,0.99770,0.00025,0.00014,0.00040,0.00151
26.41000,1.98000,0.93974,0.00225,0.00084,0.03093,0.02623
26.61000,1.98000,0.76815,0.00774,0.00171,0.15342,0.06898
26.81000,1.98000,0.79040,0.00590,0.00168,0.14322,0.05881
27.01000,1.98000,0.81633,0.00437,0.00182,0.14482,0.03266
27.21000,1.98000,0.88668,0.00377,0.00097,0.09273,0.01585
27.41000,1.98000,0.91469,0.00251,0.00075,0.07171,0.01034
27.61000,1.98000,0.92403,0.00191,0.00063,0.06733,0.00610
27.81000,1.98000,0.97512,0.00205,0.00041,0.01886,0.00357
28.01000,1.98000,0.99773,0.00111,0.00021,0.00067,0.00028
28.21000,1.98000,0.99784,0.00129,0.00022,0.00057,0.00007
28.41000,1.98000,0.99867,0.00051,0.00029,0.00046,0.00008
28.61000,1.98000,0.99886,0.00032,0.00030,0.00043,0.00009
28.81000,1.98000,0.99822,0.00063,0.00050,0.00050,0.00016
29.01000,1.98000,0.99797,0.00041,0.00078,0.00059,0.00025
29.21000,1.98000,0.99735,0.00019,0.00119,0.00092,0.00035
29.41000,1.98000,0.99841,0.00008,0.00109,0.00028,0.00014
29.61000,1.98000,0.99663,0.00012,0.00237,0.00064,0.00024
29.81000,1.98000,0.99377,0.00004,0.00484,0.00106,0.00029
30.01000,1.98000,0.98969,0.00005,0.00662,0.00284,0.00080
30.21000,1.98000,0.98856,0.00008,0.00698,0.00313,0.00124
30.41000,1.98000,0.99094,0.00027,0.00428,0.00348,0.00102
30.61000,1.98000,0.98500,0.00040,0.00613,0.00772,0.00074
30.81000,1.98000,0.98506,0.00040,0.00466,0.00916,0.00072
31.01000,1.98000,0.98128,0.00067,0.00450,0.01301,0.00055
31.21000,1.98000,0.99809,0.00030,0.00099,0.00056,0.00006
31.41000,1.98000,0.99942,0.00014,0.00033,0.00008,0.00003
31.61000,1.98000,0.99620,0.00101,0.00043,0.00190,0.00046
31.81000,1.98000,0.90254,0.00836,0.00098,0.08534,0.00277
32.01000,1.98000,0.65146,0.00897,0.00134,0.33206,0.00617
32.21000,1.98000,0.71175,0.00541,0.00230,0.27594,0.00459
32.41000,1.98000,0.67421,0.00254,0.00266,0.31449,0.00610
32.61000,1.98000,0.75249,0.00243,0.00231,0.23943,0.00334
32.81000,1.98000,0.75865,0.00096,0.00112,0.23580,0.00348
33.01000,1.98000,0.77218,0.00068,0.00054,0.22433,0.00227
33.21000,1.98000,0.86414,0.00031,0.00037,0.13348,0.00169
33.41000,1.98000,0.97319,0.00006,0.00017,0.02630,0.00028
33.61000,1.98000,0.96047,0.00048,0.00012,0.03855,0.00038
33.81000,1.98000,0.96068,0.00030,0.00008,0.03885,0.00009
34.01000,1.98000,0.95399,0.00049,0.00013,0.04525,0.00013
34.21000,1.98000,0.95531,0.00045,0.00010,0.04402,0.00011
34.41000,1.98000,0.95721,0.00078,0.00011,0.04171,0.00019
34.61000,1.98000,0.96096,0.00067,0.00018,0.03803,0.00016
34.81000,1.98000,0.99413,0.00052,0.00011,0.00519,0.00005
35.01000,1.98000,0.98991,0.00029,0.00024,0.00949,0.00007
35.21000,1.98000,0.99136,0.00017,0.00020,0.00823,0.00003
35.41000,1.98000,0.98435,0.00013,0.00075,0.01473,0.00004
35.61000,1.98000,0.98122,0.00017,0.00077,0.01780,0.00005
35.81000,1.98000,0.99362,0.00012,0.00062,0.00561,0.00003
36.01000,1.98000,0.99948,0.00003,0.00023,0.00025,0.00001
36.21000,1.98000,0.99984,0.00001,0.00009,0.00006,0.00000
36.41000,1.98000,0.90916,0.00028,0.00055,0.08917,0.00083
36.61000,1.98000,0.57590,0.00068,0.00059,0.42093,0.00190
36.81000,1.98000,0.60959,0.00042,0.00057,0.38820,0.00122
37.01000,1.98000,0.40664,0.00032,0.00134,0.59028,0.00142
37.21000,1.98000,0.55400,0.00023,0.00210,0.44244,0.00123
37.41000,1.98000,0.49414,0.00018,0.00286,0.50211,0.00070
37.61000,1.98000,0.63019,0.00018,0.00193,0.36638,0.00132
37.81000,1.98000,0.70303,0.00015,0.00171,0.29371,0.00141
38.01000,1.98000,0.93743,0.00005,0.00113,0.06105,0.00035
38.21000,1.98000,0.98838,0.00006,0.00055,0.01097,0.00005
38.41000,1.98000,0.98968,0.00029,0.00068,0.00924,0.00011
38.61000,1.98000,0.98296,0.00010,0.00051,0.01615,0.00028
38.81000,1.98000,0.96976,0.00018,0.00041,0.02935,0.00030
39.01000,1.98000,0.95932,0.00037,0.00029,0.03981,0.00020
39.21000,1.98000,0.97568,0.00016,0.00029,0.02365,0.00022
39.41000,1.98000,0.98331,0.00039,0.00030,0.01570,0.00030
39.61000,1.98000,0.98526,0.00014,0.00060,0.01387,0.00013
39.81000,1.98000,0.99098,0.00013,0.00055,0.00827,0.00007
40.01000,1.98000,0.99767,0.00007,0.00053,0.00170,0.00003
40.21000,1.98000,0.99314,0.00010,0.00118,0.00554,0.00004
40.41000,1.98000,0.98883,0.00012,0.00248,0.00850,0.00006
40.61000,1.98000,0.98422,0.00039,0.00208,0.01322,0.00010
40.81000,1.98000,0.98708,0.00050,0.00153,0.01080,0.00010
41.01000,1.98000,0.99541,0.00040,0.00091,0.00316,0.00012
41.21000,1.98000,0.99949,0.00011,0.00030,0.00008,0.00001
41.41000,1.98000,0.99955,0.00008,0.00013,0.00019,0.00005
41.61000,1.98000,0.96465,0.00135,0.00069,0.02821,0.00510
41.81000,1.98000,0.86069,0.00350,0.00047,0.12719,0.00816
42.01000,1.98000,0.77984,0.00128,0.00043,0.20876,0.00969
42.21000,1.98000,0.67734,0.00112,0.00046,0.30773,0.01335
42.41000,1.98000,0.75550,0.00118,0.00017,0.23039,0.01275
42.61000,1.98000,0.82641,0.00074,0.00028,0.16739,0.00518
42.81000,1.98000,0.84399,0.00023,0.00058,0.14902,0.00618
43.01000,1.98000,0.87481,0.00009,0.00145,0.11931,0.00433
43.21000,1.98000,0.98997,0.00002,0.00036,0.00909,0.00056
43.41000,1.98000,0.99563,0.00002,0.00022,0.00393,0.00021
43.61000,1.98000,0.99661,0.00001,0.00052,0.00270,0.00017
43.81000,1.98000,0.99335,0.00001,0.00102,0.00554,0.00008
44.01000,1.98000,0.98658,0.00004,0.00194,0.01138,0.00007
44.21000,1.98000,0.99188,0.00003,0.00108,0.00696,0.00004
44.41000,1.98000,0.99311,0.00004,0.00220,0.00463,0.00001
44.61000,1.98000,0.98949,0.00006,0.00430,0.00612,0.00003
44.81000,1.98000,0.98491,0.00015,0.00492,0.00999,0.00003
45.01000,1.98000,0.97775,0.00008,0.00352,0.01860,0.00005
45.21000,1.98000,0.94837,0.00010,0.00639,0.04509,0.00004
45.41000,1.98000,0.98464,0.00003,0.00468,0.01060,0.00004
45.61000,1.98000,0.96288,0.00025,0.00546,0.03123,0.00017
45.81000,1.98000,0.99176,0.00029,0.00204,0.00584,0.00007
46.01000,1.98000,0.99911,0.00006,0.00044,0.00036,0.00003
46.21000,1.98000,0.99437,0.00015,0.00101,0.00391,0.00056
46.41000,1.98000,0.83798,0.00136,0.00208,0.14376,0.01482
46.61000,1.98000,0.73339,0.00187,0.00125,0.25540,0.00810
46.81000,1.98000,0.77180,0.00089,0.00181,0.21846,0.00704
47.01000,1.98000,0.75679,0.00060,0.00179,0.23193,0.00890
47.21000,1.98000,0.89527,0.00041,0.00113,0.09846,0.00473
47.41000,1.98000,0.95767,0.00045,0.00116,0.03950,0.00123
47.61000,1.98000,0.94318,0.00036,0.00258,0.05113,0.00276
47.81000,1.98000,0.99605,0.00008,0.00111,0.00228,0.00047
48.01000,1.98000,0.99483,0.00010,0.00265,0.00200,0.00042
48.21000,1.98000,0.99810,0.00004,0.00151,0.00027,0.00007
48.41000,1.98000,0.99676,0.00006,0.00235,0.00058,0.00026
48.61000,1.98000,0.99453,0.00013,0.00506,0.00010,0.00019
48.81000,1.98000,0.99728,0.00008,0.00255,0.00004,0.00005
49.01000,1.98000,0.99622,0.00019,0.00345,0.00002,0.00012
49.21000,1.98000,0.99456,0.00029,0.00493,0.00005,0.00016
49.41000,1.98000,0.99315,0.00253,0.00389,0.00017,0.00025
49.61000,1.98000,0.99775,0.00019,0.00192,0.00007,0.00008
49.81000,1.98000,0.99939,0.00004,0.00057,0.00000,0.00000
50.01000,1.98000,0.99755,0.00002,0.00238,0.00001,0.00004
50.21000,1.98000,0.98309,0.00147,0.00730,0.00432,0.00382
50.41000,1.98000,0.96508,0.00352,0.00530,0.02079,0.00531
50.61000,1.98000,0.94648,0.00255,0.00310,0.03656,0.01131
50.81000,1.98000,0.91528,0.00149,0.00386,0.06794,0.01142
51.01000,1.98000,0.88888,0.00125,0.00271,0.09864,0.00852
51.21000,1.98000,0.78061,0.00120,0.00468,0.20062,0.01288
51.41000,1.98000,0.81352,0.00058,0.00640,0.16508,0.01442
51.61000,1.98000,0.77581,0.00042,0.00635,0.20613,0.01128
51.81000,1.98000,0.98587,0.00001,0.00305,0.01047,0.00059
52.01000,1.98000,0.98859,0.00006,0.00088,0.01034,0.00012
52.21000,1.98000,0.99178,0.00007,0.00055,0.00744,0.00017
52.41000,1.98000,0.98905,0.00021,0.00045,0.01007,0.00023
52.61000,1.98000,0.99357,0.00066,0.00014,0.00540,0.00024
52.81000,1.98000,0.98894,0.00209,0.00006,0.00862,0.00029
53.01000,1.98000,0.98552,0.00556,0.00005,0.00795,0.00091
53.21000,1.98000,0.96884,0.01078,0.00004,0.01939,0.00094
53.41000,1.98000,0.96693,0.01156,0.00005,0.02054,0.00092
53.61000,1.98000,0.95625,0.01471,0.00005,0.02838,0.00061
53.81000,1.98000,0.96550,0.01653,0.00005,0.01724,0.00068
54.01000,1.98000,0.97928,0.01349,0.00004,0.00698,0.00021
54.21000,1.98000,0.98248,0.00652,0.00009,0.01079,0.00012
54.41000,1.98000,0.98582,0.00266,0.00012,0.01134,0.00006
54.61000,1.98000,0.98402,0.00095,0.00028,0.01471,0.00003
54.81000,1.98000,0.99853,0.00023,0.00022,0.00101,0.00000
55.01000,1.98000,0.99986,0.00000,0.00012,0.00002,0.00000
55.21000,1.98000,0.92831,0.00063,0.00182,0.06853,0.00070
55.41000,1.98000,0.78571,0.00093,0.00270,0.20971,0.00095
55.61000,1.98000,0.67883,0.00110,0.00342,0.31529,0.00135
55.81000,1.98000,0.69715,0.00095,0.00313,0.29781,0.00096
56.01000,1.98000,0.73283,0.00128,0.00344,0.26126,0.00119
56.21000,1.98000,0.84952,0.00077,0.00311,0.14556,0.00104
56.41000,1.98000,0.83774,0.00074,0.00459,0.15554,0.00138
56.61000,1.98000,0.88685,0.00048,0.00328,0.10845,0.00094
56.81000,1.98000,0.96490,0.00021,0.00132,0.03344,0.00014
57.01000,1.98000,0.99786,0.00019,0.00017,0.00176,0.00002
57.21000,1.98000,0.99481,0.00088,0.00011,0.00417,0.00002
57.41000,1.98000,0.99319,0.00245,0.00005,0.00424,0.00007
57.61000,1.98000,0.99377,0.00272,0.00004,0.00343,0.00004
57.81000,1.98000,0.99445,0.00211,0.00003,0.00336,0.00004
58.01000,1.98000,0.99102,0.00150,0.00006,0.00734,0.00008
58.21000,1.98000,0.98841,0.00199,0.00005,0.00949,0.00006
58.41000,1.98000,0.98764,0.00223,0.00005,0.01002,0.00006
58.61000,1.98000,0.98886,0.00186,0.00005,0.00919,0.00005
58.81000,1.98000,0.99305,0.00073,0.00009,0.00610,0.00003
59.01000,1.98000,0.99341,0.00015,0.00016,0.00626,0.00002
59.21000,1.98000,0.99795,0.00004,0.00025,0.00175,0.00001
59.41000,1.98000,0.99946,0.00001,0.00030,0.00022,0.00000
59.61000,1.98000,0.99906,0.00001,0.00027,0.00062,0.00003
59.81000,1.98000,0.91947,0.00036,0.00095,0.07676,0.00246
60.01000,1.98000,0.64637,0.00112,0.00132,0.34293,0.00826
60.21000,1.98000,0.68482,0.00071,0.00142,0.30086,0.01220
60.41000,1.98000,0.61057,0.00070,0.00239,0.36856,0.01777
60.61000,1.98000,0.69868,0.00040,0.00159,0.28497,0.01436
60.81000,1.98000,0.74940,0.00037,0.00150,0.23908,0.00965
61.01000,1.98000,0.58128,0.00027,0.00072,0.40991,0.00782
61.21000,1.98000,0.64948,0.00012,0.00069,0.34663,0.00307
61.41000,1.98000,0.90743,0.00002,0.00050,0.09148,0.00058
61.61000,1.98000,0.95694,0.00002,0.00052,0.04235,0.00017
61.81000,1.98000,0.96943,0.00001,0.00031,0.03021,0.00005
62.01000,1.98000,0.94787,0.00001,0.00051,0.05154,0.00007
62.21000,1.98000,0.96477,0.00000,0.00040,0.03478,0.00005
62.41000,1.98000,0.95932,0.00000,0.00043,0.04014,0.00010
62.61000,1.98000,0.93504,0.00000,0.00062,0.06417,0.00017
62.81000,1.98000,0.97699,0.00000,0.00086,0.02202,0.00012
63.01000,1.98000,0.98460,0.00000,0.00091,0.01441,0.00008
63.21000,1.98000,0.98804,0.00000,0.00117,0.01074,0.00005
63.41000,1.98000,0.98744,0.00000,0.00123,0.01128,0.00005
63.61000,1.98000,0.99306,0.00000,0.00122,0.00566,0.00005
63.81000,1.98000,0.99820,0.00001,0.00061,0.00116,0.00003
64.01000,1.98000,0.99963,0.00000,0.00033,0.00003,0.00000
64.21000,1.98000,0.98313,0.00006,0.00223,0.01451,0.00007
64.41000,1.98000,0.97531,0.00024,0.00342,0.02068,0.00035
64.61000,1.98000,0.94248,0.00072,0.00313,0.05315,0.00052
64.81000,1.98000,0.94364,0.00127,0.00357,0.05078,0.00074
65.01000,1.98000,0.92641,0.00161,0.00295,0.06842,0.00061
65.21000,1.98000,0.94891,0.00184,0.00301,0.04544,0.00080
65.41000,1.98000,0.93237,0.00145,0.00415,0.06130,0.00074
65.61000,1.98000,0.93163,0.00185,0.00455,0.06113,0.00084
65.81000,1.98000,0.98405,0.00029,0.00241,0.01315,0.00010
66.01000,1.98000,0.99842,0.00006,0.00082,0.00067,0.00002
66.21000,1.98000,0.99766,0.00062,0.00019,0.00147,0.00005
66.41000,1.98000,0.99704,0.00075,0.00008,0.00209,0.00004
66.61000,1.98000,0.99717,0.00076,0.00006,0.00194,0.00007
66.81000,1.98000,0.99623,0.00137,0.00004,0.00223,0.00013
67.01000,1.98000,0.99523,0.00268,0.00003,0.00178,0.00028
67.21000,1.98000,0.99291,0.00411,0.00002,0.00272,0.00023
67.41000,1.98000,0.99396,0.00337,0.00002,0.00240,0.00026
67.61000,1.98000,0.99490,0.00336,0.00002,0.00157,0.00015
67.81000,1.98000,0.99681,0.00205,0.00002,0.00094,0.00018
68.01000,1.98000,0.99633,0.00105,0.00005,0.00238,0.00019
68.21000,1.98000,0.99724,0.00077,0.00010,0.00174,0.00015
68.41000,1.98000,0.99692,0.00070,0.00014,0.00213,0.00011
68.61000,1.98000,0.99863,0.00060,0.00006,0.00064,0.00006
68.81000,1.98000,0.99960,0.00032,0.00003,0.00005,0.00000
69.01000,1.98000,0.99991,0.00003,0.00003,0.00002,0.00001
69.21000,1.98000,0.98586,0.00155,0.00033,0.01087,0.00139
69.41000,1.98000,0.81778,0.00758,0.00086,0.15275,0.02103
69.61000,1.98000,0.72616,0.00602,0.00066,0.25101,0.01614
69.81000,1.98000,0.64146,0.00707,0.00132,0.33003,0.02012
70.01000,1.98000,0.67145,0.01299,0.00077,0.30724,0.00755
70.21000,1.98000,0.72274,0.01206,0.00040,0.25694,0.00786
70.41000,1.98000,0.84319,0.00342,0.00041,0.14932,0.00365
70.61000,1.98000,0.80781,0.00110,0.00033,0.18786,0.00291
70.81000,1.98000,0.95459,0.00028,0.00027,0.04383,0.00103
71.01000,1.98000,0.99032,0.00054,0.00004,0.00898,0.00013
71.21000,1.98000,0.99211,0.00054,0.00004,0.00722,0.00009
71.41000,1.98000,0.98624,0.00044,0.00001,0.01326,0.00005
71.61000,1.98000,0.98511,0.00083,0.00001,0.01394,0.00011
71.81000,1.98000,0.97854,0.00093,0.00001,0.02042,0.00011
72.01000,1.98000,0.96908,0.00091,0.00001,0.02984,0.00016
72.21000,1.98000,0.96912,0.00075,0.00001,0.02999,0.00013
72.41000,1.98000,0.97456,0.00113,0.00001,0.02419,0.00011
72.61000,1.98000,0.98709,0.00068,0.00001,0.01217,0.00004
72.81000,1.98000,0.98190,0.00037,0.00007,0.01764,0.00003
73.01000,1.98000,0.98748,0.00027,0.00012,0.01211,0.00002
73.21000,1.98000,0.99097,0.00033,0.00020,0.00848,0.00003
73.41000,1.98000,0.99934,0.00014,0.00008,0.00043,0.00000
73.61000,1.98000,0.99934,0.00008,0.00010,0.00047,0.00001
73.81000,1.98000,0.99315,0.00043,0.00019,0.00612,0.00011
74.01000,1.98000,0.84769,0.00266,0.00078,0.14550,0.00337
74.21000,1.98000,0.55838,0.00531,0.00125,0.42731,0.00775
74.41000,1.98000,0.58792,0.00459,0.00132,0.39811,0.00806
74.61000,1.98000,0.61751,0.00376,0.00132,0.37058,0.00683
74.81000,1.98000,0.62883,0.00247,0.00144,0.36170,0.00557
75.01000,1.98000,0.57907,0.00215,0.00068,0.41060,0.00750
75.21000,1.98000,0.80057,0.00116,0.00047,0.19390,0.00390
75.41000,1.98000,0.94187,0.00014,0.00039,0.05676,0.00083
75.61000,1.98000,0.97544,0.00008,0.00018,0.02415,0.00014
75.81000,1.98000,0.97160,0.00015,0.00011,0.02804,0.00011
76.01000,1.98000,0.96841,0.00024,0.00008,0.03118,0.00009
76.21000,1.98000,0.97770,0.00019,0.00003,0.02204,0.00005
76.41000,1.98000,0.96103,0.00015,0.00007,0.03867,0.00008
76.61000,1.98000,0.95512,0.00012,0.00004,0.04465,0.00006
76.81000,1.98000,0.95859,0.00023,0.00007,0.04105,0.00006
77.01000,1.98000,0.95555,0.00019,0.00013,0.04406,0.00006
77.21000,1.98000,0.97521,0.00027,0.00032,0.02412,0.00007
77.41000,1.98000,0.97925,0.00021,0.00033,0.02015,0.00006
77.61000,1.98000,0.99072,0.00010,0.00054,0.00858,0.00006
77.81000,1.98000,0.99976,0.00000,0.00022,0.00001,0.00000
78.01000,1.98000,0.97461,0.00006,0.00225,0.02284,0.00024
78.21000,1.98000,0.95414,0.00015,0.00744,0.03758,0.00069
78.41000,1.98000,0.83741,0.00060,0.00872,0.15248,0.00079
78.61000,1.98000,0.79915,0.00147,0.00559,0.19272,0.00108
78.81000,1.98000,0.83411,0.00132,0.00484,0.15879,0.00094
79.01000,1.98000,0.80192,0.00189,0.00569,0.18931,0.00119
79.21000,1.98000,0.80968,0.00218,0.00459,0.18255,0.00099
79.41000,1.98000,0.79757,0.00253,0.00466,0.19427,0.00096
79.61000,1.98000,0.84660,0.00099,0.00494,0.14685,0.00062
79.81000,1.98000,0.98070,0.00011,0.00207,0.01709,0.00005
80.01000,1.98000,0.99102,0.00032,0.00254,0.00607,0.00004
80.21000,1.98000,0.99316,0.00024,0.00106,0.00552,0.00002
80.41000,1.98000,0.99337,0.00026,0.00042,0.00589,0.00006
80.61000,1.98000,0.99483,0.00052,0.00047,0.00403,0.00015
80.81000,1.98000,0.99558,0.00107,0.00018,0.00297,0.00020
81.01000,1.98000,0.99399,0.00284,0.00005,0.00288,0.00023
81.21000,1.98000,0.99213,0.00549,0.00002,0.00202,0.00034
81.41000,1.98000,0.96532,0.02789,0.00002,0.00604,0.00072
81.61000,1.98000,0.96961,0.02196,0.00002,0.00756,0.00085
81.81000,1.98000,0.96168,0.02649,0.00003,0.00991,0.00188
82.01000,1.98000,0.96913,0.02735,0.00001,0.00204,0.00147
82.21000,1.98000,0.96492,0.03276,0.00000,0.00099,0.00133
82.41000,1.98000,0.96562,0.03137,0.00001,0.00164,0.00136
82.61000,1.98000,0.98267,0.01491,0.00002,0.00152,0.00089
82.81000,1.98000,0.99328,0.00560,0.00003,0.00069,0.00040
83.01000,1.98000,0.99988,0.00009,0.00001,0.00001,0.00001
83.21000,1.98000,0.98241,0.00050,0.00021,0.01214,0.00473
83.41000,1.98000,0.89744,0.00192,0.00064,0.08076,0.01923
83.61000,1.98000,0.80561,0.00431,0.00101,0.16487,0.02420
83.81000,1.98000,0.88030,0.00372,0.00042,0.10575,0.00981
84.01000,1.98000,0.82467,0.00069,0.00097,0.16673,0.00693
84.21000,1.98000,0.75233,0.00101,0.00162,0.23611,0.00893
84.41000,1.98000,0.78716,0.00104,0.00079,0.20201,0.00899
84.61000,1.98000,0.82692,0.00116,0.00105,0.16231,0.00855
84.81000,1.98000,0.91419,0.00019,0.00174,0.08091,0.00297
85.01000,1.98000,0.98986,0.00009,0.00042,0.00933,0.00030
85.21000,1.98000,0.99791,0.00014,0.00045,0.00134,0.00016
85.41000,1.98000,0.99694,0.00018,0.00052,0.00213,0.00023
85.61000,1.98000,0.99826,0.00007,0.00032,0.00127,0.00008
85.81000,1.98000,0.99609,0.00032,0.00028,0.00305,0.00026
86.01000,1.98000,0.99637,0.00059,0.00009,0.00282,0.00013
86.21000,1.98000,0.99276,0.00218,0.00004,0.00481,0.00021
86.41000,1.98000,0.98906,0.00844,0.00003,0.00234,0.00013
86.61000,1.98000,0.99310,0.00478,0.00006,0.00200,0.00006
86.81000,1.98000,0.99348,0.00538,0.00003,0.00109,0.00003
87.01000,1.98000,0.98468,0.00975,0.00008,0.00533,0.00016
87.21000,1.98000,0.99663,0.00286,0.00003,0.00045,0.00003
87.41000,1.98000,0.98833,0.00639,0.00007,0.00500,0.00021
87.61000,1.98000,0.99472,0.00378,0.00008,0.00132,0.00010
87.81000,1.98000,0.98795,0.00717,0.00027,0.00428,0.00033
88.01000,1.98000,0.99500,0.00241,0.00060,0.00181,0.00019
88.21000,1.98000,0.99964,0.00011,0.00022,0.00002,0.00000
88.41000,1.98000,0.99737,0.00014,0.00192,0.00047,0.00009
88.61000,1.98000,0.93013,0.00240,0.00961,0.05039,0.00747
88.81000,1.98000,0.83342,0.00659,0.01553,0.12018,0.02427
89.01000,1.98000,0.89161,0.00796,0.00910,0.08238,0.00895
89.21000,1.98000,0.90131,0.00164,0.01047,0.08037,0.00621
89.41000,1.98000,0.90149,0.00516,0.00654,0.07759,0.00921
89.61000,1.98000,0.91179,0.00330,0.00374,0.07313,0.00804
89.81000,1.98000,0.91786,0.00403,0.00472,0.06503,0.00836
90.01000,1.98000,0.91777,0.00332,0.00364,0.06875,0.00651
90.21000,1.98000,0.99713,0.00010,0.00133,0.00123,0.00020
90.41000,1.98000,0.99585,0.00048,0.00104,0.00231,0.00032
90.61000,1.98000,0.99689,0.00031,0.00057,0.00200,0.00023
90.81000,1.98000,0.99823,0.00016,0.00024,0.00125,0.00010
91.01000,1.98000,0.99814,0.00017,0.00029,0.00124,0.00016
91.21000,1.98000,0.99836,0.00027,0.00018,0.00095,0.00024
91.41000,1.98000,0.99821,0.00043,0.00014,0.00067,0.00055
91.61000,1.98000,0.99746,0.00082,0.00010,0.00072,0.00090
91.81000,1.98000,0.99356,0.00179,0.00007,0.00210,0.00247
92.01000,1.98000,0.98987,0.00379,0.00004,0.00264,0.00365
92.21000,1.98000,0.98042,0.00920,0.00004,0.00385,0.00649
92.41000,1.98000,0.97346,0.01754,0.00003,0.00278,0.00619
92.61000,1.98000,0.98525,0.01014,0.00003,0.00187,0.00271
92.81000,1.98000,0.98187,0.00935,0.00008,0.00294,0.00576
93.01000,1.98000,0.98470,0.00422,0.00009,0.00658,0.00441
93.21000,1.98000,0.99080,0.00279,0.00011,0.00446,0.00186
93.41000,1.98000,0.99443,0.00125,0.00009,0.00341,0.00082
93.61000,1.98000,0.99996,0.00001,0.00003,0.00000,0.00000
93.81000,1.98000,0.98828,0.00033,0.00036,0.00721,0.00382
94.01000,1.98000,0.85726,0.00143,0.00217,0.12732,0.01183
94.21000,1.98000,0.85504,0.00043,0.00470,0.12984,0.00998
94.41000,1.98000,0.73936,0.00057,0.00745,0.23279,0.01983
94.61000,1.98000,0.78353,0.00032,0.00915,0.19401,0.01300
94.81000,1.98000,0.78054,0.00122,0.00465,0.20396,0.00962
95.01000,1.98000,0.79513,0.00103,0.00445,0.18928,0.01011
95.21000,1.98000,0.84257,0.00105,0.00262,0.14903,0.00473
95.41000,1.98000,0.89029,0.00056,0.00137,0.10504,0.00275
95.61000,1.98000,0.99743,0.00036,0.00017,0.00197,0.00008
95.81000,1.98000,0.99713,0.00169,0.00007,0.00108,0.00002
96.01000,1.98000,0.99534,0.00240,0.00007,0.00216,0.00004
96.21000,1.98000,0.98928,0.00542,0.00007,0.00518,0.00005
96.41000,1.98000,0.98760,0.00743,0.00005,0.00489,0.00003
96.61000,1.98000,0.98040,0.01246,0.00006,0.00705,0.00002
96.81000,1.98000,0.97773,0.01473,0.00005,0.00748,0.00002
97.01000,1.98000,0.98625,0.00899,0.00004,0.00472,0.00001
97.21000,1.98000,0.98126,0.01547,0.00004,0.00322,0.00001
97.41000,1.98000,0.99126,0.00670,0.00003,0.00200,0.00000
97.61000,1.98000,0.98913,0.00373,0.00007,0.00707,0.00001
97.81000,1.98000,0.98352,0.00186,0.00010,0.01451,0.00001
98.01000,1.98000,0.98716,0.00244,0.00018,0.01021,0.00001
98.21000,1.98000,0.98830,0.00249,0.00026,0.00893,0.00002
98.41000,1.98000,0.99807,0.00091,0.00013,0.00088,0.00001
98.61000,1.98000,0.99978,0.00010,0.00004,0.00007,0.00001
98.81000,1.98000,0.99545,0.00043,0.00013,0.00362,0.00037
99.01000,1.98000,0.93200,0.00087,0.00032,0.06347,0.00333
99.21000,1.98000,0.57860,0.00142,0.00085,0.40813,0.01100
99.41000,1.98000,0.43622,0.00046,0.00151,0.55114,0.01066
99.61000,1.98000,0.49776,0.00065,0.00286,0.48204,0.01669
99.81000,1.98000,0.50732,0.00042,0.00250,0.47649,0.01327
100.01000,1.98000,0.50794,0.00044,0.00133,0.48052,0.00977
100.21000,1.98000,0.53533,0.00092,0.00042,0.45732,0.00601
100.41000,1.98000,0.91281,0.00039,0.00040,0.08501,0.00138
100.61000,1.98000,0.99392,0.00010,0.00012,0.00579,0.00007
100.81000,1.98000,0.99692,0.00066,0.00013,0.00224,0.00005
101.01000,1.98000,0.99571,0.00125,0.00012,0.00288,0.00004
101.21000,1.98000,0.99760,0.00096,0.00009,0.00128,0.00007
101.41000,1.98000,0.99870,0.00073,0.00005,0.00049,0.00003
101.61000,1.98000,0.99858,0.00097,0.00005,0.00036,0.00004
101.81000,1.98000,0.99807,0.00149,0.00004,0.00034,0.00007
102.01000,1.98000,0.99860,0.00081,0.00010,0.00039,0.00011
102.21000,1.98000,0.99939,0.00042,0.00010,0.00005,0.00004
102.41000,1.98000,0.99983,0.00007,0.00006,0.00002,0.00002
102.61000,1.98000,0.99965,0.00011,0.00005,0.00012,0.00007
102.81000,1.98000,0.98291,0.00310,0.00019,0.01155,0.00224
103.01000,1.98000,0.91520,0.00791,0.00030,0.06103,0.01557
103.21000,1.98000,0.90207,0.00676,0.00050,0.08029,0.01038
103.41000,1.98000,0.85361,0.00804,0.00041,0.11654,0.02140
103.61000,1.98000,0.83514,0.00886,0.00019,0.13513,0.02069
103.81000,1.98000,0.91480,0.00777,0.00009,0.06264,0.01470
104.01000,1.98000,0.90488,0.01514,0.00009,0.06618,0.01371
104.21000,1.98000,0.97551,0.00360,0.00008,0.01566,0.00514
104.41000,1.98000,0.99447,0.00054,0.00007,0.00441,0.00051
104.61000,1.98000,0.99708,0.00102,0.00011,0.00131,0.00047
104.81000,1.98000,0.99864,0.00076,0.00009,0.00038,0.00013
105.01000,1.98000,0.99639,0.00280,0.00016,0.00053,0.00012
105.21000,1.98000,0.99600,0.00342,0.00010,0.00041,0.00007
105.41000,1.98000,0.99541,0.00406,0.00015,0.00028,0.00010
105.61000,1.98000,0.99547,0.00351,0.00018,0.00080,0.00004
105.81000,1.98000,0.99716,0.00156,0.00060,0.00064,0.00004
106.01000,1.98000,0.99670,0.00228,0.00056,0.00044,0.00002
106.21000,1.98000,0.99844,0.00052,0.00077,0.00024,0.00003
106.41000,1.98000,0.99780,0.00039,0.00141,0.00037,0.00003
106.61000,1.98000,0.99531,0.00062,0.00205,0.00197,0.00005
106.81000,1.98000,0.99297,0.00067,0.00189,0.00443,0.00004
107.01000,1.98000,0.99655,0.00023,0.00113,0.00204,0.00005
107.21000,1.98000,0.99969,0.00001,0.00028,0.00002,0.00000
107.41000,1.98000,0.99447,0.00015,0.00143,0.00359,0.00036
107.61000,1.98000,0.79761,0.00055,0.00594,0.18232,0.01358
107.81000,1.98000,0.57104,0.00173,0.00664,0.40430,0.01629
108.01000,1.98000,0.54839,0.00166,0.00558,0.43414,0.01023
108.21000,1.98000,0.69646,0.00125,0.00547,0.29190,0.00492
108.41000,1.98000,0.72673,0.00197,0.00497,0.25791,0.00843
108.61000,1.98000,0.82329,0.00119,0.00409,0.16207,0.00936
108.81000,1.98000,0.82322,0.00058,0.00592,0.16104,0.00925
109.01000,1.98000,0.90375,0.00025,0.00534,0.08852,0.00214
109.21000,1.98000,0.99141,0.00004,0.00182,0.00661,0.00013
109.41000,1.98000,0.99399,0.00013,0.00163,0.00420,0.00005
109.61000,1.98000,0.99553,0.00008,0.00080,0.00356,0.00003
109.81000,1.98000,0.99832,0.00012,0.00027,0.00126,0.00002
110.01000,1.98000,0.99893,0.00019,0.00011,0.00073,0.00004
110.21000,1.98000,0.99885,0.00076,0.00005,0.00030,0.00004
110.41000,1.98000,0.99892,0.00074,0.00004,0.00025,0.00005
110.61000,1.98000,0.99722,0.00230,0.00007,0.00031,0.00010
110.81000,1.98000,0.99772,0.00164,0.00010,0.00042,0.00013
111.01000,1.98000,0.99620,0.00307,0.00012,0.00056,0.00005
111.21000,1.98000,0.99771,0.00208,0.00008,0.00007,0.00005
111.41000,1.98000,0.98684,0.01187,0.00027,0.00088,0.00014
111.61000,1.98000,0.99277,0.00616,0.00026,0.00070,0.00011
111.81000,1.98000,0.99512,0.00319,0.00053,0.00110,0.00006
112.01000,1.98000,0.99970,0.00014,0.00013,0.00002,0.00000
112.21000,1.98000,0.99948,0.00004,0.00046,0.00002,0.00000
112.41000,1.98000,0.99928,0.00004,0.00045,0.00019,0.00005
112.61000,1.98000,0.85750,0.00166,0.00533,0.13098,0.00452
112.81000,1.98000,0.79804,0.00409,0.00485,0.16994,0.02307
113.01000,1.98000,0.64542,0.00489,0.00481,0.31484,0.03004
113.21000,1.98000,0.55354,0.00109,0.00368,0.42741,0.01429
113.41000,1.98000,0.64308,0.00255,0.00378,0.33866,0.01194
113.61000,1.98000,0.61994,0.00227,0.00300,0.36016,0.01463
113.81000,1.98000,0.70091,0.00209,0.00398,0.28662,0.00641
114.01000,1.98000,0.88939,0.00049,0.00302,0.10612,0.00098
114.21000,1.98000,0.98149,0.00007,0.00201,0.01627,0.00015
114.41000,1.98000,0.99120,0.00039,0.00107,0.00730,0.00003
114.61000,1.98000,0.98924,0.00036,0.00055,0.00983,0.00002
114.81000,1.98000,0.99253,0.00036,0.00027,0.00682,0.00002
115.01000,1.98000,0.99413,0.00060,0.00009,0.00514,0.00003
115.21000,1.98000,0.99688,0.00084,0.00004,0.00222,0.00003
115.41000,1.98000,0.99231,0.00469,0.00003,0.00290,0.00007
115.61000,1.98000,0.98330,0.01346,0.00002,0.00309,0.00013
115.81000,1.98000,0.97528,0.01958,0.00003,0.00487,0.00024
116.01000,1.98000,0.98024,0.01748,0.00001,0.00206,0.00022
116.21000,1.98000,0.94848,0.04810,0.00001,0.00320,0.00021
116.41000,1.98000,0.87409,0.12348,0.00001,0.00205,0.00037
116.61000,1.98000,0.92840,0.07077,0.00000,0.00058,0.00025
116.81000,1.98000,0.94086,0.05863,0.00001,0.00034,0.00016
117.01000,1.98000,0.96426,0.03536,0.00002,0.00029,0.00007
117.21000,1.98000,0.98072,0.01870,0.00004,0.00041,0.00013
117.41000,1.98000,0.99312,0.00628,0.00006,0.00049,0.00005
117.61000,1.98000,0.99683,0.00246,0.00012,0.00045,0.00014
117.81000,1.98000,0.99669,0.00260,0.00007,0.00052,0.00012
118.01000,1.98000,0.99846,0.00105,0.00012,0.00026,0.00011
118.21000,1.98000,0.99926,0.00033,0.00020,0.00017,0.00003
118.41000,1.98000,0.99915,0.00020,0.00024,0.00035,0.00006
118.61000,1.98000,0.99806,0.00021,0.00045,0.00121,0.00007
118.81000,1.98000,0.99872,0.00013,0.00038,0.00068,0.00008
119.01000,1.98000,0.99802,0.00010,0.00027,0.00150,0.00010
119.21000,1.98000,0.99791,0.00010,0.00037,0.00149,0.00013
119.41000,1.98000,0.99781,0.00010,0.00040,0.00153,0.00016
119.61000,1.98000,0.99776,0.00010,0.00041,0.00157,0.00016
119.81000,1.98000,0.99790,0.00010,0.00039,0.00147,0.00014
