Time(Seconds),Length(Seconds),Label(string),Confidence(double),Comment(string)
3.4324025,1.6902654,On,1,
5.6031634,1.6681415,On,1,
8.7769954,1.5840707,On,1,
11.5800483,1.7345132,On,1,
14.8516765,1.8274336,On,1,
14.8516765,1.8274336,On,1,
19.0296322,1.5486725,On,1,
22.0574464,1.6238938,On,1,
27.4508622,1.6769911,On,1,
29.9617295,1.5884955,On,1,
34.2545791,1.5840707,On,1,
38.4680834,1.5575221,On,1,
41.7259861,1.7522123,On,1,
44.8287205,1.7168141,On,1,
49.3653842,1.4115044,On,1,
53.5863842,1.6238938,On,1,
62.4723664,1.3716813,On,1,
66.2208177,1.2920353,On,1,
69.6073398,1.3451327,On,1,
72.9050654,1.659292,On,1,
76.3529327,1.6371681,On,1,
80.7995963,1.8628318,On,1,
85.2558618,1.7168141,On,1,
89.2562247,1.8761061,On,1,
93.0945255,1.5265486,On,1,
96.6485874,1.6415929,On,1,
100.8044192,1.5663716,On,1,
104.6323661,1.8141592,On,1,
108.0632863,1.619469,On,1,
111.6744191,1.5575221,On,1,
115.3969235,1.3628318,On,1,
120.4633571,1.4867256,On,1,
125.0290385,1.4823008,On,1,
128.7521446,1.4247787,On,1,
128.7521446,1.4247787,On,1,
132.3100295,1.39823,On,1,
136.3642419,1.6725663,On,1,
139.2951621,1.6548672,On,1,
142.7164807,1.5044247,On,1,
146.4173124,1.5221238,On,1,
153.1720558,1.4469026,On,1,
157.9022061,1.4203539,On,1,
161.1781087,1.7168141,On,1,
164.9042856,1.8539823,On,1,
168.5640908,1.6769911,On,1,
171.9153649,1.8451327,On,1,
175.7484888,1.8451327,On,1,
