Time (seconds), Duration (seconds),pred_(unlabeled),pred_On,pred_Off,pred_Dimmer,pred_Lighter
0.01000,1.98000,0.97847,0.01998,0.00020,0.00124,0.00010
0.21000,1.98000,0.98121,0.01774,0.00015,0.00083,0.00007
0.41000,1.98000,0.98780,0.01021,0.00011,0.00168,0.00021
0.61000,1.98000,0.99397,0.00336,0.00018,0.00221,0.00028
0.81000,1.98000,0.99330,0.00238,0.00024,0.00337,0.00071
1.01000,1.98000,0.99425,0.00121,0.00031,0.00319,0.00104
1.21000,1.98000,0.99647,0.00069,0.00031,0.00226,0.00027
1.41000,1.98000,0.99544,0.00058,0.00101,0.00270,0.00027
1.61000,1.98000,0.99772,0.00025,0.00077,0.00117,0.00010
1.81000,1.98000,0.99425,0.00072,0.00128,0.00361,0.00014
2.01000,1.98000,0.99709,0.00023,0.00106,0.00153,0.00008
2.21000,1.98000,0.99347,0.00041,0.00214,0.00384,0.00013
2.41000,1.98000,0.99653,0.00019,0.00154,0.00167,0.00008
2.61000,1.98000,0.99253,0.00046,0.00244,0.00445,0.00012
2.81000,1.98000,0.99837,0.00008,0.00085,0.00067,0.00003
3.01000,1.98000,0.99403,0.00030,0.00177,0.00383,0.00007
3.21000,1.98000,0.99512,0.00010,0.00164,0.00303,0.00011
3.41000,1.98000,0.99802,0.00009,0.00076,0.00104,0.00010
3.61000,1.98000,0.99804,0.00036,0.00071,0.00081,0.00008
3.81000,1.98000,0.99883,0.00012,0.00064,0.00034,0.00006
4.01000,1.98000,0.99785,0.00023,0.00085,0.00100,0.00007
4.21000,1.98000,0.99850,0.00008,0.00084,0.00051,0.00007
4.41000,1.98000,0.99682,0.00032,0.00112,0.00164,0.00010
4.61000,1.98000,0.99683,0.00031,0.00125,0.00148,0.00012
4.81000,1.98000,0.99395,0.00049,0.00225,0.00314,0.00017
5.01000,1.98000,0.99494,0.00084,0.00178,0.00227,0.00016
5.21000,1.98000,0.99451,0.00107,0.00150,0.00281,0.00011
5.41000,1.98000,0.99188,0.00053,0.00218,0.00517,0.00024
5.61000,1.98000,0.99505,0.00040,0.00116,0.00329,0.00010
5.81000,1.98000,0.99086,0.00065,0.00203,0.00616,0.00030
6.01000,1.98000,0.98987,0.00131,0.00167,0.00691,0.00025
6.21000,1.98000,0.99385,0.00105,0.00161,0.00336,0.00013
6.41000,1.98000,0.99101,0.00095,0.00211,0.00567,0.00026
6.61000,1.98000,0.99311,0.00064,0.00146,0.00447,0.00031
6.81000,1.98000,0.99474,0.00061,0.00084,0.00359,0.00021
7.01000,1.98000,0.99598,0.00026,0.00099,0.00250,0.00027
7.21000,1.98000,0.99653,0.00025,0.00084,0.00216,0.00023
7.41000,1.98000,0.99756,0.00016,0.00072,0.00135,0.00020
7.61000,1.98000,0.99673,0.00015,0.00072,0.00203,0.00038
7.81000,1.98000,0.99751,0.00011,0.00050,0.00155,0.00033
8.01000,1.98000,0.99757,0.00011,0.00050,0.00141,0.00041
8.21000,1.98000,0.99795,0.00011,0.00037,0.00120,0.00037
8.41000,1.98000,0.99786,0.00011,0.00037,0.00125,0.00041
8.61000,1.98000,0.99795,0.00011,0.00037,0.00122,0.00036
8.81000,1.98000,0.99790,0.00010,0.00038,0.00125,0.00036
9.01000,1.98000,0.99789,0.00010,0.00039,0.00126,0.00036
9.21000,1.98000,0.99793,0.00010,0.00040,0.00123,0.00034
9.41000,1.98000,0.99768,0.00010,0.00047,0.00139,0.00036
9.61000,1.98000,0.99780,0.00009,0.00045,0.00132,0.00034
9.81000,1.98000,0.99796,0.00008,0.00044,0.00123,0.00030
10.01000,1.98000,0.99807,0.00006,0.00045,0.00114,0.00028
10.21000,1.98000,0.99933,0.00002,0.00023,0.00031,0.00010
10.41000,1.98000,0.99927,0.00002,0.00011,0.00042,0.00019
10.61000,1.98000,0.99619,0.00004,0.00016,0.00281,0.00079
10.81000,1.98000,0.93593,0.00050,0.00106,0.05253,0.00999
11.01000,1.98000,0.86503,0.00098,0.00115,0.12155,0.01129
11.21000,1.98000,0.80214,0.00192,0.00141,0.18168,0.01284
11.41000,1.98000,0.77285,0.00167,0.00145,0.21343,0.01059
11.61000,1.98000,0.85722,0.00165,0.00138,0.13282,0.00693
11.81000,1.98000,0.67764,0.00174,0.00252,0.30684,0.01126
12.01000,1.98000,0.74242,0.00262,0.00305,0.24525,0.00666
12.21000,1.98000,0.91501,0.00050,0.00322,0.07916,0.00211
12.41000,1.98000,0.98697,0.00017,0.00316,0.00945,0.00026
12.61000,1.98000,0.99852,0.00010,0.00087,0.00049,0.00001
12.81000,1.98000,0.99826,0.00019,0.00087,0.00064,0.00004
13.01000,1.98000,0.99869,0.00036,0.00062,0.00028,0.00006
13.21000,1.98000,0.99903,0.00031,0.00052,0.00010,0.00004
13.41000,1.98000,0.99846,0.00070,0.00061,0.00015,0.00008
13.61000,1.98000,0.99814,0.00089,0.00056,0.00033,0.00007
13.81000,1.98000,0.99516,0.00289,0.00084,0.00094,0.00016
14.01000,1.98000,0.99562,0.00337,0.00053,0.00043,0.00006
14.21000,1.98000,0.98951,0.00941,0.00058,0.00045,0.00005
14.41000,1.98000,0.99302,0.00617,0.00038,0.00039,0.00004
14.61000,1.98000,0.98508,0.01394,0.00034,0.00059,0.00005
14.81000,1.98000,0.99903,0.00067,0.00016,0.00013,0.00001
15.01000,1.98000,0.99540,0.00255,0.00083,0.00119,0.00002
15.21000,1.98000,0.99501,0.00061,0.00109,0.00326,0.00003
15.41000,1.98000,0.99450,0.00074,0.00219,0.00252,0.00005
15.61000,1.98000,0.99469,0.00073,0.00139,0.00311,0.00008
15.81000,1.98000,0.99714,0.00020,0.00154,0.00107,0.00004
16.01000,1.98000,0.99702,0.00019,0.00121,0.00146,0.00012
16.21000,1.98000,0.99580,0.00020,0.00185,0.00195,0.00021
16.41000,1.98000,0.99720,0.00011,0.00123,0.00133,0.00013
16.61000,1.98000,0.99657,0.00009,0.00158,0.00158,0.00017
16.81000,1.98000,0.99744,0.00006,0.00078,0.00153,0.00019
17.01000,1.98000,0.99751,0.00006,0.00060,0.00161,0.00022
17.21000,1.98000,0.99769,0.00010,0.00053,0.00145,0.00023
17.41000,1.98000,0.99738,0.00012,0.00054,0.00162,0.00034
17.61000,1.98000,0.99810,0.00010,0.00049,0.00103,0.00028
17.81000,1.98000,0.99898,0.00005,0.00022,0.00044,0.00031
18.01000,1.98000,0.99450,0.00007,0.00029,0.00320,0.00194
18.21000,1.98000,0.91125,0.00038,0.00070,0.06684,0.02083
18.41000,1.98000,0.72209,0.00145,0.00176,0.21899,0.05572
18.61000,1.98000,0.69897,0.00213,0.00130,0.25563,0.04196
18.81000,1.98000,0.74834,0.00192,0.00137,0.22557,0.02281
19.01000,1.98000,0.71030,0.00218,0.00118,0.26313,0.02322
19.21000,1.98000,0.64220,0.00109,0.00161,0.32847,0.02663
19.41000,1.98000,0.66378,0.00111,0.00138,0.31185,0.02188
19.61000,1.98000,0.88605,0.00051,0.00141,0.10431,0.00773
19.81000,1.98000,0.99504,0.00004,0.00094,0.00369,0.00029
20.01000,1.98000,0.99795,0.00005,0.00090,0.00104,0.00006
20.21000,1.98000,0.99922,0.00012,0.00045,0.00020,0.00002
20.41000,1.98000,0.99946,0.00018,0.00026,0.00009,0.00002
20.61000,1.98000,0.99941,0.00020,0.00034,0.00003,0.00002
20.81000,1.98000,0.99909,0.00024,0.00058,0.00005,0.00004
21.01000,1.98000,0.99902,0.00030,0.00064,0.00002,0.00002
21.21000,1.98000,0.99928,0.00032,0.00037,0.00002,0.00001
21.41000,1.98000,0.99931,0.00022,0.00045,0.00001,0.00001
21.61000,1.98000,0.99943,0.00020,0.00034,0.00002,0.00001
21.81000,1.98000,0.99930,0.00020,0.00046,0.00002,0.00002
22.01000,1.98000,0.99929,0.00024,0.00040,0.00003,0.00004
22.21000,1.98000,0.99929,0.00022,0.00037,0.00008,0.00004
22.41000,1.98000,0.99925,0.00011,0.00028,0.00031,0.00005
22.61000,1.98000,0.99821,0.00011,0.00052,0.00105,0.00012
22.81000,1.98000,0.99865,0.00011,0.00032,0.00085,0.00008
23.01000,1.98000,0.99765,0.00016,0.00042,0.00161,0.00017
23.21000,1.98000,0.99730,0.00018,0.00052,0.00181,0.00018
23.41000,1.98000,0.99777,0.00018,0.00034,0.00155,0.00015
23.61000,1.98000,0.99938,0.00020,0.00011,0.00028,0.00004
23.81000,1.98000,0.99945,0.00019,0.00012,0.00019,0.00006
24.01000,1.98000,0.99884,0.00023,0.00022,0.00044,0.00027
24.21000,1.98000,0.96460,0.00231,0.00103,0.02608,0.00598
24.41000,1.98000,0.91409,0.00408,0.00228,0.06915,0.01039
24.61000,1.98000,0.92316,0.00283,0.00256,0.06351,0.00795
24.81000,1.98000,0.89324,0.00341,0.00282,0.09372,0.00681
25.01000,1.98000,0.89003,0.00382,0.00292,0.09568,0.00755
25.21000,1.98000,0.90510,0.00236,0.00278,0.08275,0.00701
25.41000,1.98000,0.90921,0.00085,0.00425,0.08073,0.00496
25.61000,1.98000,0.98273,0.00004,0.00500,0.01153,0.00071
25.81000,1.98000,0.99615,0.00001,0.00296,0.00085,0.00003
26.01000,1.98000,0.99764,0.00004,0.00146,0.00084,0.00002
26.21000,1.98000,0.99850,0.00002,0.00106,0.00039,0.00003
26.41000,1.98000,0.99878,0.00005,0.00069,0.00043,0.00006
26.61000,1.98000,0.99877,0.00007,0.00057,0.00054,0.00005
26.81000,1.98000,0.99735,0.00012,0.00130,0.00110,0.00013
27.01000,1.98000,0.99680,0.00009,0.00132,0.00159,0.00019
27.21000,1.98000,0.99424,0.00018,0.00279,0.00227,0.00053
27.41000,1.98000,0.99642,0.00012,0.00136,0.00180,0.00030
27.61000,1.98000,0.99716,0.00020,0.00147,0.00087,0.00029
27.81000,1.98000,0.99618,0.00015,0.00132,0.00179,0.00056
28.01000,1.98000,0.99551,0.00003,0.00120,0.00284,0.00043
28.21000,1.98000,0.99532,0.00003,0.00179,0.00254,0.00032
28.41000,1.98000,0.99718,0.00001,0.00192,0.00077,0.00012
28.61000,1.98000,0.99188,0.00001,0.00359,0.00382,0.00070
28.81000,1.98000,0.99289,0.00002,0.00301,0.00340,0.00068
29.01000,1.98000,0.99175,0.00003,0.00347,0.00373,0.00101
29.21000,1.98000,0.99595,0.00003,0.00165,0.00195,0.00043
29.41000,1.98000,0.99779,0.00003,0.00105,0.00087,0.00026
29.61000,1.98000,0.99792,0.00005,0.00063,0.00097,0.00043
29.81000,1.98000,0.98659,0.00013,0.00063,0.00943,0.00322
30.01000,1.98000,0.83256,0.00259,0.00200,0.14225,0.02061
30.21000,1.98000,0.83689,0.00251,0.00125,0.14370,0.01565
30.41000,1.98000,0.90837,0.00911,0.00098,0.07233,0.00921
30.61000,1.98000,0.75884,0.01605,0.00110,0.21373,0.01028
30.81000,1.98000,0.76264,0.01617,0.00152,0.20811,0.01155
31.01000,1.98000,0.76644,0.01291,0.00133,0.21153,0.00780
31.21000,1.98000,0.87668,0.00989,0.00122,0.10809,0.00412
31.41000,1.98000,0.94801,0.00434,0.00093,0.04553,0.00119
31.61000,1.98000,0.99637,0.00050,0.00058,0.00243,0.00011
31.81000,1.98000,0.99393,0.00409,0.00061,0.00132,0.00005
32.01000,1.98000,0.99439,0.00514,0.00031,0.00013,0.00002
32.21000,1.98000,0.99607,0.00336,0.00044,0.00012,0.00001
32.41000,1.98000,0.99778,0.00196,0.00022,0.00003,0.00001
32.61000,1.98000,0.99915,0.00067,0.00017,0.00001,0.00000
32.81000,1.98000,0.99784,0.00188,0.00024,0.00003,0.00000
33.01000,1.98000,0.99781,0.00209,0.00009,0.00001,0.00000
33.21000,1.98000,0.99268,0.00709,0.00021,0.00002,0.00000
33.41000,1.98000,0.99530,0.00449,0.00019,0.00002,0.00000
33.61000,1.98000,0.99598,0.00367,0.00029,0.00006,0.00001
33.81000,1.98000,0.99789,0.00158,0.00035,0.00016,0.00001
34.01000,1.98000,0.99577,0.00118,0.00086,0.00214,0.00006
34.21000,1.98000,0.99569,0.00098,0.00094,0.00232,0.00007
34.41000,1.98000,0.99057,0.00184,0.00173,0.00561,0.00025
34.61000,1.98000,0.98657,0.00353,0.00148,0.00813,0.00029
34.81000,1.98000,0.98599,0.00219,0.00143,0.00970,0.00068
35.01000,1.98000,0.99596,0.00070,0.00077,0.00244,0.00013
35.21000,1.98000,0.99748,0.00018,0.00068,0.00145,0.00021
35.41000,1.98000,0.98488,0.00042,0.00113,0.01231,0.00126
35.61000,1.98000,0.93472,0.00110,0.00253,0.05754,0.00412
35.81000,1.98000,0.92290,0.00233,0.00287,0.06573,0.00616
36.01000,1.98000,0.94326,0.00366,0.00249,0.04383,0.00675
36.21000,1.98000,0.91010,0.00637,0.00316,0.07141,0.00897
36.41000,1.98000,0.93020,0.00514,0.00341,0.05253,0.00873
36.61000,1.98000,0.84359,0.00982,0.00461,0.12687,0.01511
36.81000,1.98000,0.95141,0.00479,0.00210,0.03597,0.00572
37.01000,1.98000,0.94139,0.00635,0.00427,0.03948,0.00850
37.21000,1.98000,0.99253,0.00061,0.00219,0.00393,0.00073
37.41000,1.98000,0.99581,0.00224,0.00132,0.00044,0.00019
37.61000,1.98000,0.99276,0.00624,0.00081,0.00011,0.00008
37.81000,1.98000,0.99683,0.00223,0.00083,0.00005,0.00005
38.01000,1.98000,0.99823,0.00075,0.00085,0.00010,0.00007
38.21000,1.98000,0.99774,0.00114,0.00092,0.00014,0.00005
38.41000,1.98000,0.99801,0.00095,0.00085,0.00014,0.00005
38.61000,1.98000,0.99741,0.00136,0.00103,0.00013,0.00007
38.81000,1.98000,0.99738,0.00080,0.00153,0.00018,0.00012
39.01000,1.98000,0.99800,0.00051,0.00128,0.00011,0.00011
39.21000,1.98000,0.99829,0.00030,0.00118,0.00010,0.00014
39.41000,1.98000,0.99845,0.00014,0.00093,0.00028,0.00021
39.61000,1.98000,0.99668,0.00006,0.00091,0.00187,0.00048
39.81000,1.98000,0.99612,0.00018,0.00101,0.00207,0.00062
40.01000,1.98000,0.99787,0.00017,0.00081,0.00074,0.00042
40.21000,1.98000,0.99596,0.00019,0.00030,0.00184,0.00171
40.41000,1.98000,0.94502,0.00035,0.00112,0.02618,0.02734
40.61000,1.98000,0.84983,0.00111,0.00165,0.10975,0.03766
40.81000,1.98000,0.78525,0.00099,0.00201,0.15847,0.05328
41.01000,1.98000,0.69105,0.00266,0.00138,0.26077,0.04414
41.21000,1.98000,0.72247,0.00328,0.00125,0.23953,0.03346
41.41000,1.98000,0.69442,0.00198,0.00142,0.27305,0.02913
41.61000,1.98000,0.68881,0.00120,0.00146,0.27952,0.02901
41.81000,1.98000,0.87357,0.00184,0.00089,0.11546,0.00824
42.01000,1.98000,0.98367,0.00022,0.00096,0.01301,0.00215
42.21000,1.98000,0.99593,0.00005,0.00068,0.00303,0.00031
42.41000,1.98000,0.99905,0.00027,0.00015,0.00046,0.00008
42.61000,1.98000,0.99602,0.00211,0.00021,0.00133,0.00033
42.81000,1.98000,0.99598,0.00324,0.00015,0.00047,0.00016
43.01000,1.98000,0.99485,0.00470,0.00014,0.00020,0.00011
43.21000,1.98000,0.99647,0.00315,0.00017,0.00011,0.00010
43.41000,1.98000,0.99331,0.00555,0.00034,0.00054,0.00027
43.61000,1.98000,0.99262,0.00670,0.00028,0.00029,0.00011
43.81000,1.98000,0.99570,0.00351,0.00032,0.00034,0.00013
44.01000,1.98000,0.99744,0.00186,0.00043,0.00016,0.00010
44.21000,1.98000,0.99784,0.00110,0.00078,0.00017,0.00011
44.41000,1.98000,0.99860,0.00072,0.00053,0.00010,0.00004
44.61000,1.98000,0.99858,0.00013,0.00097,0.00025,0.00006
44.81000,1.98000,0.99760,0.00007,0.00146,0.00074,0.00013
45.01000,1.98000,0.99538,0.00004,0.00259,0.00169,0.00031
45.21000,1.98000,0.99373,0.00008,0.00206,0.00355,0.00057
45.41000,1.98000,0.99731,0.00005,0.00097,0.00137,0.00030
45.61000,1.98000,0.99680,0.00005,0.00066,0.00170,0.00080
45.81000,1.98000,0.99006,0.00005,0.00063,0.00568,0.00357
46.01000,1.98000,0.77107,0.00089,0.00159,0.20671,0.01973
46.21000,1.98000,0.75298,0.00084,0.00113,0.23443,0.01062
46.41000,1.98000,0.60794,0.00165,0.00164,0.37203,0.01674
46.61000,1.98000,0.77454,0.00234,0.00070,0.21629,0.00613
46.81000,1.98000,0.80283,0.00239,0.00108,0.18340,0.01030
47.01000,1.98000,0.69189,0.00227,0.00097,0.30024,0.00464
47.21000,1.98000,0.94057,0.00356,0.00075,0.05123,0.00389
47.41000,1.98000,0.97935,0.00248,0.00061,0.01700,0.00056
47.61000,1.98000,0.99625,0.00232,0.00061,0.00065,0.00016
47.81000,1.98000,0.99533,0.00441,0.00023,0.00002,0.00001
48.01000,1.98000,0.99069,0.00915,0.00015,0.00000,0.00000
48.21000,1.98000,0.98913,0.01068,0.00018,0.00000,0.00001
48.41000,1.98000,0.99362,0.00615,0.00023,0.00000,0.00000
48.61000,1.98000,0.99617,0.00324,0.00058,0.00000,0.00001
48.81000,1.98000,0.99512,0.00449,0.00039,0.00000,0.00000
49.01000,1.98000,0.99856,0.00123,0.00021,0.00000,0.00000
49.21000,1.98000,0.99782,0.00157,0.00061,0.00000,0.00000
49.41000,1.98000,0.99942,0.00045,0.00013,0.00000,0.00000
49.61000,1.98000,0.99938,0.00042,0.00020,0.00000,0.00000
49.81000,1.98000,0.99867,0.00028,0.00070,0.00022,0.00013
50.01000,1.98000,0.90093,0.00298,0.00449,0.08277,0.00883
50.21000,1.98000,0.80506,0.00157,0.00618,0.17865,0.00853
50.41000,1.98000,0.75734,0.00316,0.00376,0.22936,0.00639
50.61000,1.98000,0.86266,0.00262,0.00317,0.12388,0.00767
50.81000,1.98000,0.91002,0.00174,0.00210,0.08074,0.00539
51.01000,1.98000,0.86586,0.00359,0.00254,0.11743,0.01058
51.21000,1.98000,0.89994,0.00315,0.00187,0.08773,0.00730
51.41000,1.98000,0.97781,0.00033,0.00271,0.01769,0.00146
51.61000,1.98000,0.99658,0.00002,0.00189,0.00135,0.00016
51.81000,1.98000,0.99683,0.00009,0.00117,0.00185,0.00006
52.01000,1.98000,0.99761,0.00007,0.00062,0.00164,0.00006
52.21000,1.98000,0.99822,0.00005,0.00045,0.00124,0.00004
52.41000,1.98000,0.99836,0.00002,0.00051,0.00107,0.00003
52.61000,1.98000,0.99804,0.00003,0.00067,0.00122,0.00003
52.81000,1.98000,0.99816,0.00002,0.00072,0.00106,0.00003
53.01000,1.98000,0.99828,0.00002,0.00084,0.00084,0.00002
53.21000,1.98000,0.99702,0.00001,0.00114,0.00180,0.00003
53.41000,1.98000,0.99619,0.00001,0.00163,0.00214,0.00003
53.61000,1.98000,0.99351,0.00000,0.00224,0.00418,0.00006
53.81000,1.98000,0.99323,0.00000,0.00273,0.00398,0.00006
54.01000,1.98000,0.99718,0.00000,0.00164,0.00114,0.00003
54.21000,1.98000,0.99319,0.00001,0.00343,0.00331,0.00007
54.41000,1.98000,0.99312,0.00001,0.00295,0.00382,0.00011
54.61000,1.98000,0.99507,0.00000,0.00223,0.00261,0.00009
54.81000,1.98000,0.99499,0.00000,0.00242,0.00248,0.00011
55.01000,1.98000,0.99395,0.00001,0.00218,0.00361,0.00025
55.21000,1.98000,0.99572,0.00001,0.00194,0.00209,0.00024
55.41000,1.98000,0.99858,0.00002,0.00052,0.00071,0.00017
55.61000,1.98000,0.99171,0.00005,0.00116,0.00438,0.00270
55.81000,1.98000,0.91538,0.00036,0.00188,0.06679,0.01558
56.01000,1.98000,0.85397,0.00021,0.00258,0.12258,0.02066
56.21000,1.98000,0.75250,0.00042,0.00162,0.21457,0.03088
56.41000,1.98000,0.68753,0.00049,0.00185,0.27644,0.03370
56.61000,1.98000,0.74188,0.00088,0.00154,0.23027,0.02543
56.81000,1.98000,0.71634,0.00079,0.00138,0.25470,0.02680
57.01000,1.98000,0.73336,0.00087,0.00162,0.24308,0.02107
57.21000,1.98000,0.75818,0.00076,0.00170,0.22142,0.01794
57.41000,1.98000,0.95083,0.00007,0.00170,0.04529,0.00212
57.61000,1.98000,0.99691,0.00029,0.00088,0.00167,0.00025
57.81000,1.98000,0.99636,0.00142,0.00092,0.00100,0.00030
58.01000,1.98000,0.99893,0.00060,0.00037,0.00005,0.00004
58.21000,1.98000,0.99934,0.00045,0.00018,0.00001,0.00001
58.41000,1.98000,0.99850,0.00101,0.00042,0.00005,0.00002
58.61000,1.98000,0.99611,0.00343,0.00037,0.00008,0.00002
58.81000,1.98000,0.99421,0.00536,0.00028,0.00014,0.00001
59.01000,1.98000,0.99209,0.00774,0.00015,0.00002,0.00000
59.21000,1.98000,0.97601,0.02377,0.00019,0.00003,0.00000
59.41000,1.98000,0.98444,0.01537,0.00019,0.00000,0.00000
59.61000,1.98000,0.97480,0.02484,0.00027,0.00009,0.00000
59.81000,1.98000,0.98316,0.01644,0.00028,0.00011,0.00000
60.01000,1.98000,0.99029,0.00889,0.00041,0.00041,0.00000
60.21000,1.98000,0.99367,0.00534,0.00073,0.00026,0.00000
60.41000,1.98000,0.98910,0.00926,0.00046,0.00117,0.00001
60.61000,1.98000,0.99580,0.00371,0.00029,0.00019,0.00001
60.81000,1.98000,0.99646,0.00229,0.00079,0.00041,0.00005
61.01000,1.98000,0.97760,0.00570,0.00181,0.01386,0.00103
61.21000,1.98000,0.89555,0.00684,0.00253,0.09127,0.00380
61.41000,1.98000,0.88138,0.00523,0.00151,0.10432,0.00756
61.61000,1.98000,0.81101,0.00613,0.00183,0.16963,0.01139
61.81000,1.98000,0.84764,0.00625,0.00108,0.13494,0.01009
62.01000,1.98000,0.84151,0.00463,0.00108,0.14274,0.01004
62.21000,1.98000,0.87502,0.00393,0.00099,0.11266,0.00740
62.41000,1.98000,0.86104,0.00422,0.00109,0.12655,0.00710
62.61000,1.98000,0.97824,0.00084,0.00054,0.01908,0.00130
62.81000,1.98000,0.99762,0.00066,0.00022,0.00143,0.00007
63.01000,1.98000,0.99865,0.00034,0.00014,0.00080,0.00008
63.21000,1.98000,0.99889,0.00045,0.00009,0.00047,0.00010
63.41000,1.98000,0.99942,0.00029,0.00007,0.00016,0.00006
63.61000,1.98000,0.99933,0.00028,0.00011,0.00020,0.00008
63.81000,1.98000,0.99917,0.00026,0.00025,0.00022,0.00011
64.01000,1.98000,0.99886,0.00033,0.00035,0.00031,0.00015
64.21000,1.98000,0.99896,0.00046,0.00021,0.00028,0.00009
64.41000,1.98000,0.99857,0.00086,0.00026,0.00017,0.00014
64.61000,1.98000,0.99863,0.00087,0.00032,0.00009,0.00010
64.81000,1.98000,0.99729,0.00221,0.00031,0.00006,0.00013
65.01000,1.98000,0.99767,0.00191,0.00021,0.00006,0.00015
65.21000,1.98000,0.99648,0.00242,0.00057,0.00037,0.00017
65.41000,1.98000,0.99686,0.00189,0.00053,0.00051,0.00021
65.61000,1.98000,0.98940,0.00733,0.00118,0.00156,0.00054
65.81000,1.98000,0.99431,0.00372,0.00076,0.00079,0.00042
66.01000,1.98000,0.98999,0.00777,0.00081,0.00087,0.00057
66.21000,1.98000,0.99397,0.00325,0.00075,0.00122,0.00080
66.41000,1.98000,0.99220,0.00323,0.00109,0.00259,0.00090
66.61000,1.98000,0.99889,0.00042,0.00023,0.00029,0.00018
66.81000,1.98000,0.99619,0.00045,0.00063,0.00189,0.00084
67.01000,1.98000,0.96638,0.00125,0.00237,0.01905,0.01096
67.21000,1.98000,0.86464,0.00303,0.00430,0.07932,0.04872
67.41000,1.98000,0.91731,0.00168,0.00461,0.04982,0.02658
67.61000,1.98000,0.91946,0.00146,0.00342,0.04653,0.02913
67.81000,1.98000,0.93788,0.00155,0.00234,0.03512,0.02311
68.01000,1.98000,0.93390,0.00122,0.00224,0.03461,0.02803
68.21000,1.98000,0.94841,0.00108,0.00220,0.02874,0.01957
68.41000,1.98000,0.94768,0.00085,0.00181,0.02783,0.02182
68.61000,1.98000,0.99115,0.00009,0.00115,0.00504,0.00257
68.81000,1.98000,0.99779,0.00003,0.00072,0.00086,0.00060
69.01000,1.98000,0.99755,0.00012,0.00037,0.00128,0.00068
69.21000,1.98000,0.99843,0.00009,0.00020,0.00078,0.00049
69.41000,1.98000,0.99833,0.00012,0.00020,0.00089,0.00047
69.61000,1.98000,0.99912,0.00008,0.00018,0.00032,0.00030
69.81000,1.98000,0.99892,0.00020,0.00027,0.00026,0.00036
70.01000,1.98000,0.99827,0.00040,0.00035,0.00039,0.00059
70.21000,1.98000,0.99896,0.00061,0.00026,0.00004,0.00014
70.41000,1.98000,0.99920,0.00046,0.00019,0.00003,0.00012
70.61000,1.98000,0.99864,0.00063,0.00054,0.00004,0.00014
70.81000,1.98000,0.99798,0.00073,0.00086,0.00023,0.00020
71.01000,1.98000,0.99739,0.00076,0.00146,0.00024,0.00016
71.21000,1.98000,0.99670,0.00091,0.00186,0.00042,0.00011
71.41000,1.98000,0.99765,0.00074,0.00144,0.00015,0.00002
71.61000,1.98000,0.99775,0.00029,0.00192,0.00004,0.00000
71.81000,1.98000,0.98945,0.00064,0.00846,0.00144,0.00002
72.01000,1.98000,0.98445,0.00076,0.00939,0.00536,0.00004
72.21000,1.98000,0.98527,0.00020,0.00744,0.00706,0.00002
72.41000,1.98000,0.99526,0.00021,0.00163,0.00290,0.00001
72.61000,1.98000,0.98755,0.00027,0.00162,0.01052,0.00005
72.81000,1.98000,0.88932,0.00118,0.00594,0.10239,0.00118
73.01000,1.98000,0.77520,0.00239,0.01084,0.20922,0.00236
73.21000,1.98000,0.77317,0.00404,0.01152,0.20645,0.00483
73.41000,1.98000,0.68787,0.00428,0.01344,0.28716,0.00725
73.61000,1.98000,0.67652,0.00311,0.00774,0.30039,0.01224
73.81000,1.98000,0.72054,0.00306,0.00520,0.26019,0.01100
74.01000,1.98000,0.82146,0.00138,0.00357,0.16506,0.00854
74.21000,1.98000,0.87472,0.00120,0.00518,0.11352,0.00538
74.41000,1.98000,0.97496,0.00016,0.00476,0.01927,0.00085
74.61000,1.98000,0.99306,0.00002,0.00543,0.00140,0.00008
74.81000,1.98000,0.99520,0.00010,0.00217,0.00248,0.00005
75.01000,1.98000,0.99507,0.00020,0.00164,0.00305,0.00004
75.21000,1.98000,0.99654,0.00018,0.00103,0.00222,0.00003
75.41000,1.98000,0.99780,0.00009,0.00088,0.00120,0.00003
75.61000,1.98000,0.99895,0.00009,0.00077,0.00018,0.00001
75.81000,1.98000,0.99878,0.00008,0.00105,0.00008,0.00002
76.01000,1.98000,0.99798,0.00011,0.00182,0.00007,0.00002
76.21000,1.98000,0.99766,0.00014,0.00212,0.00005,0.00002
76.41000,1.98000,0.99892,0.00010,0.00098,0.00000,0.00000
76.61000,1.98000,0.99825,0.00037,0.00138,0.00000,0.00001
76.81000,1.98000,0.99788,0.00022,0.00189,0.00000,0.00000
77.01000,1.98000,0.99634,0.00038,0.00326,0.00000,0.00001
77.21000,1.98000,0.99749,0.00012,0.00238,0.00000,0.00001
77.41000,1.98000,0.99759,0.00016,0.00224,0.00000,0.00001
77.61000,1.98000,0.99850,0.00009,0.00139,0.00001,0.00001
77.81000,1.98000,0.99800,0.00024,0.00169,0.00005,0.00002
78.01000,1.98000,0.99840,0.00014,0.00132,0.00011,0.00003
78.21000,1.98000,0.99817,0.00018,0.00138,0.00022,0.00004
78.41000,1.98000,0.99841,0.00009,0.00086,0.00060,0.00004
78.61000,1.98000,0.99627,0.00011,0.00122,0.00228,0.00013
78.81000,1.98000,0.99863,0.00012,0.00032,0.00085,0.00007
79.01000,1.98000,0.99732,0.00039,0.00053,0.00164,0.00012
79.21000,1.98000,0.99646,0.00045,0.00075,0.00217,0.00017
79.41000,1.98000,0.99541,0.00063,0.00085,0.00289,0.00022
79.61000,1.98000,0.99373,0.00082,0.00128,0.00384,0.00033
79.81000,1.98000,0.99393,0.00090,0.00115,0.00374,0.00028
80.01000,1.98000,0.99308,0.00104,0.00128,0.00425,0.00035
80.21000,1.98000,0.99220,0.00167,0.00117,0.00457,0.00039
80.41000,1.98000,0.99163,0.00161,0.00133,0.00497,0.00047
80.61000,1.98000,0.99172,0.00240,0.00111,0.00417,0.00060
80.81000,1.98000,0.99046,0.00090,0.00194,0.00606,0.00065
81.01000,1.98000,0.99427,0.00047,0.00096,0.00347,0.00083
81.21000,1.98000,0.99546,0.00039,0.00072,0.00275,0.00068
81.41000,1.98000,0.99855,0.00023,0.00020,0.00076,0.00025
81.61000,1.98000,0.99845,0.00017,0.00014,0.00087,0.00037
81.81000,1.98000,0.94882,0.00106,0.00056,0.03421,0.01535
82.01000,1.98000,0.76672,0.00452,0.00181,0.18207,0.04488
82.21000,1.98000,0.81435,0.00230,0.00153,0.14635,0.03548
82.41000,1.98000,0.75119,0.00268,0.00270,0.21345,0.02998
82.61000,1.98000,0.71426,0.00226,0.00306,0.24670,0.03373
82.81000,1.98000,0.72890,0.00231,0.00407,0.23940,0.02533
83.01000,1.98000,0.65834,0.00245,0.00427,0.30323,0.03170
83.21000,1.98000,0.76537,0.00172,0.00428,0.21365,0.01498
83.41000,1.98000,0.95152,0.00019,0.00476,0.04047,0.00307
83.61000,1.98000,0.99657,0.00002,0.00209,0.00127,0.00005
83.81000,1.98000,0.99099,0.00016,0.00402,0.00450,0.00034
84.01000,1.98000,0.99232,0.00010,0.00284,0.00453,0.00020
84.21000,1.98000,0.99646,0.00009,0.00181,0.00157,0.00006
84.41000,1.98000,0.99787,0.00015,0.00101,0.00094,0.00003
84.61000,1.98000,0.99845,0.00026,0.00084,0.00044,0.00001
84.81000,1.98000,0.99891,0.00051,0.00048,0.00009,0.00000
85.01000,1.98000,0.99856,0.00093,0.00045,0.00005,0.00000
85.21000,1.98000,0.99823,0.00140,0.00034,0.00003,0.00000
85.41000,1.98000,0.99711,0.00236,0.00049,0.00003,0.00000
85.61000,1.98000,0.99605,0.00372,0.00020,0.00002,0.00000
85.81000,1.98000,0.99776,0.00200,0.00024,0.00001,0.00000
86.01000,1.98000,0.99718,0.00246,0.00032,0.00004,0.00000
86.21000,1.98000,0.99611,0.00371,0.00016,0.00002,0.00000
86.41000,1.98000,0.98812,0.01159,0.00022,0.00007,0.00000
86.61000,1.98000,0.98975,0.00965,0.00039,0.00020,0.00000
86.81000,1.98000,0.99222,0.00577,0.00063,0.00138,0.00001
87.01000,1.98000,0.99265,0.00420,0.00092,0.00222,0.00001
87.21000,1.98000,0.99104,0.00461,0.00083,0.00351,0.00001
87.41000,1.98000,0.99567,0.00171,0.00071,0.00190,0.00001
87.61000,1.98000,0.99563,0.00115,0.00076,0.00244,0.00002
87.81000,1.98000,0.99754,0.00072,0.00063,0.00109,0.00003
88.01000,1.98000,0.99663,0.00083,0.00056,0.00193,0.00005
88.21000,1.98000,0.99533,0.00043,0.00125,0.00288,0.00010
88.41000,1.98000,0.99575,0.00018,0.00132,0.00256,0.00018
88.61000,1.98000,0.99637,0.00016,0.00093,0.00229,0.00026
88.81000,1.98000,0.99749,0.00014,0.00054,0.00166,0.00018
89.01000,1.98000,0.99970,0.00005,0.00014,0.00009,0.00002
89.21000,1.98000,0.99327,0.00030,0.00080,0.00456,0.00108
89.41000,1.98000,0.95214,0.00147,0.00223,0.04096,0.00321
89.61000,1.98000,0.96037,0.00153,0.00227,0.03314,0.00270
89.81000,1.98000,0.93847,0.00191,0.00286,0.05384,0.00291
90.01000,1.98000,0.94309,0.00293,0.00264,0.04845,0.00290
90.21000,1.98000,0.93267,0.00249,0.00298,0.05869,0.00317
90.41000,1.98000,0.91614,0.00374,0.00398,0.07207,0.00407
90.61000,1.98000,0.92638,0.00303,0.00295,0.06429,0.00335
90.81000,1.98000,0.96032,0.00110,0.00356,0.03335,0.00167
91.01000,1.98000,0.99383,0.00010,0.00203,0.00393,0.00011
91.21000,1.98000,0.99442,0.00025,0.00163,0.00357,0.00013
91.41000,1.98000,0.99656,0.00017,0.00091,0.00227,0.00009
91.61000,1.98000,0.99886,0.00006,0.00037,0.00068,0.00003
91.81000,1.98000,0.99681,0.00009,0.00065,0.00241,0.00004
92.01000,1.98000,0.99828,0.00003,0.00051,0.00114,0.00004
92.21000,1.98000,0.99869,0.00008,0.00043,0.00078,0.00001
92.41000,1.98000,0.99807,0.00008,0.00058,0.00126,0.00001
92.61000,1.98000,0.99672,0.00008,0.00094,0.00224,0.00002
92.81000,1.98000,0.99653,0.00011,0.00098,0.00236,0.00002
93.01000,1.98000,0.99514,0.00016,0.00111,0.00358,0.00001
93.21000,1.98000,0.99844,0.00030,0.00037,0.00090,0.00001
93.41000,1.98000,0.99749,0.00025,0.00105,0.00120,0.00001
93.61000,1.98000,0.99784,0.00047,0.00052,0.00116,0.00002
93.81000,1.98000,0.99534,0.00111,0.00101,0.00245,0.00008
94.01000,1.98000,0.99663,0.00114,0.00044,0.00172,0.00007
94.21000,1.98000,0.99666,0.00149,0.00040,0.00121,0.00024
94.41000,1.98000,0.99219,0.00430,0.00044,0.00273,0.00034
94.61000,1.98000,0.99486,0.00297,0.00039,0.00135,0.00043
94.81000,1.98000,0.99291,0.00352,0.00049,0.00256,0.00052
95.01000,1.98000,0.99605,0.00154,0.00055,0.00116,0.00070
95.21000,1.98000,0.99634,0.00072,0.00049,0.00193,0.00053
95.41000,1.98000,0.99655,0.00080,0.00035,0.00150,0.00080
95.61000,1.98000,0.99685,0.00055,0.00058,0.00147,0.00055
95.81000,1.98000,0.99857,0.00043,0.00027,0.00048,0.00026
96.01000,1.98000,0.99865,0.00022,0.00033,0.00069,0.00012
96.21000,1.98000,0.99580,0.00028,0.00098,0.00271,0.00023
96.41000,1.98000,0.99620,0.00024,0.00068,0.00259,0.00030
96.61000,1.98000,0.99850,0.00020,0.00033,0.00089,0.00007
96.81000,1.98000,0.99966,0.00005,0.00023,0.00004,0.00003
97.01000,1.98000,0.98890,0.00065,0.00162,0.00695,0.00187
97.21000,1.98000,0.93390,0.00340,0.00644,0.04667,0.00960
97.41000,1.98000,0.92958,0.00295,0.00593,0.05629,0.00525
97.61000,1.98000,0.91435,0.00427,0.00802,0.06857,0.00480
97.81000,1.98000,0.93524,0.00193,0.00685,0.05314,0.00284
98.01000,1.98000,0.92177,0.00210,0.00966,0.06366,0.00280
98.21000,1.98000,0.92455,0.00153,0.00856,0.06313,0.00223
98.41000,1.98000,0.93960,0.00168,0.00868,0.04835,0.00170
98.61000,1.98000,0.98190,0.00013,0.00682,0.01078,0.00037
98.81000,1.98000,0.99519,0.00015,0.00248,0.00214,0.00004
99.01000,1.98000,0.99585,0.00009,0.00145,0.00259,0.00002
99.21000,1.98000,0.99699,0.00007,0.00097,0.00195,0.00002
99.41000,1.98000,0.99788,0.00006,0.00076,0.00127,0.00003
99.61000,1.98000,0.99791,0.00005,0.00083,0.00118,0.00003
99.81000,1.98000,0.99719,0.00008,0.00099,0.00169,0.00004
100.01000,1.98000,0.99724,0.00020,0.00094,0.00157,0.00005
100.21000,1.98000,0.99776,0.00029,0.00068,0.00124,0.00004
100.41000,1.98000,0.99615,0.00030,0.00128,0.00221,0.00006
100.61000,1.98000,0.99645,0.00026,0.00168,0.00153,0.00008
100.81000,1.98000,0.99600,0.00029,0.00186,0.00177,0.00009
101.01000,1.98000,0.99764,0.00025,0.00103,0.00103,0.00006
101.21000,1.98000,0.99836,0.00007,0.00071,0.00082,0.00003
101.41000,1.98000,0.99748,0.00013,0.00120,0.00114,0.00004
101.61000,1.98000,0.99792,0.00006,0.00116,0.00082,0.00004
101.81000,1.98000,0.99778,0.00006,0.00153,0.00058,0.00005
102.01000,1.98000,0.99452,0.00003,0.00271,0.00264,0.00010
102.21000,1.98000,0.99416,0.00003,0.00298,0.00270,0.00012
102.41000,1.98000,0.99407,0.00004,0.00325,0.00250,0.00013
102.61000,1.98000,0.99463,0.00005,0.00171,0.00352,0.00009
102.81000,1.98000,0.99171,0.00007,0.00264,0.00539,0.00019
103.01000,1.98000,0.99277,0.00007,0.00221,0.00467,0.00028
103.21000,1.98000,0.99256,0.00013,0.00255,0.00445,0.00032
103.41000,1.98000,0.99589,0.00011,0.00088,0.00290,0.00023
103.61000,1.98000,0.99563,0.00014,0.00096,0.00300,0.00027
103.81000,1.98000,0.99697,0.00013,0.00062,0.00210,0.00018
104.01000,1.98000,0.99927,0.00015,0.00015,0.00036,0.00006
104.21000,1.98000,0.99970,0.00010,0.00011,0.00005,0.00003
104.41000,1.98000,0.99180,0.00128,0.00073,0.00484,0.00134
104.61000,1.98000,0.96452,0.00331,0.00137,0.02658,0.00421
104.81000,1.98000,0.93159,0.00313,0.00278,0.05730,0.00521
105.01000,1.98000,0.88890,0.00428,0.00514,0.09522,0.00645
105.21000,1.98000,0.91514,0.00223,0.00461,0.07520,0.00281
105.41000,1.98000,0.88467,0.00278,0.00662,0.10278,0.00314
105.61000,1.98000,0.90527,0.00189,0.00611,0.08434,0.00238
105.81000,1.98000,0.90708,0.00207,0.00605,0.08231,0.00249
106.01000,1.98000,0.97997,0.00011,0.00661,0.01300,0.00032
106.21000,1.98000,0.99392,0.00005,0.00382,0.00217,0.00004
106.41000,1.98000,0.99765,0.00002,0.00140,0.00091,0.00002
106.61000,1.98000,0.99682,0.00003,0.00099,0.00213,0.00002
106.81000,1.98000,0.99622,0.00009,0.00078,0.00288,0.00004
107.01000,1.98000,0.99912,0.00012,0.00039,0.00034,0.00002
107.21000,1.98000,0.99893,0.00018,0.00056,0.00031,0.00003
107.41000,1.98000,0.99943,0.00012,0.00031,0.00013,0.00001
107.61000,1.98000,0.99957,0.00007,0.00025,0.00009,0.00001
107.81000,1.98000,0.99847,0.00033,0.00053,0.00065,0.00002
108.01000,1.98000,0.99818,0.00040,0.00067,0.00070,0.00004
108.21000,1.98000,0.99752,0.00079,0.00060,0.00104,0.00006
108.41000,1.98000,0.99893,0.00045,0.00031,0.00029,0.00003
108.61000,1.98000,0.99827,0.00107,0.00020,0.00042,0.00004
108.81000,1.98000,0.99880,0.00061,0.00016,0.00039,0.00003
109.01000,1.98000,0.99705,0.00063,0.00021,0.00205,0.00007
109.21000,1.98000,0.99816,0.00020,0.00036,0.00119,0.00009
109.41000,1.98000,0.99759,0.00031,0.00033,0.00163,0.00014
109.61000,1.98000,0.99827,0.00032,0.00032,0.00099,0.00010
109.81000,1.98000,0.99624,0.00072,0.00026,0.00255,0.00023
110.01000,1.98000,0.99683,0.00054,0.00024,0.00215,0.00024
110.21000,1.98000,0.99729,0.00038,0.00022,0.00193,0.00017
110.41000,1.98000,0.99797,0.00016,0.00024,0.00145,0.00017
110.61000,1.98000,0.99779,0.00010,0.00042,0.00154,0.00016
110.81000,1.98000,0.99886,0.00005,0.00029,0.00072,0.00008
111.01000,1.98000,0.99929,0.00002,0.00013,0.00047,0.00009
111.21000,1.98000,0.95446,0.00025,0.00096,0.04036,0.00397
111.41000,1.98000,0.91051,0.00029,0.00184,0.07901,0.00834
111.61000,1.98000,0.89643,0.00060,0.00147,0.09670,0.00481
111.81000,1.98000,0.86881,0.00052,0.00180,0.12098,0.00790
112.01000,1.98000,0.88438,0.00074,0.00142,0.10960,0.00386
112.21000,1.98000,0.82803,0.00068,0.00212,0.16353,0.00565
112.41000,1.98000,0.80217,0.00110,0.00206,0.19077,0.00390
112.61000,1.98000,0.84137,0.00084,0.00252,0.15101,0.00426
112.81000,1.98000,0.93685,0.00015,0.00153,0.06062,0.00085
113.01000,1.98000,0.98902,0.00025,0.00253,0.00803,0.00016
113.21000,1.98000,0.98961,0.00062,0.00122,0.00842,0.00012
113.41000,1.98000,0.99656,0.00041,0.00056,0.00243,0.00005
113.61000,1.98000,0.99507,0.00042,0.00086,0.00360,0.00005
113.81000,1.98000,0.99732,0.00046,0.00072,0.00148,0.00002
114.01000,1.98000,0.99893,0.00036,0.00039,0.00031,0.00001
114.21000,1.98000,0.99854,0.00059,0.00049,0.00037,0.00001
114.41000,1.98000,0.99811,0.00065,0.00059,0.00063,0.00001
114.61000,1.98000,0.99896,0.00043,0.00035,0.00026,0.00001
114.81000,1.98000,0.99841,0.00099,0.00035,0.00024,0.00001
115.01000,1.98000,0.99817,0.00108,0.00044,0.00029,0.00002
115.21000,1.98000,0.99885,0.00074,0.00023,0.00017,0.00001
115.41000,1.98000,0.99930,0.00025,0.00029,0.00015,0.00001
115.61000,1.98000,0.99916,0.00019,0.00035,0.00027,0.00003
115.81000,1.98000,0.99891,0.00009,0.00048,0.00046,0.00005
116.01000,1.98000,0.99873,0.00011,0.00037,0.00074,0.00005
116.21000,1.98000,0.99729,0.00023,0.00070,0.00168,0.00010
116.41000,1.98000,0.99805,0.00026,0.00045,0.00117,0.00008
116.61000,1.98000,0.99867,0.00010,0.00043,0.00078,0.00002
116.81000,1.98000,0.99629,0.00012,0.00085,0.00268,0.00006
117.01000,1.98000,0.99953,0.00006,0.00021,0.00020,0.00001
117.21000,1.98000,0.99961,0.00002,0.00030,0.00005,0.00002
117.41000,1.98000,0.94859,0.00070,0.00288,0.04513,0.00271
117.61000,1.98000,0.88901,0.00053,0.00647,0.10116,0.00284
117.81000,1.98000,0.88173,0.00051,0.00519,0.11043,0.00215
118.01000,1.98000,0.88919,0.00065,0.00667,0.10228,0.00121
118.21000,1.98000,0.80134,0.00051,0.00697,0.18978,0.00141
118.41000,1.98000,0.78861,0.00062,0.01239,0.19686,0.00152
118.61000,1.98000,0.75945,0.00038,0.01252,0.22582,0.00183
118.81000,1.98000,0.91055,0.00020,0.01222,0.07633,0.00070
119.01000,1.98000,0.99340,0.00001,0.00498,0.00160,0.00002
119.21000,1.98000,0.99407,0.00009,0.00351,0.00232,0.00001
119.41000,1.98000,0.98849,0.00024,0.00356,0.00767,0.00003
119.61000,1.98000,0.99719,0.00017,0.00137,0.00125,0.00002
119.81000,1.98000,0.99521,0.00016,0.00289,0.00173,0.00002
120.01000,1.98000,0.99676,0.00009,0.00203,0.00111,0.00000
120.21000,1.98000,0.99441,0.00024,0.00385,0.00150,0.00001
120.41000,1.98000,0.99695,0.00024,0.00169,0.00113,0.00000
120.61000,1.98000,0.99562,0.00034,0.00219,0.00184,0.00001
120.81000,1.98000,0.99787,0.00013,0.00137,0.00064,0.00000
121.01000,1.98000,0.99602,0.00011,0.00211,0.00176,0.00001
121.21000,1.98000,0.99731,0.00007,0.00167,0.00094,0.00000
121.41000,1.98000,0.99462,0.00026,0.00286,0.00225,0.00002
121.61000,1.98000,0.99500,0.00026,0.00156,0.00315,0.00003
121.81000,1.98000,0.99394,0.00050,0.00168,0.00376,0.00013
