Time (seconds), Duration (seconds),pred_(unlabeled),pred_On,pred_Off,pred_Dimmer,pred_Lighter
0.01000,1.98000,0.99795,0.00030,0.00173,0.00001,0.00001
0.21000,1.98000,0.99925,0.00043,0.00027,0.00000,0.00006
0.41000,1.98000,0.99899,0.00035,0.00065,0.00000,0.00000
0.61000,1.98000,0.99421,0.00074,0.00497,0.00000,0.00008
0.81000,1.98000,0.98875,0.00081,0.01043,0.00000,0.00000
1.01000,1.98000,0.99397,0.00112,0.00489,0.00000,0.00002
1.21000,1.98000,0.98101,0.00201,0.01693,0.00001,0.00004
1.41000,1.98000,0.98583,0.00254,0.01157,0.00001,0.00006
1.61000,1.98000,0.94614,0.00509,0.04862,0.00006,0.00009
1.81000,1.98000,0.99834,0.00039,0.00125,0.00000,0.00002
2.01000,1.98000,0.96491,0.00433,0.03063,0.00002,0.00010
2.21000,1.98000,0.99564,0.00017,0.00414,0.00000,0.00005
2.41000,1.98000,0.85353,0.00388,0.14203,0.00012,0.00045
2.61000,1.98000,0.97854,0.00138,0.01994,0.00002,0.00011
2.81000,1.98000,0.97611,0.00338,0.02030,0.00005,0.00017
3.01000,1.98000,0.98077,0.00074,0.01834,0.00004,0.00012
3.21000,1.98000,0.96148,0.00074,0.03703,0.00008,0.00067
3.41000,1.98000,0.96566,0.00013,0.03398,0.00008,0.00014
3.61000,1.98000,0.98113,0.00015,0.01817,0.00023,0.00032
3.81000,1.98000,0.97026,0.00004,0.02833,0.00103,0.00034
4.01000,1.98000,0.97066,0.00001,0.02836,0.00068,0.00029
4.21000,1.98000,0.99093,0.00000,0.00797,0.00093,0.00017
4.41000,1.98000,0.99722,0.00000,0.00240,0.00020,0.00017
4.61000,1.98000,0.99916,0.00000,0.00071,0.00009,0.00004
4.81000,1.98000,0.99903,0.00000,0.00087,0.00007,0.00002
5.01000,1.98000,0.99914,0.00000,0.00081,0.00005,0.00001
5.21000,1.98000,0.99726,0.00000,0.00238,0.00034,0.00003
5.41000,1.98000,0.98546,0.00001,0.01311,0.00124,0.00018
5.61000,1.98000,0.98614,0.00001,0.01278,0.00097,0.00010
5.81000,1.98000,0.93890,0.00002,0.05467,0.00601,0.00039
6.01000,1.98000,0.96770,0.00004,0.02797,0.00391,0.00038
6.21000,1.98000,0.95384,0.00001,0.04312,0.00289,0.00015
6.41000,1.98000,0.99542,0.00000,0.00433,0.00023,0.00002
6.61000,1.98000,0.96431,0.00001,0.03325,0.00207,0.00036
6.81000,1.98000,0.99841,0.00000,0.00124,0.00021,0.00013
7.01000,1.98000,0.99847,0.00000,0.00103,0.00022,0.00028
7.21000,1.98000,0.99725,0.00000,0.00135,0.00045,0.00095
7.41000,1.98000,0.99784,0.00001,0.00093,0.00074,0.00048
7.61000,1.98000,0.99498,0.00002,0.00103,0.00150,0.00247
7.81000,1.98000,0.99648,0.00003,0.00065,0.00122,0.00161
8.01000,1.98000,0.99944,0.00002,0.00010,0.00010,0.00034
8.21000,1.98000,0.99763,0.00001,0.00069,0.00077,0.00090
8.41000,1.98000,0.98904,0.00004,0.00361,0.00587,0.00145
8.61000,1.98000,0.98148,0.00013,0.00577,0.01176,0.00085
8.81000,1.98000,0.99277,0.00012,0.00110,0.00585,0.00016
9.01000,1.98000,0.99626,0.00002,0.00077,0.00287,0.00008
9.21000,1.98000,0.99731,0.00002,0.00041,0.00221,0.00005
9.41000,1.98000,0.99943,0.00000,0.00017,0.00038,0.00001
9.61000,1.98000,0.99797,0.00000,0.00086,0.00114,0.00002
9.81000,1.98000,0.99947,0.00000,0.00019,0.00033,0.00001
10.01000,1.98000,0.99958,0.00000,0.00011,0.00030,0.00001
10.21000,1.98000,0.99992,0.00000,0.00002,0.00006,0.00000
10.41000,1.98000,0.99972,0.00000,0.00002,0.00024,0.00002
10.61000,1.98000,0.99838,0.00000,0.00014,0.00144,0.00004
10.81000,1.98000,0.99741,0.00008,0.00008,0.00237,0.00006
11.01000,1.98000,0.96959,0.00073,0.00081,0.02838,0.00048
11.21000,1.98000,0.60004,0.01718,0.00794,0.37204,0.00281
11.41000,1.98000,0.32319,0.01023,0.01800,0.64780,0.00079
11.61000,1.98000,0.45098,0.01240,0.01020,0.52538,0.00104
11.81000,1.98000,0.91038,0.00152,0.00204,0.08581,0.00024
12.01000,1.98000,0.99549,0.00018,0.00073,0.00359,0.00001
12.21000,1.98000,0.99817,0.00001,0.00075,0.00108,0.00000
12.41000,1.98000,0.99993,0.00000,0.00005,0.00002,0.00000
12.61000,1.98000,0.99957,0.00000,0.00015,0.00027,0.00000
12.81000,1.98000,0.99993,0.00000,0.00002,0.00004,0.00000
13.01000,1.98000,0.99994,0.00000,0.00002,0.00004,0.00000
13.21000,1.98000,0.99992,0.00000,0.00002,0.00005,0.00000
13.41000,1.98000,0.99980,0.00000,0.00006,0.00014,0.00000
13.61000,1.98000,0.99996,0.00000,0.00002,0.00003,0.00000
13.81000,1.98000,0.99998,0.00000,0.00001,0.00001,0.00000
14.01000,1.98000,0.99997,0.00000,0.00001,0.00002,0.00000
14.21000,1.98000,0.99994,0.00000,0.00002,0.00004,0.00000
14.41000,1.98000,0.99984,0.00000,0.00003,0.00012,0.00001
14.61000,1.98000,0.99783,0.00000,0.00020,0.00185,0.00011
14.81000,1.98000,0.99847,0.00000,0.00024,0.00110,0.00019
15.01000,1.98000,0.99359,0.00001,0.00083,0.00506,0.00050
15.21000,1.98000,0.99280,0.00003,0.00101,0.00550,0.00066
15.41000,1.98000,0.99144,0.00003,0.00149,0.00670,0.00034
15.61000,1.98000,0.99970,0.00000,0.00007,0.00021,0.00002
15.81000,1.98000,0.99778,0.00001,0.00096,0.00123,0.00003
16.01000,1.98000,0.99863,0.00000,0.00052,0.00085,0.00001
16.21000,1.98000,0.99940,0.00000,0.00016,0.00043,0.00001
16.41000,1.98000,0.99943,0.00000,0.00019,0.00037,0.00001
16.61000,1.98000,0.99933,0.00000,0.00021,0.00045,0.00000
16.81000,1.98000,0.99984,0.00000,0.00004,0.00012,0.00000
17.01000,1.98000,0.99983,0.00000,0.00001,0.00015,0.00001
17.21000,1.98000,0.99931,0.00000,0.00004,0.00063,0.00001
17.41000,1.98000,0.99577,0.00016,0.00012,0.00379,0.00015
17.61000,1.98000,0.98800,0.00029,0.00005,0.01133,0.00034
17.81000,1.98000,0.80918,0.00324,0.00088,0.18198,0.00472
18.01000,1.98000,0.37961,0.00726,0.00216,0.60309,0.00789
18.21000,1.98000,0.51841,0.01015,0.00257,0.45912,0.00975
18.41000,1.98000,0.96063,0.00080,0.00013,0.03727,0.00118
18.61000,1.98000,0.99734,0.00006,0.00012,0.00242,0.00006
18.81000,1.98000,0.99883,0.00000,0.00021,0.00095,0.00001
19.01000,1.98000,0.99963,0.00000,0.00007,0.00030,0.00000
19.21000,1.98000,0.99988,0.00000,0.00004,0.00007,0.00000
19.41000,1.98000,0.99996,0.00000,0.00002,0.00002,0.00000
19.61000,1.98000,0.99997,0.00000,0.00001,0.00002,0.00000
19.81000,1.98000,0.99997,0.00000,0.00001,0.00002,0.00000
20.01000,1.98000,0.99996,0.00000,0.00002,0.00003,0.00000
20.21000,1.98000,0.99999,0.00000,0.00000,0.00001,0.00000
20.41000,1.98000,0.99998,0.00000,0.00000,0.00001,0.00000
20.61000,1.98000,0.99996,0.00000,0.00001,0.00003,0.00000
20.81000,1.98000,0.99990,0.00000,0.00001,0.00008,0.00001
21.01000,1.98000,0.99929,0.00000,0.00009,0.00050,0.00012
21.21000,1.98000,0.99750,0.00001,0.00033,0.00153,0.00064
21.41000,1.98000,0.98718,0.00001,0.00111,0.00655,0.00515
21.61000,1.98000,0.91971,0.00013,0.01090,0.05273,0.01654
21.81000,1.98000,0.98898,0.00001,0.00128,0.00649,0.00324
22.01000,1.98000,0.99587,0.00001,0.00137,0.00232,0.00042
22.21000,1.98000,0.99934,0.00000,0.00032,0.00030,0.00004
22.41000,1.98000,0.99940,0.00000,0.00036,0.00023,0.00001
22.61000,1.98000,0.99981,0.00000,0.00015,0.00004,0.00000
22.81000,1.98000,0.99978,0.00000,0.00015,0.00008,0.00000
23.01000,1.98000,0.99997,0.00000,0.00002,0.00001,0.00000
23.21000,1.98000,0.99998,0.00000,0.00000,0.00001,0.00000
23.41000,1.98000,0.99988,0.00000,0.00001,0.00011,0.00000
23.61000,1.98000,0.99962,0.00000,0.00001,0.00037,0.00001
23.81000,1.98000,0.99877,0.00001,0.00003,0.00116,0.00003
24.01000,1.98000,0.92427,0.00063,0.00091,0.07364,0.00055
24.21000,1.98000,0.71827,0.00178,0.00335,0.27527,0.00134
24.41000,1.98000,0.54753,0.00318,0.00262,0.44441,0.00227
24.61000,1.98000,0.49097,0.00360,0.00674,0.49668,0.00201
24.81000,1.98000,0.98628,0.00012,0.00020,0.01328,0.00013
25.01000,1.98000,0.99926,0.00000,0.00021,0.00052,0.00000
25.21000,1.98000,0.99944,0.00000,0.00016,0.00040,0.00000
25.41000,1.98000,0.99978,0.00000,0.00010,0.00011,0.00000
25.61000,1.98000,0.99993,0.00000,0.00003,0.00004,0.00000
25.81000,1.98000,0.99987,0.00000,0.00005,0.00009,0.00000
26.01000,1.98000,0.99997,0.00000,0.00001,0.00002,0.00000
26.21000,1.98000,0.99990,0.00000,0.00003,0.00007,0.00000
26.41000,1.98000,0.99989,0.00000,0.00003,0.00007,0.00001
26.61000,1.98000,0.99963,0.00000,0.00009,0.00020,0.00008
26.81000,1.98000,0.99894,0.00000,0.00017,0.00035,0.00054
27.01000,1.98000,0.99478,0.00000,0.00053,0.00101,0.00368
27.21000,1.98000,0.98931,0.00001,0.00137,0.00153,0.00779
27.41000,1.98000,0.98860,0.00000,0.00045,0.00102,0.00993
27.61000,1.98000,0.98984,0.00001,0.00352,0.00136,0.00527
27.81000,1.98000,0.99725,0.00000,0.00092,0.00069,0.00114
28.01000,1.98000,0.99951,0.00000,0.00021,0.00016,0.00012
28.21000,1.98000,0.99979,0.00000,0.00010,0.00008,0.00004
28.41000,1.98000,0.99982,0.00000,0.00009,0.00008,0.00001
28.61000,1.98000,0.99983,0.00000,0.00008,0.00008,0.00000
28.81000,1.98000,0.99986,0.00000,0.00008,0.00007,0.00000
29.01000,1.98000,0.99997,0.00000,0.00001,0.00002,0.00000
29.21000,1.98000,0.99989,0.00000,0.00001,0.00010,0.00000
29.41000,1.98000,0.99983,0.00000,0.00000,0.00016,0.00000
29.61000,1.98000,0.99931,0.00001,0.00001,0.00065,0.00003
29.81000,1.98000,0.97985,0.00058,0.00009,0.01851,0.00096
30.01000,1.98000,0.58755,0.00862,0.00111,0.39826,0.00446
30.21000,1.98000,0.24343,0.01066,0.00254,0.73010,0.01327
30.41000,1.98000,0.35744,0.01101,0.00198,0.62119,0.00838
30.61000,1.98000,0.90930,0.00157,0.00045,0.08608,0.00261
30.81000,1.98000,0.99095,0.00020,0.00034,0.00833,0.00018
31.01000,1.98000,0.99811,0.00001,0.00045,0.00139,0.00004
31.21000,1.98000,0.99989,0.00000,0.00002,0.00008,0.00000
31.41000,1.98000,0.99989,0.00000,0.00005,0.00005,0.00000
31.61000,1.98000,0.99968,0.00000,0.00016,0.00013,0.00003
31.81000,1.98000,0.99984,0.00000,0.00006,0.00006,0.00004
32.01000,1.98000,0.99921,0.00002,0.00028,0.00033,0.00017
32.21000,1.98000,0.99726,0.00028,0.00047,0.00087,0.00112
32.41000,1.98000,0.99511,0.00044,0.00089,0.00179,0.00177
32.61000,1.98000,0.99772,0.00017,0.00010,0.00033,0.00168
32.81000,1.98000,0.99865,0.00003,0.00023,0.00016,0.00093
33.01000,1.98000,0.99611,0.00006,0.00068,0.00061,0.00253
33.21000,1.98000,0.99904,0.00000,0.00044,0.00036,0.00015
33.41000,1.98000,0.99955,0.00000,0.00014,0.00024,0.00007
33.61000,1.98000,0.99974,0.00000,0.00015,0.00009,0.00001
33.81000,1.98000,0.99988,0.00000,0.00005,0.00006,0.00001
34.01000,1.98000,0.99994,0.00000,0.00003,0.00002,0.00001
34.21000,1.98000,0.99995,0.00000,0.00002,0.00002,0.00000
34.41000,1.98000,0.99995,0.00000,0.00003,0.00002,0.00000
34.61000,1.98000,0.99998,0.00000,0.00001,0.00001,0.00000
34.81000,1.98000,0.99991,0.00000,0.00004,0.00005,0.00000
35.01000,1.98000,0.99994,0.00000,0.00003,0.00002,0.00000
35.21000,1.98000,0.99998,0.00000,0.00001,0.00001,0.00000
35.41000,1.98000,0.99999,0.00000,0.00000,0.00001,0.00000
35.61000,1.98000,0.99992,0.00000,0.00002,0.00003,0.00003
35.81000,1.98000,0.99927,0.00000,0.00015,0.00040,0.00017
36.01000,1.98000,0.99831,0.00001,0.00019,0.00068,0.00082
36.21000,1.98000,0.95034,0.00041,0.00447,0.04168,0.00309
36.41000,1.98000,0.83690,0.00141,0.01975,0.13367,0.00827
36.61000,1.98000,0.62159,0.01870,0.01699,0.32416,0.01856
36.81000,1.98000,0.96195,0.00062,0.00527,0.02603,0.00613
37.01000,1.98000,0.98544,0.00083,0.00394,0.00770,0.00210
37.21000,1.98000,0.99396,0.00001,0.00441,0.00080,0.00081
37.41000,1.98000,0.99650,0.00000,0.00304,0.00022,0.00024
37.61000,1.98000,0.99976,0.00000,0.00020,0.00002,0.00001
37.81000,1.98000,0.99950,0.00001,0.00034,0.00008,0.00006
38.01000,1.98000,0.99931,0.00009,0.00034,0.00009,0.00017
38.21000,1.98000,0.99932,0.00032,0.00012,0.00002,0.00022
38.41000,1.98000,0.99753,0.00189,0.00031,0.00005,0.00023
38.61000,1.98000,0.99846,0.00061,0.00037,0.00004,0.00052
38.81000,1.98000,0.99272,0.00393,0.00087,0.00046,0.00201
39.01000,1.98000,0.94625,0.04861,0.00154,0.00192,0.00168
39.21000,1.98000,0.99409,0.00441,0.00054,0.00061,0.00036
39.41000,1.98000,0.99905,0.00023,0.00035,0.00021,0.00016
39.61000,1.98000,0.99955,0.00001,0.00024,0.00015,0.00006
39.81000,1.98000,0.99958,0.00000,0.00016,0.00020,0.00005
40.01000,1.98000,0.99988,0.00000,0.00005,0.00005,0.00001
40.21000,1.98000,0.99990,0.00000,0.00004,0.00005,0.00001
40.41000,1.98000,0.99910,0.00000,0.00021,0.00067,0.00001
40.61000,1.98000,0.99897,0.00000,0.00016,0.00086,0.00001
40.81000,1.98000,0.99930,0.00000,0.00013,0.00056,0.00000
41.01000,1.98000,0.99890,0.00001,0.00005,0.00102,0.00002
41.21000,1.98000,0.99371,0.00007,0.00013,0.00606,0.00003
41.41000,1.98000,0.98326,0.00129,0.00014,0.01521,0.00011
41.61000,1.98000,0.99347,0.00163,0.00009,0.00477,0.00004
41.81000,1.98000,0.95735,0.00385,0.00097,0.03762,0.00020
42.01000,1.98000,0.85958,0.00449,0.00602,0.12967,0.00024
42.21000,1.98000,0.73516,0.00330,0.00727,0.25300,0.00127
42.41000,1.98000,0.87559,0.00163,0.00760,0.11438,0.00079
42.61000,1.98000,0.98837,0.00013,0.00122,0.01013,0.00016
42.81000,1.98000,0.99128,0.00001,0.00587,0.00281,0.00002
43.01000,1.98000,0.99678,0.00000,0.00267,0.00054,0.00001
43.21000,1.98000,0.99974,0.00000,0.00021,0.00005,0.00000
43.41000,1.98000,0.99971,0.00000,0.00023,0.00006,0.00000
43.61000,1.98000,0.99978,0.00000,0.00014,0.00007,0.00001
43.81000,1.98000,0.99990,0.00000,0.00003,0.00005,0.00001
44.01000,1.98000,0.99989,0.00000,0.00003,0.00004,0.00003
44.21000,1.98000,0.99943,0.00001,0.00016,0.00023,0.00017
44.41000,1.98000,0.99848,0.00003,0.00017,0.00034,0.00097
44.61000,1.98000,0.98442,0.00032,0.00124,0.00376,0.01025
44.81000,1.98000,0.98236,0.00018,0.00053,0.00153,0.01540
45.01000,1.98000,0.95986,0.00169,0.00169,0.00742,0.02934
45.21000,1.98000,0.99547,0.00042,0.00050,0.00161,0.00200
45.41000,1.98000,0.99793,0.00018,0.00038,0.00099,0.00052
45.61000,1.98000,0.99979,0.00001,0.00006,0.00010,0.00003
45.81000,1.98000,0.99986,0.00000,0.00005,0.00007,0.00001
46.01000,1.98000,0.99997,0.00000,0.00001,0.00002,0.00000
46.21000,1.98000,0.99990,0.00000,0.00001,0.00008,0.00001
46.41000,1.98000,0.99905,0.00001,0.00006,0.00087,0.00001
46.61000,1.98000,0.99870,0.00001,0.00006,0.00119,0.00003
46.81000,1.98000,0.96735,0.00029,0.00108,0.03106,0.00022
47.01000,1.98000,0.78360,0.00098,0.00701,0.20733,0.00108
47.21000,1.98000,0.70830,0.00244,0.00578,0.28204,0.00144
47.41000,1.98000,0.63512,0.00231,0.01009,0.35094,0.00154
47.61000,1.98000,0.99005,0.00015,0.00040,0.00933,0.00006
47.81000,1.98000,0.99940,0.00000,0.00030,0.00030,0.00000
48.01000,1.98000,0.99944,0.00000,0.00032,0.00024,0.00000
48.21000,1.98000,0.99989,0.00000,0.00005,0.00006,0.00000
48.41000,1.98000,0.99992,0.00000,0.00004,0.00005,0.00000
48.61000,1.98000,0.99997,0.00000,0.00001,0.00002,0.00000
48.81000,1.98000,0.99998,0.00000,0.00001,0.00001,0.00000
49.01000,1.98000,0.99999,0.00000,0.00000,0.00001,0.00000
49.21000,1.98000,0.99998,0.00000,0.00000,0.00001,0.00000
49.41000,1.98000,0.99996,0.00000,0.00001,0.00002,0.00001
49.61000,1.98000,0.99986,0.00000,0.00002,0.00004,0.00007
49.81000,1.98000,0.99966,0.00000,0.00005,0.00007,0.00022
50.01000,1.98000,0.99947,0.00000,0.00003,0.00004,0.00046
50.21000,1.98000,0.99920,0.00000,0.00002,0.00002,0.00075
50.41000,1.98000,0.99747,0.00000,0.00005,0.00007,0.00241
50.61000,1.98000,0.99580,0.00000,0.00024,0.00055,0.00341
50.81000,1.98000,0.99610,0.00000,0.00048,0.00093,0.00249
51.01000,1.98000,0.99642,0.00000,0.00081,0.00193,0.00084
51.21000,1.98000,0.99905,0.00000,0.00005,0.00062,0.00028
51.41000,1.98000,0.99694,0.00001,0.00007,0.00199,0.00099
51.61000,1.98000,0.99649,0.00009,0.00012,0.00200,0.00131
51.81000,1.98000,0.96703,0.00094,0.00114,0.02813,0.00277
52.01000,1.98000,0.79364,0.00322,0.00358,0.19561,0.00396
52.21000,1.98000,0.67625,0.00403,0.00382,0.31379,0.00210
52.41000,1.98000,0.45345,0.00988,0.01051,0.52310,0.00306
52.61000,1.98000,0.95331,0.00125,0.00048,0.04411,0.00085
52.81000,1.98000,0.99736,0.00010,0.00016,0.00235,0.00002
53.01000,1.98000,0.99968,0.00000,0.00013,0.00019,0.00000
53.21000,1.98000,0.99992,0.00000,0.00005,0.00002,0.00000
53.41000,1.98000,0.99999,0.00000,0.00000,0.00001,0.00000
53.61000,1.98000,0.99999,0.00000,0.00000,0.00000,0.00000
53.81000,1.98000,0.99991,0.00000,0.00004,0.00004,0.00001
54.01000,1.98000,0.99978,0.00000,0.00008,0.00013,0.00002
54.21000,1.98000,0.99838,0.00000,0.00050,0.00097,0.00016
54.41000,1.98000,0.99866,0.00001,0.00021,0.00083,0.00029
54.61000,1.98000,0.99871,0.00002,0.00035,0.00051,0.00042
54.81000,1.98000,0.99799,0.00011,0.00040,0.00070,0.00081
55.01000,1.98000,0.97552,0.00092,0.00604,0.01466,0.00286
55.21000,1.98000,0.99627,0.00051,0.00063,0.00215,0.00044
55.41000,1.98000,0.99659,0.00002,0.00173,0.00157,0.00009
55.61000,1.98000,0.99276,0.00024,0.00105,0.00574,0.00020
55.81000,1.98000,0.99891,0.00001,0.00010,0.00089,0.00010
56.01000,1.98000,0.99969,0.00003,0.00002,0.00022,0.00004
56.21000,1.98000,0.99370,0.00006,0.00055,0.00506,0.00063
56.41000,1.98000,0.97295,0.00015,0.00169,0.02448,0.00073
56.61000,1.98000,0.67316,0.00072,0.04167,0.27861,0.00585
56.81000,1.98000,0.46279,0.00119,0.03611,0.49532,0.00459
57.01000,1.98000,0.53631,0.00047,0.04456,0.41602,0.00264
57.21000,1.98000,0.76740,0.00037,0.01393,0.21685,0.00145
57.41000,1.98000,0.99584,0.00001,0.00080,0.00323,0.00013
57.61000,1.98000,0.99918,0.00000,0.00050,0.00032,0.00000
57.81000,1.98000,0.99971,0.00000,0.00020,0.00008,0.00000
58.01000,1.98000,0.99994,0.00000,0.00004,0.00002,0.00000
58.21000,1.98000,0.99992,0.00000,0.00004,0.00004,0.00000
58.41000,1.98000,0.99999,0.00000,0.00001,0.00001,0.00000
58.61000,1.98000,0.99999,0.00000,0.00000,0.00000,0.00000
58.81000,1.98000,0.99995,0.00000,0.00001,0.00003,0.00000
59.01000,1.98000,0.99994,0.00000,0.00002,0.00004,0.00000
59.21000,1.98000,0.99991,0.00000,0.00002,0.00006,0.00001
59.41000,1.98000,0.99958,0.00000,0.00007,0.00028,0.00008
59.61000,1.98000,0.99522,0.00009,0.00047,0.00325,0.00097
59.81000,1.98000,0.99778,0.00003,0.00027,0.00140,0.00052
60.01000,1.98000,0.99874,0.00003,0.00019,0.00077,0.00027
60.21000,1.98000,0.99916,0.00000,0.00029,0.00051,0.00004
60.41000,1.98000,0.99992,0.00000,0.00002,0.00006,0.00001
60.61000,1.98000,0.99992,0.00000,0.00004,0.00004,0.00001
60.81000,1.98000,0.99978,0.00000,0.00006,0.00014,0.00002
61.01000,1.98000,0.99920,0.00001,0.00019,0.00057,0.00004
61.21000,1.98000,0.99288,0.00009,0.00205,0.00473,0.00026
61.41000,1.98000,0.85331,0.00208,0.02685,0.11689,0.00087
61.61000,1.98000,0.71262,0.00329,0.06320,0.21775,0.00314
61.81000,1.98000,0.56405,0.00937,0.04654,0.37602,0.00402
62.01000,1.98000,0.97571,0.00078,0.01095,0.01167,0.00089
62.21000,1.98000,0.99946,0.00002,0.00038,0.00014,0.00001
62.41000,1.98000,0.99977,0.00000,0.00016,0.00007,0.00000
62.61000,1.98000,0.99987,0.00000,0.00009,0.00005,0.00000
62.81000,1.98000,0.99996,0.00000,0.00002,0.00002,0.00000
63.01000,1.98000,0.99997,0.00000,0.00001,0.00002,0.00001
63.21000,1.98000,0.99974,0.00002,0.00005,0.00010,0.00009
63.41000,1.98000,0.99955,0.00001,0.00007,0.00003,0.00033
63.61000,1.98000,0.99951,0.00005,0.00009,0.00003,0.00033
63.81000,1.98000,0.99396,0.00040,0.00223,0.00026,0.00315
64.01000,1.98000,0.99831,0.00010,0.00046,0.00007,0.00106
64.21000,1.98000,0.99794,0.00006,0.00067,0.00007,0.00126
64.41000,1.98000,0.99937,0.00001,0.00046,0.00002,0.00015
64.61000,1.98000,0.98426,0.00013,0.01318,0.00065,0.00177
64.81000,1.98000,0.98407,0.00002,0.01479,0.00043,0.00069
65.01000,1.98000,0.99788,0.00002,0.00142,0.00013,0.00055
65.21000,1.98000,0.99953,0.00009,0.00018,0.00009,0.00011
65.41000,1.98000,0.99624,0.00179,0.00031,0.00045,0.00121
65.61000,1.98000,0.94803,0.02261,0.00512,0.01219,0.01205
65.81000,1.98000,0.96981,0.00646,0.00502,0.01367,0.00505
66.01000,1.98000,0.94252,0.00898,0.00466,0.03755,0.00630
66.21000,1.98000,0.97437,0.00429,0.00106,0.01518,0.00509
66.41000,1.98000,0.99691,0.00029,0.00016,0.00140,0.00124
66.61000,1.98000,0.99998,0.00000,0.00000,0.00001,0.00001
66.81000,1.98000,0.99996,0.00000,0.00002,0.00001,0.00001
67.01000,1.98000,0.99999,0.00000,0.00000,0.00000,0.00000
67.21000,1.98000,0.99995,0.00000,0.00003,0.00001,0.00001
67.41000,1.98000,0.99997,0.00000,0.00001,0.00000,0.00002
67.61000,1.98000,0.99978,0.00000,0.00008,0.00002,0.00012
67.81000,1.98000,0.99959,0.00000,0.00008,0.00004,0.00029
68.01000,1.98000,0.99900,0.00000,0.00019,0.00008,0.00072
68.21000,1.98000,0.99861,0.00000,0.00018,0.00005,0.00115
68.41000,1.98000,0.99621,0.00000,0.00045,0.00015,0.00319
68.61000,1.98000,0.99503,0.00000,0.00050,0.00012,0.00434
68.81000,1.98000,0.99102,0.00000,0.00286,0.00055,0.00558
69.01000,1.98000,0.98088,0.00000,0.01030,0.00266,0.00616
69.21000,1.98000,0.99641,0.00000,0.00143,0.00116,0.00100
69.41000,1.98000,0.99870,0.00000,0.00075,0.00035,0.00020
69.61000,1.98000,0.99859,0.00000,0.00052,0.00057,0.00031
69.81000,1.98000,0.99577,0.00000,0.00075,0.00278,0.00070
70.01000,1.98000,0.99315,0.00005,0.00067,0.00509,0.00103
70.21000,1.98000,0.82259,0.00043,0.01432,0.15979,0.00287
70.41000,1.98000,0.44107,0.00126,0.02645,0.52899,0.00224
70.61000,1.98000,0.30058,0.00185,0.02006,0.67525,0.00226
70.81000,1.98000,0.75181,0.00087,0.00548,0.23945,0.00240
71.01000,1.98000,0.97278,0.00008,0.00098,0.02595,0.00021
71.21000,1.98000,0.99615,0.00001,0.00082,0.00300,0.00002
71.41000,1.98000,0.99924,0.00000,0.00031,0.00045,0.00000
71.61000,1.98000,0.99917,0.00000,0.00041,0.00042,0.00000
71.81000,1.98000,0.99995,0.00000,0.00002,0.00003,0.00000
72.01000,1.98000,0.99984,0.00000,0.00006,0.00010,0.00000
72.21000,1.98000,0.99997,0.00000,0.00001,0.00002,0.00000
72.41000,1.98000,0.99995,0.00000,0.00002,0.00002,0.00000
72.61000,1.98000,0.99994,0.00000,0.00003,0.00004,0.00000
72.81000,1.98000,0.99988,0.00000,0.00004,0.00007,0.00001
73.01000,1.98000,0.99986,0.00000,0.00005,0.00007,0.00002
73.21000,1.98000,0.99977,0.00000,0.00007,0.00010,0.00006
73.41000,1.98000,0.99857,0.00002,0.00019,0.00031,0.00090
73.61000,1.98000,0.99708,0.00001,0.00037,0.00081,0.00174
73.81000,1.98000,0.98820,0.00002,0.00046,0.00060,0.01071
74.01000,1.98000,0.97663,0.00007,0.00543,0.00675,0.01112
74.21000,1.98000,0.99781,0.00002,0.00053,0.00070,0.00094
74.41000,1.98000,0.99839,0.00000,0.00056,0.00083,0.00021
74.61000,1.98000,0.99971,0.00000,0.00005,0.00016,0.00008
74.81000,1.98000,0.99705,0.00001,0.00014,0.00259,0.00021
75.01000,1.98000,0.99705,0.00002,0.00033,0.00237,0.00023
75.21000,1.98000,0.98966,0.00022,0.00061,0.00923,0.00028
75.41000,1.98000,0.85120,0.00237,0.00772,0.13771,0.00100
75.61000,1.98000,0.39932,0.00937,0.01666,0.57228,0.00238
75.81000,1.98000,0.61719,0.00579,0.01744,0.35662,0.00297
76.01000,1.98000,0.71431,0.00774,0.00630,0.26828,0.00338
76.21000,1.98000,0.99427,0.00032,0.00106,0.00429,0.00006
76.41000,1.98000,0.99658,0.00005,0.00197,0.00137,0.00003
76.61000,1.98000,0.99968,0.00000,0.00023,0.00009,0.00000
76.81000,1.98000,0.99456,0.00000,0.00428,0.00111,0.00004
77.01000,1.98000,0.99983,0.00000,0.00013,0.00003,0.00001
77.21000,1.98000,0.99974,0.00000,0.00017,0.00007,0.00003
77.41000,1.98000,0.99922,0.00000,0.00053,0.00017,0.00008
77.61000,1.98000,0.99525,0.00001,0.00271,0.00145,0.00058
77.81000,1.98000,0.99884,0.00001,0.00047,0.00031,0.00038
78.01000,1.98000,0.99544,0.00001,0.00326,0.00093,0.00036
78.21000,1.98000,0.99845,0.00001,0.00052,0.00032,0.00069
78.41000,1.98000,0.99815,0.00001,0.00111,0.00020,0.00053
78.61000,1.98000,0.99871,0.00001,0.00033,0.00010,0.00085
78.81000,1.98000,0.99778,0.00001,0.00163,0.00022,0.00036
79.01000,1.98000,0.99475,0.00003,0.00231,0.00116,0.00176
79.21000,1.98000,0.99766,0.00001,0.00161,0.00038,0.00035
79.41000,1.98000,0.98444,0.00007,0.00800,0.00522,0.00227
79.61000,1.98000,0.99934,0.00000,0.00035,0.00016,0.00016
79.81000,1.98000,0.99796,0.00001,0.00076,0.00053,0.00075
80.01000,1.98000,0.99123,0.00005,0.00129,0.00492,0.00251
80.21000,1.98000,0.98060,0.00025,0.00145,0.01362,0.00408
80.41000,1.98000,0.95375,0.00021,0.00110,0.04086,0.00408
80.61000,1.98000,0.40938,0.00395,0.00802,0.56837,0.01029
80.81000,1.98000,0.60963,0.00080,0.00492,0.37906,0.00558
81.01000,1.98000,0.83757,0.00062,0.00165,0.15784,0.00233
81.21000,1.98000,0.98548,0.00005,0.00015,0.01406,0.00026
81.41000,1.98000,0.99877,0.00000,0.00013,0.00108,0.00002
81.61000,1.98000,0.99961,0.00000,0.00010,0.00029,0.00000
81.81000,1.98000,0.99989,0.00000,0.00005,0.00006,0.00000
82.01000,1.98000,0.99995,0.00000,0.00003,0.00003,0.00000
82.21000,1.98000,0.99992,0.00000,0.00003,0.00004,0.00000
82.41000,1.98000,0.99981,0.00000,0.00006,0.00012,0.00000
82.61000,1.98000,0.99996,0.00000,0.00001,0.00002,0.00000
82.81000,1.98000,0.99994,0.00000,0.00002,0.00004,0.00000
83.01000,1.98000,0.99973,0.00000,0.00011,0.00015,0.00000
83.21000,1.98000,0.99957,0.00001,0.00015,0.00025,0.00002
83.41000,1.98000,0.99953,0.00004,0.00020,0.00021,0.00003
83.61000,1.98000,0.99531,0.00044,0.00271,0.00126,0.00028
83.81000,1.98000,0.98523,0.00111,0.00986,0.00297,0.00082
84.01000,1.98000,0.97365,0.00535,0.01041,0.00468,0.00591
84.21000,1.98000,0.98629,0.00323,0.00390,0.00184,0.00473
84.41000,1.98000,0.99050,0.00103,0.00663,0.00078,0.00106
84.61000,1.98000,0.99415,0.00016,0.00491,0.00041,0.00037
84.81000,1.98000,0.99889,0.00003,0.00080,0.00017,0.00011
85.01000,1.98000,0.99809,0.00003,0.00072,0.00089,0.00027
85.21000,1.98000,0.99790,0.00022,0.00059,0.00109,0.00020
85.41000,1.98000,0.97873,0.00109,0.00320,0.01265,0.00432
85.61000,1.98000,0.86490,0.00658,0.01175,0.11104,0.00572
85.81000,1.98000,0.56509,0.02210,0.02074,0.38703,0.00503
86.01000,1.98000,0.45839,0.02201,0.02498,0.48751,0.00710
86.21000,1.98000,0.90696,0.00590,0.00906,0.07550,0.00258
86.41000,1.98000,0.99261,0.00037,0.00140,0.00516,0.00045
86.61000,1.98000,0.99322,0.00011,0.00313,0.00322,0.00033
86.81000,1.98000,0.99576,0.00003,0.00189,0.00185,0.00047
87.01000,1.98000,0.99592,0.00001,0.00224,0.00173,0.00011
87.21000,1.98000,0.99902,0.00000,0.00042,0.00041,0.00014
87.41000,1.98000,0.99843,0.00000,0.00112,0.00023,0.00021
87.61000,1.98000,0.99958,0.00000,0.00025,0.00005,0.00012
87.81000,1.98000,0.99689,0.00004,0.00238,0.00023,0.00046
88.01000,1.98000,0.99674,0.00009,0.00239,0.00029,0.00048
88.21000,1.98000,0.95165,0.00062,0.03837,0.00558,0.00379
88.41000,1.98000,0.97621,0.00040,0.01799,0.00442,0.00099
88.61000,1.98000,0.98400,0.00013,0.01292,0.00221,0.00074
88.81000,1.98000,0.99831,0.00000,0.00151,0.00015,0.00002
89.01000,1.98000,0.99894,0.00000,0.00092,0.00011,0.00003
89.21000,1.98000,0.99796,0.00000,0.00162,0.00037,0.00005
89.41000,1.98000,0.99768,0.00000,0.00132,0.00085,0.00015
89.61000,1.98000,0.98319,0.00004,0.00367,0.01223,0.00088
89.81000,1.98000,0.89454,0.00030,0.01930,0.08321,0.00265
90.01000,1.98000,0.54573,0.00173,0.08281,0.36445,0.00527
90.21000,1.98000,0.77278,0.00048,0.04757,0.17665,0.00252
90.41000,1.98000,0.95126,0.00025,0.01113,0.03656,0.00081
90.61000,1.98000,0.99762,0.00001,0.00102,0.00134,0.00001
90.81000,1.98000,0.99111,0.00001,0.00425,0.00461,0.00001
91.01000,1.98000,0.99934,0.00000,0.00027,0.00039,0.00000
91.21000,1.98000,0.99983,0.00000,0.00007,0.00011,0.00000
91.41000,1.98000,0.99998,0.00000,0.00001,0.00001,0.00000
91.61000,1.98000,0.99992,0.00000,0.00005,0.00003,0.00000
91.81000,1.98000,0.99997,0.00000,0.00001,0.00001,0.00000
92.01000,1.98000,0.99993,0.00000,0.00003,0.00003,0.00001
92.21000,1.98000,0.99980,0.00006,0.00003,0.00007,0.00004
92.41000,1.98000,0.99917,0.00031,0.00011,0.00014,0.00027
92.61000,1.98000,0.99880,0.00033,0.00003,0.00013,0.00071
92.81000,1.98000,0.99260,0.00295,0.00010,0.00028,0.00406
93.01000,1.98000,0.99615,0.00098,0.00002,0.00005,0.00280
93.21000,1.98000,0.99052,0.00194,0.00029,0.00017,0.00708
93.41000,1.98000,0.96412,0.00421,0.00043,0.00389,0.02735
93.61000,1.98000,0.96782,0.00373,0.00035,0.00604,0.02206
93.81000,1.98000,0.98421,0.00110,0.00017,0.00493,0.00958
94.01000,1.98000,0.98437,0.00225,0.00016,0.00898,0.00424
94.21000,1.98000,0.92516,0.01743,0.00120,0.04971,0.00651
94.41000,1.98000,0.84426,0.03320,0.00293,0.11202,0.00759
94.61000,1.98000,0.58616,0.01625,0.00815,0.38443,0.00502
94.81000,1.98000,0.18878,0.02690,0.00828,0.77229,0.00376
95.01000,1.98000,0.82320,0.00359,0.00268,0.17005,0.00047
95.21000,1.98000,0.99200,0.00046,0.00058,0.00693,0.00003
95.41000,1.98000,0.99314,0.00002,0.00227,0.00456,0.00001
95.61000,1.98000,0.99554,0.00001,0.00181,0.00263,0.00001
95.81000,1.98000,0.99889,0.00000,0.00066,0.00045,0.00000
96.01000,1.98000,0.99973,0.00000,0.00012,0.00015,0.00000
96.21000,1.98000,0.99987,0.00000,0.00006,0.00007,0.00000
96.41000,1.98000,0.99998,0.00000,0.00001,0.00001,0.00000
96.61000,1.98000,0.99999,0.00000,0.00001,0.00000,0.00000
96.81000,1.98000,0.99996,0.00000,0.00003,0.00001,0.00000
97.01000,1.98000,0.99984,0.00000,0.00010,0.00005,0.00000
97.21000,1.98000,0.99994,0.00000,0.00004,0.00001,0.00001
97.41000,1.98000,0.99902,0.00002,0.00070,0.00014,0.00011
97.61000,1.98000,0.99785,0.00010,0.00175,0.00019,0.00012
97.81000,1.98000,0.97250,0.00150,0.02212,0.00226,0.00163
98.01000,1.98000,0.90301,0.00629,0.08073,0.00874,0.00123
98.21000,1.98000,0.95564,0.00449,0.03392,0.00565,0.00031
98.41000,1.98000,0.96233,0.00475,0.02633,0.00647,0.00012
98.61000,1.98000,0.99458,0.00034,0.00240,0.00262,0.00006
98.81000,1.98000,0.99217,0.00021,0.00154,0.00605,0.00004
99.01000,1.98000,0.99632,0.00004,0.00078,0.00284,0.00002
99.21000,1.98000,0.94632,0.00117,0.00598,0.04638,0.00015
99.41000,1.98000,0.71683,0.00546,0.01673,0.26077,0.00021
99.61000,1.98000,0.36610,0.00542,0.00947,0.61864,0.00036
99.81000,1.98000,0.24598,0.00754,0.01854,0.72759,0.00035
100.01000,1.98000,0.54594,0.00560,0.01321,0.43441,0.00084
100.21000,1.98000,0.94882,0.00108,0.00298,0.04700,0.00013
100.41000,1.98000,0.97441,0.00009,0.00910,0.01638,0.00003
100.61000,1.98000,0.99280,0.00001,0.00467,0.00251,0.00000
100.81000,1.98000,0.99286,0.00000,0.00434,0.00279,0.00000
101.01000,1.98000,0.99931,0.00000,0.00035,0.00034,0.00000
101.21000,1.98000,0.99960,0.00000,0.00015,0.00025,0.00000
101.41000,1.98000,0.99982,0.00000,0.00006,0.00012,0.00000
101.61000,1.98000,0.99989,0.00000,0.00007,0.00005,0.00000
101.81000,1.98000,0.99996,0.00000,0.00002,0.00001,0.00000
102.01000,1.98000,0.99998,0.00000,0.00001,0.00001,0.00000
102.21000,1.98000,0.99995,0.00000,0.00003,0.00002,0.00000
102.41000,1.98000,0.99986,0.00000,0.00011,0.00002,0.00001
102.61000,1.98000,0.99974,0.00000,0.00015,0.00004,0.00007
102.81000,1.98000,0.99980,0.00001,0.00011,0.00002,0.00006
103.01000,1.98000,0.99887,0.00005,0.00044,0.00008,0.00056
103.21000,1.98000,0.99571,0.00030,0.00172,0.00016,0.00211
103.41000,1.98000,0.99348,0.00021,0.00287,0.00025,0.00318
103.61000,1.98000,0.96687,0.00108,0.02289,0.00224,0.00692
103.81000,1.98000,0.99022,0.00002,0.00670,0.00044,0.00261
104.01000,1.98000,0.99807,0.00001,0.00114,0.00016,0.00062
104.21000,1.98000,0.99238,0.00000,0.00535,0.00080,0.00147
104.41000,1.98000,0.96003,0.00005,0.03059,0.00669,0.00264
104.61000,1.98000,0.98693,0.00000,0.01102,0.00152,0.00053
104.81000,1.98000,0.98458,0.00001,0.00711,0.00466,0.00363
105.01000,1.98000,0.98858,0.00002,0.00306,0.00557,0.00278
105.21000,1.98000,0.92803,0.00083,0.00456,0.02116,0.04541
105.41000,1.98000,0.97990,0.00068,0.00222,0.01265,0.00456
105.61000,1.98000,0.97391,0.00071,0.00222,0.01982,0.00335
105.81000,1.98000,0.90554,0.00167,0.00721,0.08152,0.00406
106.01000,1.98000,0.97746,0.00035,0.00081,0.02042,0.00097
106.21000,1.98000,0.99690,0.00009,0.00029,0.00264,0.00008
106.41000,1.98000,0.99900,0.00000,0.00013,0.00085,0.00002
106.61000,1.98000,0.99931,0.00000,0.00021,0.00047,0.00001
106.81000,1.98000,0.99988,0.00000,0.00005,0.00007,0.00000
107.01000,1.98000,0.99998,0.00000,0.00001,0.00001,0.00000
107.21000,1.98000,0.99998,0.00000,0.00001,0.00001,0.00000
107.41000,1.98000,0.99995,0.00000,0.00002,0.00003,0.00000
107.61000,1.98000,0.99990,0.00000,0.00004,0.00004,0.00001
107.81000,1.98000,0.99983,0.00000,0.00009,0.00006,0.00002
108.01000,1.98000,0.99953,0.00003,0.00018,0.00015,0.00011
108.21000,1.98000,0.99640,0.00025,0.00153,0.00133,0.00049
108.41000,1.98000,0.99544,0.00054,0.00159,0.00177,0.00066
108.61000,1.98000,0.99045,0.00030,0.00605,0.00287,0.00033
108.81000,1.98000,0.99662,0.00025,0.00202,0.00075,0.00037
109.01000,1.98000,0.99951,0.00003,0.00032,0.00008,0.00007
109.21000,1.98000,0.99987,0.00002,0.00006,0.00003,0.00003
109.41000,1.98000,0.99727,0.00012,0.00113,0.00126,0.00022
109.61000,1.98000,0.99533,0.00010,0.00125,0.00311,0.00021
109.81000,1.98000,0.99586,0.00002,0.00137,0.00255,0.00019
110.01000,1.98000,0.99861,0.00001,0.00036,0.00098,0.00004
110.21000,1.98000,0.99907,0.00001,0.00014,0.00057,0.00022
110.41000,1.98000,0.99922,0.00001,0.00006,0.00054,0.00017
110.61000,1.98000,0.99452,0.00021,0.00127,0.00345,0.00056
110.81000,1.98000,0.91378,0.00107,0.00995,0.07442,0.00079
111.01000,1.98000,0.59331,0.00177,0.05400,0.34858,0.00235
111.21000,1.98000,0.50565,0.00119,0.06441,0.42812,0.00063
111.41000,1.98000,0.53066,0.00108,0.07221,0.39507,0.00099
111.61000,1.98000,0.86557,0.00076,0.02062,0.11259,0.00046
111.81000,1.98000,0.99464,0.00005,0.00230,0.00298,0.00003
112.01000,1.98000,0.99509,0.00000,0.00384,0.00106,0.00000
112.21000,1.98000,0.99824,0.00000,0.00137,0.00039,0.00000
112.41000,1.98000,0.99987,0.00000,0.00007,0.00006,0.00000
112.61000,1.98000,0.99991,0.00000,0.00004,0.00005,0.00000
112.81000,1.98000,0.99996,0.00000,0.00001,0.00003,0.00000
113.01000,1.98000,0.99993,0.00000,0.00002,0.00004,0.00000
113.21000,1.98000,0.99989,0.00002,0.00005,0.00004,0.00000
113.41000,1.98000,0.99956,0.00017,0.00009,0.00015,0.00003
113.61000,1.98000,0.99722,0.00155,0.00031,0.00079,0.00012
113.81000,1.98000,0.99509,0.00308,0.00036,0.00102,0.00046
114.01000,1.98000,0.98073,0.01064,0.00184,0.00562,0.00116
114.21000,1.98000,0.99467,0.00297,0.00103,0.00104,0.00028
114.41000,1.98000,0.99745,0.00084,0.00122,0.00039,0.00009
114.61000,1.98000,0.99972,0.00003,0.00012,0.00008,0.00004
114.81000,1.98000,0.99950,0.00002,0.00021,0.00023,0.00004
115.01000,1.98000,0.99920,0.00000,0.00024,0.00053,0.00003
115.21000,1.98000,0.99864,0.00000,0.00037,0.00095,0.00004
115.41000,1.98000,0.99956,0.00000,0.00011,0.00029,0.00004
115.61000,1.98000,0.99687,0.00001,0.00015,0.00288,0.00009
115.81000,1.98000,0.99632,0.00004,0.00008,0.00298,0.00058
116.01000,1.98000,0.96750,0.00053,0.00035,0.02776,0.00386
116.21000,1.98000,0.52601,0.00796,0.00452,0.45516,0.00634
116.41000,1.98000,0.46474,0.00490,0.00486,0.52372,0.00179
116.61000,1.98000,0.41812,0.00417,0.00778,0.56806,0.00187
116.81000,1.98000,0.81771,0.00253,0.00190,0.17518,0.00267
117.01000,1.98000,0.99755,0.00008,0.00011,0.00218,0.00008
117.21000,1.98000,0.99963,0.00000,0.00015,0.00020,0.00001
117.41000,1.98000,0.99899,0.00000,0.00041,0.00055,0.00004
117.61000,1.98000,0.99977,0.00000,0.00008,0.00012,0.00002
117.81000,1.98000,0.99939,0.00000,0.00022,0.00036,0.00003
118.01000,1.98000,0.99878,0.00000,0.00023,0.00073,0.00025
118.21000,1.98000,0.99949,0.00000,0.00014,0.00023,0.00014
118.41000,1.98000,0.99900,0.00000,0.00017,0.00019,0.00064
118.61000,1.98000,0.99849,0.00000,0.00029,0.00043,0.00078
118.81000,1.98000,0.98981,0.00001,0.00317,0.00356,0.00345
119.01000,1.98000,0.99830,0.00001,0.00051,0.00062,0.00056
119.21000,1.98000,0.99614,0.00001,0.00179,0.00161,0.00045
119.41000,1.98000,0.99879,0.00000,0.00053,0.00050,0.00018
119.61000,1.98000,0.99931,0.00000,0.00025,0.00025,0.00020
119.81000,1.98000,0.99915,0.00000,0.00065,0.00010,0.00009
120.01000,1.98000,0.99928,0.00000,0.00053,0.00010,0.00008
120.21000,1.98000,0.99965,0.00000,0.00031,0.00002,0.00002
120.41000,1.98000,0.99711,0.00038,0.00239,0.00008,0.00004
120.61000,1.98000,0.99623,0.00011,0.00357,0.00005,0.00004
120.81000,1.98000,0.96832,0.00231,0.02854,0.00042,0.00040
121.01000,1.98000,0.94065,0.00363,0.05432,0.00110,0.00030
121.21000,1.98000,0.82605,0.00866,0.16312,0.00174,0.00042
