Time (seconds), Duration (seconds),pred_(unlabeled),pred_On,pred_Off,pred_Dimmer,pred_Lighter
0.01000,1.98000,0.99341,0.00293,0.00364,0.00000,0.00001
0.21000,1.98000,0.97522,0.01472,0.01004,0.00000,0.00002
0.41000,1.98000,0.98710,0.00105,0.01183,0.00000,0.00002
0.61000,1.98000,0.99236,0.00212,0.00550,0.00001,0.00001
0.81000,1.98000,0.98571,0.00005,0.01419,0.00001,0.00004
1.01000,1.98000,0.98464,0.00077,0.01447,0.00007,0.00004
1.21000,1.98000,0.98144,0.00151,0.01648,0.00020,0.00037
1.41000,1.98000,0.98358,0.00258,0.01368,0.00006,0.00009
1.61000,1.98000,0.96342,0.00128,0.03459,0.00016,0.00055
1.81000,1.98000,0.99622,0.00064,0.00297,0.00006,0.00012
2.01000,1.98000,0.99105,0.00024,0.00704,0.00065,0.00102
2.21000,1.98000,0.99775,0.00002,0.00195,0.00012,0.00015
2.41000,1.98000,0.99468,0.00004,0.00453,0.00027,0.00049
2.61000,1.98000,0.99877,0.00000,0.00112,0.00003,0.00007
2.81000,1.98000,0.99677,0.00030,0.00191,0.00054,0.00048
3.01000,1.98000,0.99874,0.00003,0.00086,0.00028,0.00009
3.21000,1.98000,0.99663,0.00048,0.00058,0.00128,0.00103
3.41000,1.98000,0.99673,0.00017,0.00085,0.00170,0.00056
3.61000,1.98000,0.99667,0.00153,0.00052,0.00086,0.00042
3.81000,1.98000,0.99803,0.00119,0.00050,0.00014,0.00014
4.01000,1.98000,0.99803,0.00185,0.00006,0.00001,0.00005
4.21000,1.98000,0.99816,0.00127,0.00045,0.00006,0.00006
4.41000,1.98000,0.99219,0.00536,0.00038,0.00026,0.00181
4.61000,1.98000,0.96462,0.02884,0.00229,0.00149,0.00276
4.81000,1.98000,0.94010,0.02989,0.00979,0.00700,0.01322
5.01000,1.98000,0.98885,0.00499,0.00364,0.00158,0.00093
5.21000,1.98000,0.99863,0.00007,0.00085,0.00021,0.00024
5.41000,1.98000,0.99966,0.00001,0.00027,0.00004,0.00001
5.61000,1.98000,0.99961,0.00000,0.00031,0.00007,0.00001
5.81000,1.98000,0.99989,0.00000,0.00006,0.00005,0.00000
6.01000,1.98000,0.99993,0.00000,0.00002,0.00005,0.00000
6.21000,1.98000,0.99998,0.00000,0.00001,0.00001,0.00000
6.41000,1.98000,0.99998,0.00000,0.00001,0.00002,0.00000
6.61000,1.98000,0.99998,0.00000,0.00001,0.00002,0.00000
6.81000,1.98000,0.99998,0.00000,0.00000,0.00001,0.00000
7.01000,1.98000,0.99999,0.00000,0.00000,0.00001,0.00000
7.21000,1.98000,0.99998,0.00000,0.00000,0.00002,0.00000
7.41000,1.98000,0.99989,0.00000,0.00002,0.00009,0.00000
7.61000,1.98000,0.99993,0.00000,0.00001,0.00005,0.00001
7.81000,1.98000,0.99768,0.00004,0.00015,0.00207,0.00005
8.01000,1.98000,0.99549,0.00022,0.00025,0.00379,0.00025
8.21000,1.98000,0.97583,0.00049,0.00117,0.02204,0.00046
8.41000,1.98000,0.99948,0.00002,0.00004,0.00040,0.00006
8.61000,1.98000,0.99737,0.00050,0.00015,0.00164,0.00033
8.81000,1.98000,0.99976,0.00003,0.00003,0.00012,0.00006
9.01000,1.98000,0.99980,0.00005,0.00001,0.00011,0.00002
9.21000,1.98000,0.99981,0.00012,0.00001,0.00005,0.00002
9.41000,1.98000,0.99668,0.00227,0.00003,0.00077,0.00025
9.61000,1.98000,0.99365,0.00431,0.00004,0.00106,0.00093
9.81000,1.98000,0.68352,0.23916,0.00129,0.06649,0.00955
10.01000,1.98000,0.83382,0.10119,0.00181,0.05029,0.01289
10.21000,1.98000,0.95888,0.02599,0.00088,0.00993,0.00433
10.41000,1.98000,0.99938,0.00014,0.00023,0.00020,0.00005
10.61000,1.98000,0.99956,0.00001,0.00023,0.00012,0.00008
10.81000,1.98000,0.99989,0.00000,0.00006,0.00004,0.00001
11.01000,1.98000,0.99527,0.00000,0.00380,0.00067,0.00026
11.21000,1.98000,0.99960,0.00000,0.00035,0.00005,0.00001
11.41000,1.98000,0.99544,0.00000,0.00389,0.00054,0.00012
11.61000,1.98000,0.99828,0.00000,0.00140,0.00026,0.00006
11.81000,1.98000,0.98653,0.00010,0.01151,0.00132,0.00054
12.01000,1.98000,0.96717,0.00088,0.02431,0.00565,0.00200
12.21000,1.98000,0.99304,0.00275,0.00315,0.00046,0.00060
12.41000,1.98000,0.98866,0.00729,0.00301,0.00057,0.00047
12.61000,1.98000,0.94858,0.01764,0.02242,0.00404,0.00731
12.81000,1.98000,0.95529,0.01135,0.01991,0.00352,0.00994
13.01000,1.98000,0.99244,0.00231,0.00252,0.00033,0.00240
13.21000,1.98000,0.99659,0.00063,0.00213,0.00005,0.00061
13.41000,1.98000,0.99515,0.00012,0.00377,0.00001,0.00095
13.61000,1.98000,0.96330,0.00387,0.02755,0.00010,0.00517
13.81000,1.98000,0.77824,0.00154,0.21225,0.00031,0.00766
14.01000,1.98000,0.78741,0.00308,0.20126,0.00095,0.00729
14.21000,1.98000,0.87922,0.00004,0.11834,0.00016,0.00224
14.41000,1.98000,0.77907,0.00010,0.21833,0.00061,0.00189
14.61000,1.98000,0.95463,0.00001,0.04487,0.00005,0.00045
14.81000,1.98000,0.99826,0.00000,0.00171,0.00000,0.00003
15.01000,1.98000,0.99712,0.00000,0.00287,0.00000,0.00001
15.21000,1.98000,0.99942,0.00000,0.00055,0.00001,0.00001
15.41000,1.98000,0.99885,0.00000,0.00081,0.00011,0.00023
15.61000,1.98000,0.99853,0.00000,0.00095,0.00018,0.00034
15.81000,1.98000,0.99726,0.00000,0.00220,0.00012,0.00041
16.01000,1.98000,0.97895,0.00000,0.01360,0.00325,0.00420
16.21000,1.98000,0.95995,0.00001,0.03365,0.00257,0.00383
16.41000,1.98000,0.99017,0.00001,0.00636,0.00083,0.00263
16.61000,1.98000,0.99744,0.00001,0.00165,0.00023,0.00067
16.81000,1.98000,0.99343,0.00000,0.00459,0.00064,0.00133
17.01000,1.98000,0.99530,0.00000,0.00220,0.00064,0.00185
17.21000,1.98000,0.99299,0.00000,0.00479,0.00057,0.00164
17.41000,1.98000,0.99150,0.00002,0.00535,0.00039,0.00275
17.61000,1.98000,0.99423,0.00000,0.00445,0.00023,0.00109
17.81000,1.98000,0.99721,0.00000,0.00186,0.00014,0.00079
18.01000,1.98000,0.98900,0.00001,0.00905,0.00021,0.00174
18.21000,1.98000,0.99549,0.00000,0.00384,0.00012,0.00055
18.41000,1.98000,0.99660,0.00000,0.00310,0.00003,0.00027
18.61000,1.98000,0.97953,0.00001,0.02013,0.00015,0.00019
18.81000,1.98000,0.98637,0.00002,0.01268,0.00042,0.00051
19.01000,1.98000,0.99252,0.00001,0.00725,0.00006,0.00016
19.21000,1.98000,0.99571,0.00000,0.00412,0.00005,0.00012
19.41000,1.98000,0.99580,0.00000,0.00404,0.00005,0.00011
19.61000,1.98000,0.98881,0.00001,0.00974,0.00084,0.00060
19.81000,1.98000,0.99610,0.00006,0.00154,0.00136,0.00094
20.01000,1.98000,0.99570,0.00004,0.00225,0.00103,0.00097
20.21000,1.98000,0.97222,0.00052,0.00567,0.00978,0.01182
20.41000,1.98000,0.97284,0.00091,0.00415,0.01188,0.01022
20.61000,1.98000,0.97862,0.00051,0.00053,0.00140,0.01893
20.81000,1.98000,0.97430,0.00071,0.00105,0.00082,0.02311
21.01000,1.98000,0.99246,0.00033,0.00037,0.00009,0.00675
21.21000,1.98000,0.99100,0.00008,0.00274,0.00001,0.00618
21.41000,1.98000,0.99490,0.00002,0.00296,0.00000,0.00212
21.61000,1.98000,0.98753,0.00011,0.01088,0.00000,0.00149
21.81000,1.98000,0.98280,0.00049,0.01548,0.00000,0.00124
22.01000,1.98000,0.99611,0.00030,0.00350,0.00000,0.00008
22.21000,1.98000,0.99091,0.00090,0.00794,0.00000,0.00026
22.41000,1.98000,0.98066,0.00143,0.01786,0.00000,0.00005
22.61000,1.98000,0.99115,0.00185,0.00690,0.00000,0.00010
22.81000,1.98000,0.99635,0.00092,0.00270,0.00000,0.00002
23.01000,1.98000,0.99663,0.00303,0.00027,0.00001,0.00006
23.21000,1.98000,0.99349,0.00635,0.00011,0.00004,0.00001
23.41000,1.98000,0.99190,0.00794,0.00003,0.00009,0.00004
23.61000,1.98000,0.98429,0.01495,0.00056,0.00009,0.00011
23.81000,1.98000,0.99627,0.00313,0.00011,0.00007,0.00042
24.01000,1.98000,0.97253,0.02299,0.00031,0.00036,0.00381
24.21000,1.98000,0.96590,0.01355,0.00047,0.00150,0.01858
24.41000,1.98000,0.93717,0.03820,0.00297,0.00400,0.01766
24.61000,1.98000,0.94547,0.04289,0.00171,0.00233,0.00760
24.81000,1.98000,0.88019,0.11027,0.00175,0.00122,0.00656
25.01000,1.98000,0.96490,0.03319,0.00020,0.00020,0.00151
25.21000,1.98000,0.96985,0.02359,0.00200,0.00055,0.00400
25.41000,1.98000,0.99825,0.00087,0.00027,0.00020,0.00041
25.61000,1.98000,0.99309,0.00157,0.00198,0.00111,0.00225
25.81000,1.98000,0.99879,0.00047,0.00034,0.00014,0.00026
26.01000,1.98000,0.99924,0.00006,0.00052,0.00003,0.00015
26.21000,1.98000,0.99974,0.00005,0.00015,0.00001,0.00005
26.41000,1.98000,0.99950,0.00003,0.00045,0.00001,0.00001
26.61000,1.98000,0.99975,0.00001,0.00023,0.00000,0.00001
26.81000,1.98000,0.99696,0.00000,0.00303,0.00000,0.00001
27.01000,1.98000,0.99795,0.00000,0.00201,0.00001,0.00003
27.21000,1.98000,0.99855,0.00000,0.00144,0.00000,0.00000
27.41000,1.98000,0.99753,0.00000,0.00246,0.00000,0.00001
27.61000,1.98000,0.98053,0.00004,0.01941,0.00002,0.00001
27.81000,1.98000,0.98578,0.00011,0.01406,0.00003,0.00001
28.01000,1.98000,0.98884,0.00010,0.01104,0.00001,0.00000
28.21000,1.98000,0.96760,0.00037,0.03199,0.00002,0.00002
28.41000,1.98000,0.97152,0.00056,0.02784,0.00004,0.00005
28.61000,1.98000,0.98361,0.00051,0.01574,0.00008,0.00006
28.81000,1.98000,0.98787,0.00149,0.01037,0.00018,0.00008
29.01000,1.98000,0.97758,0.00059,0.02029,0.00087,0.00067
29.21000,1.98000,0.99797,0.00009,0.00166,0.00018,0.00011
29.41000,1.98000,0.99803,0.00102,0.00024,0.00031,0.00040
29.61000,1.98000,0.99846,0.00120,0.00010,0.00014,0.00009
29.81000,1.98000,0.99351,0.00515,0.00022,0.00051,0.00060
30.01000,1.98000,0.95447,0.02437,0.00110,0.01177,0.00829
30.21000,1.98000,0.67719,0.20996,0.00266,0.10421,0.00598
30.41000,1.98000,0.54760,0.15831,0.00732,0.27776,0.00902
30.61000,1.98000,0.97616,0.00952,0.00040,0.01351,0.00041
30.81000,1.98000,0.99777,0.00078,0.00017,0.00125,0.00003
31.01000,1.98000,0.99807,0.00008,0.00029,0.00155,0.00000
31.21000,1.98000,0.99925,0.00001,0.00025,0.00049,0.00000
31.41000,1.98000,0.99984,0.00000,0.00005,0.00010,0.00000
31.61000,1.98000,0.99996,0.00000,0.00001,0.00003,0.00000
31.81000,1.98000,0.99997,0.00000,0.00000,0.00002,0.00000
32.01000,1.98000,0.99998,0.00000,0.00001,0.00002,0.00000
32.21000,1.98000,0.99997,0.00000,0.00001,0.00002,0.00000
32.41000,1.98000,0.99983,0.00001,0.00004,0.00012,0.00000
32.61000,1.98000,0.99973,0.00003,0.00003,0.00021,0.00000
32.81000,1.98000,0.99230,0.00452,0.00069,0.00244,0.00004
33.01000,1.98000,0.99881,0.00105,0.00004,0.00008,0.00002
33.21000,1.98000,0.93718,0.05651,0.00218,0.00353,0.00060
33.41000,1.98000,0.99717,0.00240,0.00013,0.00023,0.00006
33.61000,1.98000,0.95291,0.04506,0.00078,0.00091,0.00035
33.81000,1.98000,0.96068,0.03791,0.00050,0.00042,0.00048
34.01000,1.98000,0.88978,0.10701,0.00114,0.00124,0.00084
34.21000,1.98000,0.96890,0.02607,0.00240,0.00010,0.00252
34.41000,1.98000,0.98631,0.01287,0.00081,0.00000,0.00001
34.61000,1.98000,0.96990,0.02897,0.00113,0.00000,0.00000
34.81000,1.98000,0.86251,0.07766,0.05980,0.00001,0.00002
35.01000,1.98000,0.96341,0.01569,0.02089,0.00001,0.00000
35.21000,1.98000,0.92582,0.01587,0.05830,0.00001,0.00001
35.41000,1.98000,0.98725,0.00888,0.00387,0.00000,0.00000
35.61000,1.98000,0.96533,0.00302,0.03164,0.00000,0.00000
35.81000,1.98000,0.99329,0.00122,0.00549,0.00000,0.00000
36.01000,1.98000,0.99914,0.00014,0.00072,0.00000,0.00000
36.21000,1.98000,0.97717,0.00698,0.01583,0.00001,0.00000
36.41000,1.98000,0.99751,0.00193,0.00055,0.00000,0.00001
36.61000,1.98000,0.93010,0.06885,0.00102,0.00000,0.00003
36.81000,1.98000,0.97090,0.02822,0.00085,0.00000,0.00003
37.01000,1.98000,0.92490,0.07397,0.00108,0.00000,0.00005
37.21000,1.98000,0.98009,0.01900,0.00082,0.00000,0.00009
37.41000,1.98000,0.98832,0.01088,0.00068,0.00000,0.00012
37.61000,1.98000,0.90084,0.09858,0.00026,0.00001,0.00031
37.81000,1.98000,0.87880,0.11967,0.00075,0.00003,0.00076
38.01000,1.98000,0.94989,0.04951,0.00028,0.00001,0.00031
38.21000,1.98000,0.97565,0.02216,0.00111,0.00002,0.00107
38.41000,1.98000,0.98413,0.01438,0.00045,0.00008,0.00096
38.61000,1.98000,0.97770,0.01998,0.00051,0.00022,0.00159
38.81000,1.98000,0.99083,0.00700,0.00045,0.00037,0.00134
39.01000,1.98000,0.94544,0.01741,0.01779,0.00484,0.01453
39.21000,1.98000,0.97675,0.00267,0.01311,0.00288,0.00458
39.41000,1.98000,0.99936,0.00008,0.00013,0.00004,0.00039
39.61000,1.98000,0.99912,0.00001,0.00055,0.00008,0.00024
39.81000,1.98000,0.99955,0.00001,0.00023,0.00007,0.00014
40.01000,1.98000,0.99810,0.00000,0.00148,0.00031,0.00011
40.21000,1.98000,0.99821,0.00000,0.00133,0.00029,0.00017
40.41000,1.98000,0.99434,0.00000,0.00511,0.00049,0.00006
40.61000,1.98000,0.98450,0.00001,0.01346,0.00140,0.00063
40.81000,1.98000,0.97540,0.00001,0.02232,0.00137,0.00090
41.01000,1.98000,0.99437,0.00002,0.00485,0.00037,0.00039
41.21000,1.98000,0.99297,0.00002,0.00615,0.00037,0.00049
41.41000,1.98000,0.98521,0.00000,0.01402,0.00038,0.00038
41.61000,1.98000,0.98953,0.00000,0.00912,0.00039,0.00096
41.81000,1.98000,0.98610,0.00000,0.01163,0.00056,0.00171
42.01000,1.98000,0.99446,0.00000,0.00250,0.00087,0.00217
42.21000,1.98000,0.97731,0.00001,0.01191,0.00502,0.00575
42.41000,1.98000,0.99906,0.00000,0.00019,0.00016,0.00059
42.61000,1.98000,0.99917,0.00000,0.00027,0.00011,0.00046
42.81000,1.98000,0.99830,0.00000,0.00012,0.00014,0.00143
43.01000,1.98000,0.99044,0.00002,0.00070,0.00223,0.00661
43.21000,1.98000,0.96870,0.00004,0.00040,0.00375,0.02712
43.41000,1.98000,0.97537,0.00017,0.00023,0.00512,0.01910
43.61000,1.98000,0.94591,0.00008,0.00104,0.00036,0.05261
43.81000,1.98000,0.96579,0.00005,0.00016,0.00013,0.03386
44.01000,1.98000,0.75905,0.00027,0.00057,0.00008,0.24003
44.21000,1.98000,0.48347,0.00159,0.00435,0.00243,0.50817
44.41000,1.98000,0.24919,0.00034,0.00675,0.00038,0.74334
44.61000,1.98000,0.81465,0.00004,0.00569,0.00047,0.17915
44.81000,1.98000,0.77711,0.00002,0.00442,0.00004,0.21840
45.01000,1.98000,0.98883,0.00000,0.00252,0.00000,0.00864
45.21000,1.98000,0.97795,0.00001,0.00933,0.00000,0.01271
45.41000,1.98000,0.99715,0.00002,0.00051,0.00000,0.00231
45.61000,1.98000,0.96172,0.00019,0.01568,0.00021,0.02219
45.81000,1.98000,0.97833,0.00006,0.00900,0.00006,0.01254
46.01000,1.98000,0.95263,0.00139,0.02171,0.00014,0.02413
46.21000,1.98000,0.96000,0.00661,0.01350,0.00052,0.01937
46.41000,1.98000,0.94125,0.03688,0.01493,0.00123,0.00571
46.61000,1.98000,0.99141,0.00434,0.00302,0.00032,0.00092
46.81000,1.98000,0.99412,0.00259,0.00198,0.00104,0.00026
47.01000,1.98000,0.99890,0.00019,0.00026,0.00052,0.00012
47.21000,1.98000,0.99921,0.00005,0.00009,0.00058,0.00007
47.41000,1.98000,0.99987,0.00005,0.00001,0.00005,0.00001
47.61000,1.98000,0.99975,0.00016,0.00002,0.00005,0.00001
47.81000,1.98000,0.99862,0.00041,0.00016,0.00073,0.00008
48.01000,1.98000,0.98924,0.00161,0.00062,0.00821,0.00032
48.21000,1.98000,0.97654,0.00321,0.00154,0.01783,0.00088
48.41000,1.98000,0.99428,0.00052,0.00056,0.00434,0.00030
48.61000,1.98000,0.99431,0.00082,0.00052,0.00411,0.00024
48.81000,1.98000,0.99966,0.00011,0.00005,0.00015,0.00002
49.01000,1.98000,0.99930,0.00012,0.00013,0.00035,0.00010
49.21000,1.98000,0.99936,0.00017,0.00009,0.00033,0.00004
49.41000,1.98000,0.99956,0.00023,0.00003,0.00013,0.00005
49.61000,1.98000,0.99696,0.00190,0.00016,0.00074,0.00024
49.81000,1.98000,0.99371,0.00524,0.00012,0.00040,0.00053
50.01000,1.98000,0.84065,0.12941,0.00326,0.01778,0.00890
50.21000,1.98000,0.68976,0.25370,0.00569,0.02659,0.02426
50.41000,1.98000,0.96513,0.02609,0.00170,0.00498,0.00209
50.61000,1.98000,0.99842,0.00065,0.00056,0.00026,0.00011
50.81000,1.98000,0.99907,0.00001,0.00048,0.00038,0.00005
51.01000,1.98000,0.99949,0.00001,0.00032,0.00018,0.00001
51.21000,1.98000,0.99854,0.00000,0.00106,0.00039,0.00001
51.41000,1.98000,0.99974,0.00000,0.00017,0.00009,0.00000
51.61000,1.98000,0.99990,0.00000,0.00006,0.00004,0.00000
51.81000,1.98000,0.99990,0.00000,0.00005,0.00005,0.00000
52.01000,1.98000,0.99995,0.00000,0.00002,0.00003,0.00000
52.21000,1.98000,0.99997,0.00000,0.00001,0.00002,0.00000
52.41000,1.98000,0.99995,0.00000,0.00002,0.00003,0.00000
52.61000,1.98000,0.99995,0.00000,0.00001,0.00003,0.00000
52.81000,1.98000,0.99998,0.00000,0.00001,0.00002,0.00000
53.01000,1.98000,0.99998,0.00000,0.00001,0.00001,0.00000
53.21000,1.98000,0.99999,0.00000,0.00000,0.00001,0.00000
53.41000,1.98000,0.99998,0.00000,0.00000,0.00002,0.00000
53.61000,1.98000,0.99984,0.00001,0.00001,0.00012,0.00001
53.81000,1.98000,0.99427,0.00039,0.00030,0.00484,0.00020
54.01000,1.98000,0.98937,0.00092,0.00055,0.00821,0.00096
54.21000,1.98000,0.97525,0.00406,0.00107,0.01590,0.00373
54.41000,1.98000,0.97766,0.00253,0.00437,0.00170,0.01374
54.61000,1.98000,0.99604,0.00200,0.00123,0.00002,0.00071
54.81000,1.98000,0.97115,0.00771,0.02014,0.00005,0.00095
55.01000,1.98000,0.83465,0.01421,0.15061,0.00017,0.00035
55.21000,1.98000,0.45557,0.00040,0.54304,0.00040,0.00059
55.41000,1.98000,0.87574,0.00056,0.12330,0.00013,0.00027
55.61000,1.98000,0.93953,0.00008,0.06025,0.00001,0.00013
55.81000,1.98000,0.97966,0.00003,0.02030,0.00000,0.00001
56.01000,1.98000,0.92623,0.00002,0.07362,0.00001,0.00013
56.21000,1.98000,0.99546,0.00001,0.00452,0.00000,0.00001
56.41000,1.98000,0.99255,0.00009,0.00596,0.00036,0.00105
56.61000,1.98000,0.96003,0.00002,0.02522,0.00170,0.01303
56.81000,1.98000,0.96751,0.00002,0.01878,0.00116,0.01252
57.01000,1.98000,0.97223,0.00002,0.00951,0.00043,0.01781
57.21000,1.98000,0.99810,0.00000,0.00107,0.00002,0.00080
57.41000,1.98000,0.99853,0.00000,0.00064,0.00001,0.00081
57.61000,1.98000,0.99600,0.00000,0.00280,0.00000,0.00119
57.81000,1.98000,0.98760,0.00000,0.00730,0.00003,0.00507
58.01000,1.98000,0.97235,0.00000,0.02208,0.00005,0.00553
58.21000,1.98000,0.97133,0.00000,0.01736,0.00018,0.01113
58.41000,1.98000,0.88665,0.00001,0.08291,0.00029,0.03015
58.61000,1.98000,0.90193,0.00004,0.02878,0.00065,0.06859
58.81000,1.98000,0.95513,0.00008,0.01200,0.00037,0.03242
59.01000,1.98000,0.99079,0.00003,0.00238,0.00007,0.00673
59.21000,1.98000,0.99034,0.00006,0.00195,0.00020,0.00746
59.41000,1.98000,0.99023,0.00044,0.00077,0.00101,0.00755
59.61000,1.98000,0.89367,0.00434,0.00179,0.02021,0.07998
59.81000,1.98000,0.95524,0.00535,0.00158,0.01127,0.02658
60.01000,1.98000,0.98859,0.00025,0.00065,0.00201,0.00850
60.21000,1.98000,0.99005,0.00051,0.00077,0.00293,0.00574
60.41000,1.98000,0.99624,0.00006,0.00017,0.00049,0.00305
60.61000,1.98000,0.99837,0.00005,0.00025,0.00022,0.00111
60.81000,1.98000,0.99930,0.00000,0.00015,0.00008,0.00046
61.01000,1.98000,0.99616,0.00000,0.00123,0.00051,0.00210
61.21000,1.98000,0.99797,0.00000,0.00058,0.00022,0.00122
61.41000,1.98000,0.99114,0.00002,0.00235,0.00094,0.00555
61.61000,1.98000,0.98504,0.00005,0.00206,0.00107,0.01177
61.81000,1.98000,0.99191,0.00002,0.00293,0.00149,0.00364
62.01000,1.98000,0.99413,0.00009,0.00083,0.00123,0.00371
62.21000,1.98000,0.99897,0.00001,0.00036,0.00020,0.00046
62.41000,1.98000,0.99879,0.00004,0.00007,0.00037,0.00072
62.61000,1.98000,0.99865,0.00004,0.00028,0.00048,0.00054
62.81000,1.98000,0.99724,0.00006,0.00034,0.00161,0.00075
63.01000,1.98000,0.99950,0.00002,0.00005,0.00035,0.00008
63.21000,1.98000,0.99942,0.00004,0.00005,0.00041,0.00007
63.41000,1.98000,0.99882,0.00026,0.00015,0.00032,0.00045
63.61000,1.98000,0.99804,0.00079,0.00007,0.00046,0.00063
63.81000,1.98000,0.99387,0.00105,0.00017,0.00085,0.00406
64.01000,1.98000,0.97534,0.00357,0.00124,0.00524,0.01462
64.21000,1.98000,0.97259,0.00231,0.00070,0.00300,0.02140
64.41000,1.98000,0.96751,0.00383,0.00060,0.00894,0.01912
64.61000,1.98000,0.99582,0.00315,0.00013,0.00033,0.00057
64.81000,1.98000,0.99363,0.00256,0.00063,0.00077,0.00240
65.01000,1.98000,0.99755,0.00151,0.00023,0.00027,0.00043
65.21000,1.98000,0.99909,0.00001,0.00039,0.00031,0.00020
65.41000,1.98000,0.98086,0.00111,0.00932,0.00775,0.00097
65.61000,1.98000,0.98628,0.00100,0.00688,0.00506,0.00078
65.81000,1.98000,0.99366,0.00194,0.00238,0.00192,0.00010
66.01000,1.98000,0.96705,0.00051,0.02162,0.01044,0.00037
66.21000,1.98000,0.99102,0.00010,0.00597,0.00284,0.00007
66.41000,1.98000,0.99301,0.00001,0.00490,0.00198,0.00010
66.61000,1.98000,0.99757,0.00001,0.00141,0.00100,0.00001
66.81000,1.98000,0.99960,0.00000,0.00022,0.00018,0.00000
67.01000,1.98000,0.99975,0.00000,0.00013,0.00012,0.00000
67.21000,1.98000,0.99990,0.00000,0.00003,0.00006,0.00000
67.41000,1.98000,0.99993,0.00000,0.00002,0.00005,0.00000
67.61000,1.98000,0.99991,0.00000,0.00002,0.00007,0.00000
67.81000,1.98000,0.99990,0.00000,0.00002,0.00008,0.00000
68.01000,1.98000,0.99992,0.00000,0.00001,0.00007,0.00000
68.21000,1.98000,0.99996,0.00000,0.00000,0.00003,0.00000
68.41000,1.98000,0.99977,0.00000,0.00002,0.00020,0.00000
68.61000,1.98000,0.99984,0.00001,0.00001,0.00014,0.00001
68.81000,1.98000,0.99973,0.00008,0.00000,0.00018,0.00001
69.01000,1.98000,0.99880,0.00064,0.00003,0.00043,0.00011
69.21000,1.98000,0.96454,0.00907,0.00088,0.02360,0.00191
69.41000,1.98000,0.76105,0.09055,0.00830,0.12695,0.01316
69.61000,1.98000,0.94305,0.01152,0.00108,0.04086,0.00348
69.81000,1.98000,0.99827,0.00071,0.00033,0.00063,0.00007
70.01000,1.98000,0.99910,0.00002,0.00029,0.00057,0.00002
70.21000,1.98000,0.99970,0.00000,0.00016,0.00013,0.00000
70.41000,1.98000,0.99989,0.00000,0.00005,0.00005,0.00000
70.61000,1.98000,0.99967,0.00000,0.00024,0.00009,0.00000
70.81000,1.98000,0.99991,0.00000,0.00004,0.00004,0.00000
71.01000,1.98000,0.99995,0.00000,0.00002,0.00003,0.00000
71.21000,1.98000,0.99997,0.00000,0.00001,0.00002,0.00000
71.41000,1.98000,0.99998,0.00000,0.00001,0.00001,0.00000
71.61000,1.98000,0.99997,0.00000,0.00002,0.00001,0.00000
71.81000,1.98000,0.99998,0.00000,0.00001,0.00000,0.00000
72.01000,1.98000,0.99991,0.00000,0.00007,0.00001,0.00001
72.21000,1.98000,0.99954,0.00000,0.00037,0.00003,0.00005
72.41000,1.98000,0.99877,0.00000,0.00098,0.00004,0.00020
72.61000,1.98000,0.99859,0.00000,0.00101,0.00002,0.00037
72.81000,1.98000,0.98420,0.00000,0.01135,0.00012,0.00433
73.01000,1.98000,0.99940,0.00000,0.00047,0.00000,0.00013
73.21000,1.98000,0.99940,0.00000,0.00057,0.00000,0.00003
73.41000,1.98000,0.99494,0.00000,0.00491,0.00000,0.00015
73.61000,1.98000,0.99338,0.00000,0.00618,0.00000,0.00043
73.81000,1.98000,0.98466,0.00000,0.01463,0.00001,0.00070
74.01000,1.98000,0.95638,0.00001,0.04325,0.00002,0.00035
74.21000,1.98000,0.22452,0.00041,0.76870,0.00139,0.00498
74.41000,1.98000,0.84245,0.00032,0.15605,0.00061,0.00056
74.61000,1.98000,0.97177,0.00054,0.02673,0.00043,0.00053
74.81000,1.98000,0.98991,0.00008,0.00991,0.00006,0.00004
75.01000,1.98000,0.94907,0.00008,0.04962,0.00088,0.00035
75.21000,1.98000,0.97010,0.00003,0.02889,0.00061,0.00037
75.41000,1.98000,0.99561,0.00000,0.00404,0.00028,0.00007
75.61000,1.98000,0.99453,0.00006,0.00273,0.00243,0.00025
75.81000,1.98000,0.99891,0.00001,0.00021,0.00042,0.00046
76.01000,1.98000,0.99867,0.00001,0.00014,0.00033,0.00084
76.21000,1.98000,0.99867,0.00000,0.00025,0.00023,0.00085
76.41000,1.98000,0.99891,0.00000,0.00030,0.00023,0.00056
76.61000,1.98000,0.99975,0.00000,0.00016,0.00002,0.00007
76.81000,1.98000,0.99921,0.00000,0.00035,0.00015,0.00029
77.01000,1.98000,0.99925,0.00000,0.00046,0.00010,0.00018
77.21000,1.98000,0.99932,0.00000,0.00031,0.00016,0.00021
77.41000,1.98000,0.99932,0.00000,0.00055,0.00009,0.00004
77.61000,1.98000,0.99940,0.00000,0.00030,0.00023,0.00007
77.81000,1.98000,0.99700,0.00001,0.00148,0.00124,0.00028
78.01000,1.98000,0.98743,0.00008,0.00425,0.00539,0.00286
78.21000,1.98000,0.99638,0.00004,0.00146,0.00188,0.00025
78.41000,1.98000,0.96873,0.00012,0.00376,0.02406,0.00333
78.61000,1.98000,0.97769,0.00010,0.00068,0.01915,0.00238
78.81000,1.98000,0.74347,0.00178,0.00172,0.23825,0.01479
79.01000,1.98000,0.86256,0.00654,0.00031,0.12109,0.00950
79.21000,1.98000,0.90542,0.00947,0.00068,0.07381,0.01062
79.41000,1.98000,0.82813,0.00504,0.00260,0.14261,0.02162
79.61000,1.98000,0.95579,0.00326,0.00158,0.02555,0.01381
79.81000,1.98000,0.98350,0.00408,0.00065,0.00347,0.00830
80.01000,1.98000,0.99647,0.00057,0.00043,0.00011,0.00243
80.21000,1.98000,0.97972,0.00101,0.00825,0.00023,0.01079
80.41000,1.98000,0.94304,0.00120,0.02141,0.00068,0.03367
80.61000,1.98000,0.94986,0.00072,0.04004,0.00041,0.00897
80.81000,1.98000,0.98007,0.00026,0.01704,0.00009,0.00254
81.01000,1.98000,0.97833,0.00064,0.01710,0.00012,0.00381
81.21000,1.98000,0.99799,0.00002,0.00163,0.00001,0.00036
81.41000,1.98000,0.99438,0.00021,0.00408,0.00009,0.00125
81.61000,1.98000,0.99890,0.00000,0.00078,0.00002,0.00029
81.81000,1.98000,0.99450,0.00012,0.00208,0.00183,0.00148
82.01000,1.98000,0.99976,0.00000,0.00012,0.00005,0.00007
82.21000,1.98000,0.99901,0.00002,0.00031,0.00013,0.00053
82.41000,1.98000,0.99920,0.00001,0.00029,0.00004,0.00046
82.61000,1.98000,0.99722,0.00023,0.00080,0.00020,0.00155
82.81000,1.98000,0.99922,0.00023,0.00013,0.00002,0.00040
83.01000,1.98000,0.99867,0.00050,0.00016,0.00003,0.00063
83.21000,1.98000,0.99116,0.00338,0.00137,0.00021,0.00388
83.41000,1.98000,0.99199,0.00590,0.00091,0.00014,0.00106
83.61000,1.98000,0.97107,0.02710,0.00052,0.00027,0.00103
83.81000,1.98000,0.99680,0.00157,0.00042,0.00014,0.00107
84.01000,1.98000,0.99665,0.00294,0.00003,0.00011,0.00026
84.21000,1.98000,0.99855,0.00090,0.00007,0.00007,0.00042
84.41000,1.98000,0.99381,0.00541,0.00015,0.00025,0.00038
84.61000,1.98000,0.99631,0.00329,0.00012,0.00002,0.00026
84.81000,1.98000,0.99790,0.00171,0.00016,0.00004,0.00020
85.01000,1.98000,0.99624,0.00330,0.00014,0.00003,0.00028
85.21000,1.98000,0.98386,0.01018,0.00279,0.00037,0.00280
85.41000,1.98000,0.99775,0.00089,0.00029,0.00002,0.00105
85.61000,1.98000,0.99874,0.00033,0.00058,0.00001,0.00034
85.81000,1.98000,0.99833,0.00044,0.00100,0.00002,0.00021
86.01000,1.98000,0.99872,0.00003,0.00106,0.00001,0.00018
86.21000,1.98000,0.99776,0.00002,0.00185,0.00003,0.00034
86.41000,1.98000,0.99812,0.00000,0.00176,0.00002,0.00010
86.61000,1.98000,0.98690,0.00000,0.01271,0.00010,0.00028
86.81000,1.98000,0.99096,0.00000,0.00873,0.00005,0.00027
87.01000,1.98000,0.98635,0.00001,0.01315,0.00031,0.00018
87.21000,1.98000,0.99847,0.00000,0.00148,0.00002,0.00004
87.41000,1.98000,0.99880,0.00000,0.00115,0.00002,0.00003
87.61000,1.98000,0.99870,0.00000,0.00123,0.00001,0.00007
87.81000,1.98000,0.99921,0.00000,0.00076,0.00001,0.00002
88.01000,1.98000,0.99311,0.00000,0.00678,0.00002,0.00009
88.21000,1.98000,0.99909,0.00000,0.00074,0.00001,0.00016
88.41000,1.98000,0.99529,0.00011,0.00388,0.00005,0.00066
88.61000,1.98000,0.99912,0.00002,0.00039,0.00000,0.00047
88.81000,1.98000,0.99558,0.00302,0.00117,0.00002,0.00022
89.01000,1.98000,0.99908,0.00085,0.00004,0.00000,0.00003
89.21000,1.98000,0.97945,0.01984,0.00055,0.00001,0.00015
89.41000,1.98000,0.99092,0.00870,0.00024,0.00001,0.00014
89.61000,1.98000,0.88727,0.10849,0.00290,0.00046,0.00087
89.81000,1.98000,0.89581,0.10221,0.00105,0.00055,0.00039
90.01000,1.98000,0.99824,0.00136,0.00029,0.00008,0.00003
90.21000,1.98000,0.99964,0.00019,0.00011,0.00006,0.00001
90.41000,1.98000,0.99979,0.00000,0.00016,0.00004,0.00000
90.61000,1.98000,0.99933,0.00000,0.00035,0.00031,0.00000
90.81000,1.98000,0.99930,0.00000,0.00048,0.00021,0.00000
91.01000,1.98000,0.99973,0.00000,0.00010,0.00016,0.00001
91.21000,1.98000,0.99942,0.00000,0.00028,0.00028,0.00002
91.41000,1.98000,0.99949,0.00000,0.00020,0.00026,0.00006
91.61000,1.98000,0.99682,0.00001,0.00069,0.00212,0.00037
91.81000,1.98000,0.99939,0.00000,0.00013,0.00028,0.00020
92.01000,1.98000,0.99695,0.00001,0.00069,0.00142,0.00093
92.21000,1.98000,0.99887,0.00001,0.00013,0.00028,0.00072
92.41000,1.98000,0.99756,0.00003,0.00030,0.00045,0.00167
92.61000,1.98000,0.99731,0.00002,0.00032,0.00046,0.00190
92.81000,1.98000,0.99425,0.00002,0.00155,0.00102,0.00316
93.01000,1.98000,0.99431,0.00003,0.00113,0.00117,0.00336
93.21000,1.98000,0.99904,0.00001,0.00025,0.00014,0.00056
93.41000,1.98000,0.99846,0.00000,0.00126,0.00000,0.00027
93.61000,1.98000,0.99600,0.00000,0.00397,0.00000,0.00002
93.81000,1.98000,0.94534,0.00003,0.05456,0.00001,0.00006
94.01000,1.98000,0.65524,0.00006,0.34456,0.00004,0.00010
94.21000,1.98000,0.87941,0.00079,0.11949,0.00017,0.00013
94.41000,1.98000,0.94648,0.00019,0.05328,0.00002,0.00003
94.61000,1.98000,0.96774,0.00015,0.03208,0.00001,0.00002
94.81000,1.98000,0.97798,0.00001,0.02200,0.00000,0.00000
95.01000,1.98000,0.97497,0.00004,0.02498,0.00000,0.00001
95.21000,1.98000,0.97309,0.00001,0.02689,0.00000,0.00001
95.41000,1.98000,0.96697,0.00029,0.03241,0.00007,0.00025
95.61000,1.98000,0.99575,0.00042,0.00260,0.00001,0.00122
95.81000,1.98000,0.98489,0.00131,0.01189,0.00000,0.00190
96.01000,1.98000,0.97669,0.00170,0.01866,0.00000,0.00295
96.21000,1.98000,0.95396,0.00173,0.04341,0.00000,0.00090
96.41000,1.98000,0.98082,0.00140,0.01712,0.00000,0.00066
96.61000,1.98000,0.98214,0.00732,0.01021,0.00000,0.00033
96.81000,1.98000,0.96301,0.03108,0.00521,0.00000,0.00070
97.01000,1.98000,0.98029,0.01850,0.00105,0.00000,0.00015
97.21000,1.98000,0.98686,0.00977,0.00291,0.00000,0.00047
97.41000,1.98000,0.98715,0.01222,0.00056,0.00000,0.00008
97.61000,1.98000,0.99216,0.00587,0.00129,0.00005,0.00062
97.81000,1.98000,0.97655,0.02259,0.00045,0.00009,0.00033
98.01000,1.98000,0.98979,0.00417,0.00136,0.00139,0.00329
98.21000,1.98000,0.98960,0.00813,0.00096,0.00034,0.00097
98.41000,1.98000,0.99801,0.00037,0.00013,0.00035,0.00114
98.61000,1.98000,0.99306,0.00503,0.00012,0.00092,0.00087
98.81000,1.98000,0.98939,0.00090,0.00131,0.00633,0.00208
99.01000,1.98000,0.97873,0.00221,0.00358,0.01349,0.00199
99.21000,1.98000,0.99788,0.00029,0.00018,0.00070,0.00095
99.41000,1.98000,0.99660,0.00055,0.00026,0.00072,0.00187
99.61000,1.98000,0.99289,0.00387,0.00021,0.00206,0.00097
99.81000,1.98000,0.99601,0.00351,0.00008,0.00018,0.00021
100.01000,1.98000,0.99869,0.00115,0.00008,0.00005,0.00003
100.21000,1.98000,0.99857,0.00025,0.00105,0.00008,0.00004
100.41000,1.98000,0.99841,0.00010,0.00132,0.00015,0.00002
100.61000,1.98000,0.99929,0.00007,0.00052,0.00006,0.00005
100.81000,1.98000,0.99755,0.00009,0.00220,0.00014,0.00004
101.01000,1.98000,0.99832,0.00008,0.00149,0.00008,0.00003
101.21000,1.98000,0.99629,0.00001,0.00361,0.00007,0.00001
101.41000,1.98000,0.99879,0.00000,0.00118,0.00003,0.00000
101.61000,1.98000,0.99399,0.00001,0.00580,0.00018,0.00002
101.81000,1.98000,0.99802,0.00000,0.00188,0.00008,0.00002
102.01000,1.98000,0.97536,0.00004,0.02315,0.00113,0.00032
102.21000,1.98000,0.99699,0.00002,0.00253,0.00027,0.00018
102.41000,1.98000,0.99583,0.00012,0.00371,0.00020,0.00014
102.61000,1.98000,0.99928,0.00000,0.00061,0.00003,0.00008
102.81000,1.98000,0.99722,0.00001,0.00231,0.00016,0.00029
103.01000,1.98000,0.99887,0.00000,0.00082,0.00003,0.00028
103.21000,1.98000,0.99913,0.00002,0.00060,0.00003,0.00022
103.41000,1.98000,0.99803,0.00014,0.00044,0.00004,0.00135
103.61000,1.98000,0.99966,0.00000,0.00006,0.00000,0.00028
103.81000,1.98000,0.99380,0.00030,0.00175,0.00002,0.00413
104.01000,1.98000,0.98997,0.00045,0.00130,0.00002,0.00825
104.21000,1.98000,0.92042,0.00850,0.02755,0.00038,0.04316
104.41000,1.98000,0.90823,0.00680,0.05278,0.00033,0.03185
104.61000,1.98000,0.99050,0.00213,0.00497,0.00002,0.00238
104.81000,1.98000,0.94893,0.00129,0.04329,0.00007,0.00642
105.01000,1.98000,0.94746,0.00815,0.03922,0.00029,0.00488
105.21000,1.98000,0.97784,0.00253,0.01873,0.00004,0.00087
105.41000,1.98000,0.94965,0.00274,0.04700,0.00003,0.00058
105.61000,1.98000,0.99091,0.00261,0.00624,0.00002,0.00021
105.81000,1.98000,0.97397,0.01151,0.01416,0.00014,0.00021
106.01000,1.98000,0.98679,0.01202,0.00096,0.00002,0.00021
106.21000,1.98000,0.98192,0.01659,0.00142,0.00001,0.00006
106.41000,1.98000,0.99462,0.00482,0.00051,0.00000,0.00004
106.61000,1.98000,0.99251,0.00692,0.00052,0.00001,0.00004
106.81000,1.98000,0.99006,0.00959,0.00026,0.00001,0.00008
107.01000,1.98000,0.99881,0.00070,0.00034,0.00002,0.00014
107.21000,1.98000,0.99959,0.00026,0.00004,0.00001,0.00010
107.41000,1.98000,0.99985,0.00010,0.00002,0.00000,0.00003
107.61000,1.98000,0.99884,0.00096,0.00004,0.00001,0.00015
107.81000,1.98000,0.99965,0.00026,0.00005,0.00000,0.00003
108.01000,1.98000,0.99644,0.00288,0.00048,0.00001,0.00020
108.21000,1.98000,0.99545,0.00394,0.00021,0.00001,0.00040
108.41000,1.98000,0.94088,0.04229,0.00779,0.00013,0.00891
108.61000,1.98000,0.96807,0.02555,0.00252,0.00015,0.00370
108.81000,1.98000,0.95534,0.03153,0.00782,0.00039,0.00491
109.01000,1.98000,0.93829,0.05834,0.00154,0.00011,0.00171
109.21000,1.98000,0.98873,0.00966,0.00096,0.00003,0.00061
109.41000,1.98000,0.95324,0.04442,0.00056,0.00028,0.00150
109.61000,1.98000,0.95476,0.04344,0.00029,0.00016,0.00135
109.81000,1.98000,0.92545,0.07227,0.00022,0.00117,0.00090
110.01000,1.98000,0.95888,0.03955,0.00033,0.00079,0.00045
110.21000,1.98000,0.83558,0.15324,0.00142,0.00638,0.00337
110.41000,1.98000,0.97283,0.02556,0.00052,0.00039,0.00070
110.61000,1.98000,0.99874,0.00080,0.00019,0.00014,0.00012
110.81000,1.98000,0.99505,0.00088,0.00324,0.00071,0.00011
111.01000,1.98000,0.99970,0.00001,0.00024,0.00004,0.00002
111.21000,1.98000,0.99971,0.00000,0.00023,0.00005,0.00001
111.41000,1.98000,0.99977,0.00000,0.00019,0.00002,0.00002
111.61000,1.98000,0.99910,0.00000,0.00064,0.00021,0.00006
111.81000,1.98000,0.99652,0.00000,0.00182,0.00111,0.00055
112.01000,1.98000,0.99848,0.00000,0.00074,0.00074,0.00004
112.21000,1.98000,0.99911,0.00000,0.00021,0.00059,0.00009
112.41000,1.98000,0.99930,0.00000,0.00035,0.00033,0.00003
112.61000,1.98000,0.99745,0.00000,0.00103,0.00141,0.00011
112.81000,1.98000,0.99993,0.00000,0.00003,0.00003,0.00000
113.01000,1.98000,0.99989,0.00000,0.00004,0.00007,0.00000
113.21000,1.98000,0.99993,0.00000,0.00001,0.00005,0.00000
113.41000,1.98000,0.99995,0.00000,0.00002,0.00003,0.00000
113.61000,1.98000,0.99994,0.00000,0.00002,0.00004,0.00000
113.81000,1.98000,0.99955,0.00000,0.00020,0.00021,0.00004
114.01000,1.98000,0.99889,0.00001,0.00051,0.00048,0.00012
114.21000,1.98000,0.99700,0.00002,0.00179,0.00054,0.00065
114.41000,1.98000,0.99908,0.00004,0.00069,0.00007,0.00012
114.61000,1.98000,0.99905,0.00000,0.00082,0.00000,0.00012
114.81000,1.98000,0.99851,0.00011,0.00136,0.00000,0.00002
115.01000,1.98000,0.98171,0.00002,0.01823,0.00000,0.00004
115.21000,1.98000,0.85619,0.00068,0.14295,0.00004,0.00013
115.41000,1.98000,0.90358,0.00009,0.09622,0.00001,0.00010
115.61000,1.98000,0.97237,0.00029,0.02720,0.00001,0.00013
115.81000,1.98000,0.97077,0.00028,0.02886,0.00001,0.00009
116.01000,1.98000,0.96775,0.00015,0.03202,0.00001,0.00007
116.21000,1.98000,0.98560,0.00001,0.01434,0.00000,0.00005
116.41000,1.98000,0.99689,0.00000,0.00309,0.00000,0.00002
116.61000,1.98000,0.99872,0.00000,0.00117,0.00001,0.00010
116.81000,1.98000,0.99094,0.00000,0.00802,0.00001,0.00104
117.01000,1.98000,0.99689,0.00000,0.00263,0.00000,0.00048
117.21000,1.98000,0.99654,0.00000,0.00310,0.00000,0.00036
117.41000,1.98000,0.99798,0.00000,0.00132,0.00000,0.00070
117.61000,1.98000,0.99778,0.00000,0.00161,0.00000,0.00061
117.81000,1.98000,0.99329,0.00000,0.00526,0.00004,0.00141
118.01000,1.98000,0.99036,0.00000,0.00824,0.00018,0.00121
118.21000,1.98000,0.96931,0.00006,0.02521,0.00071,0.00471
118.41000,1.98000,0.94801,0.00074,0.04102,0.00257,0.00766
118.61000,1.98000,0.90371,0.00149,0.07582,0.00993,0.00904
118.81000,1.98000,0.99288,0.00307,0.00235,0.00044,0.00126
119.01000,1.98000,0.99071,0.00298,0.00572,0.00008,0.00051
119.21000,1.98000,0.99350,0.00105,0.00502,0.00003,0.00040
119.41000,1.98000,0.99826,0.00070,0.00094,0.00001,0.00010
119.61000,1.98000,0.99265,0.00410,0.00250,0.00003,0.00072
119.81000,1.98000,0.98418,0.00972,0.00516,0.00012,0.00083
120.01000,1.98000,0.98670,0.00845,0.00268,0.00018,0.00199
120.21000,1.98000,0.99115,0.00788,0.00061,0.00008,0.00028
120.41000,1.98000,0.99604,0.00208,0.00104,0.00003,0.00080
120.61000,1.98000,0.99430,0.00192,0.00281,0.00013,0.00083
120.81000,1.98000,0.99875,0.00012,0.00024,0.00010,0.00079
121.01000,1.98000,0.99697,0.00005,0.00192,0.00039,0.00066
121.21000,1.98000,0.97888,0.00001,0.01350,0.00068,0.00693
121.41000,1.98000,0.99129,0.00011,0.00378,0.00124,0.00357
121.61000,1.98000,0.99013,0.00004,0.00100,0.00024,0.00859
121.81000,1.98000,0.99913,0.00006,0.00028,0.00002,0.00051
122.01000,1.98000,0.99901,0.00001,0.00009,0.00001,0.00088
122.21000,1.98000,0.99943,0.00001,0.00014,0.00001,0.00041
122.41000,1.98000,0.99781,0.00006,0.00031,0.00001,0.00181
122.61000,1.98000,0.99820,0.00024,0.00032,0.00001,0.00122
122.81000,1.98000,0.99940,0.00006,0.00011,0.00000,0.00042
123.01000,1.98000,0.99891,0.00013,0.00033,0.00002,0.00061
123.21000,1.98000,0.99967,0.00007,0.00013,0.00000,0.00012
123.41000,1.98000,0.98994,0.00028,0.00882,0.00011,0.00085
123.61000,1.98000,0.99832,0.00002,0.00131,0.00005,0.00031
123.81000,1.98000,0.99739,0.00001,0.00231,0.00003,0.00027
124.01000,1.98000,0.99713,0.00001,0.00228,0.00015,0.00043
124.21000,1.98000,0.99732,0.00000,0.00232,0.00017,0.00020
124.41000,1.98000,0.99786,0.00000,0.00100,0.00044,0.00070
124.61000,1.98000,0.99845,0.00000,0.00054,0.00042,0.00059
124.81000,1.98000,0.96118,0.00006,0.00135,0.00967,0.02775
125.01000,1.98000,0.84125,0.00002,0.00581,0.00998,0.14295
125.21000,1.98000,0.68059,0.00003,0.00252,0.00818,0.30867
125.41000,1.98000,0.85253,0.00001,0.02940,0.01200,0.10607
125.61000,1.98000,0.72047,0.00004,0.00713,0.01787,0.25449
125.81000,1.98000,0.88907,0.00005,0.00224,0.00209,0.10656
126.01000,1.98000,0.97635,0.00003,0.00307,0.00041,0.02013
126.21000,1.98000,0.99082,0.00000,0.00428,0.00025,0.00465
126.41000,1.98000,0.96212,0.00014,0.02506,0.00244,0.01024
126.61000,1.98000,0.97849,0.00002,0.01686,0.00087,0.00375
126.81000,1.98000,0.98661,0.00003,0.00973,0.00084,0.00280
127.01000,1.98000,0.99426,0.00008,0.00317,0.00138,0.00111
127.21000,1.98000,0.99589,0.00018,0.00255,0.00086,0.00053
127.41000,1.98000,0.99253,0.00065,0.00341,0.00267,0.00074
127.61000,1.98000,0.99690,0.00052,0.00132,0.00061,0.00065
127.81000,1.98000,0.99330,0.00088,0.00204,0.00266,0.00111
128.00999,1.98001,0.99456,0.00182,0.00138,0.00174,0.00050
128.21001,1.98000,0.97709,0.00947,0.00662,0.00579,0.00103
128.41000,1.98000,0.97684,0.00515,0.01306,0.00409,0.00086
128.61000,1.98000,0.83747,0.00971,0.09904,0.05031,0.00347
128.81000,1.98000,0.96633,0.00023,0.02955,0.00361,0.00027
129.00999,1.98001,0.99320,0.00004,0.00569,0.00096,0.00012
129.21001,1.98000,0.99938,0.00001,0.00047,0.00013,0.00002
129.41000,1.98000,0.99989,0.00000,0.00009,0.00002,0.00000
129.61000,1.98000,0.99987,0.00000,0.00010,0.00003,0.00000
129.81000,1.98000,0.99997,0.00000,0.00002,0.00001,0.00000
130.00999,1.98001,0.99999,0.00000,0.00000,0.00001,0.00000
130.21001,1.98000,1.00000,0.00000,0.00000,0.00000,0.00000
130.41000,1.98000,1.00000,0.00000,0.00000,0.00000,0.00000
130.61000,1.98000,1.00000,0.00000,0.00000,0.00000,0.00000
130.81000,1.98000,1.00000,0.00000,0.00000,0.00000,0.00000
