Time(Seconds),Length(Seconds),Label(string),Confidence(double),Comment(string)
11.0897562,1.0759747,On,1,
12.7303515,1.1292408,On,1,
14.4881321,1.1079344,On,1,
16.6826945,1.1185876,On,1,
18.7264375,1.1931601,On,1,
21.0381854,1.0972812,On,1,
23.3073203,1.2783858,On,1,
25.5925311,1.0014022,On,1,
27.4781502,0.9587894,On,1,
29.7046723,1.1718537,On,1,
32.2401377,1.0759747,On,1,
34.6670586,1.1185876,On,1,
36.7337825,0.7883379,On,1,
38.7259338,1.0546683,On,1,
41.5277296,0.9481362,On,1,
43.5164033,1.0697419,On,1,
45.9962598,1.1913035,On,1,
48.609834,1.3614898,On,1,
50.8708796,1.2399282,On,1,
53.0684633,1.0089612,On,1,
55.0256049,0.7901503,On,1,
57.2623382,1.1062104,On,1,
60.4920832,1.1669912,On,1,
63.2515313,1.3371774,On,1,
65.7192316,1.0940543,On,1,
68.2234003,1.3128651,On,1,
71.0844679,1.4830514,On,1,
74.1599762,1.3614898,On,1,
76.5304272,1.1913035,On,1,
79.3355408,1.0332735,On,1,
81.6330549,1.1062104,On,1,
84.2587852,0.9360242,On,1,
86.531987,1.0575858,On,1,
88.4483106,1.1669912,On,1,
91.0375725,1.1548351,On,1,
92.9582456,1.3371774,On,1,
95.2888913,1.3250213,On,1,
99.9979732,1.2642405,On,1,
103.2106356,1.3250213,On,1,
106.3469246,1.3493336,On,1,
109.0699043,1.2520843,On,1,
111.4603182,0.9360242,On,1,
113.7821446,1.1548351,On,1,
116.4808119,1.2399282,On,1,
119.1308546,1.1791474,On,1,
