Time (seconds), Duration (seconds),pred_(unlabeled),pred_circle,pred_shaking
0.01000,1.98000,0.21982,0.78018,0.00000
0.21000,1.98000,0.03523,0.96477,0.00000
0.41000,1.98000,0.04010,0.95990,0.00000
0.61000,1.98000,0.11431,0.88568,0.00000
0.81000,1.98000,0.21796,0.78203,0.00000
1.01000,1.98000,0.21561,0.78439,0.00000
1.21000,1.98000,0.11748,0.88251,0.00000
1.41000,1.98000,0.04512,0.95487,0.00000
1.61000,1.98000,0.02526,0.97474,0.00000
1.81000,1.98000,0.04211,0.95789,0.00000
2.01000,1.98000,0.06641,0.93359,0.00000
2.21000,1.98000,0.18182,0.81818,0.00000
2.41000,1.98000,0.07445,0.92555,0.00000
2.61000,1.98000,0.01520,0.98480,0.00000
2.81000,1.98000,0.00679,0.99320,0.00000
3.01000,1.98000,0.01023,0.98977,0.00000
3.21000,1.98000,0.03467,0.96533,0.00000
3.41000,1.98000,0.08763,0.91237,0.00000
3.61000,1.98000,0.12979,0.87020,0.00000
3.81000,1.98000,0.38816,0.61184,0.00000
4.01000,1.98000,0.45122,0.54878,0.00000
4.21000,1.98000,0.45418,0.54582,0.00000
4.41000,1.98000,0.41253,0.58747,0.00000
4.61000,1.98000,0.21996,0.78004,0.00000
4.81000,1.98000,0.07334,0.92665,0.00000
5.01000,1.98000,0.04447,0.95553,0.00000
5.21000,1.98000,0.05593,0.94407,0.00000
5.41000,1.98000,0.07362,0.92638,0.00000
5.61000,1.98000,0.14492,0.85508,0.00000
5.81000,1.98000,0.04096,0.95904,0.00000
6.01000,1.98000,0.02316,0.97684,0.00000
6.21000,1.98000,0.00992,0.99008,0.00000
6.41000,1.98000,0.00746,0.99254,0.00000
6.61000,1.98000,0.02114,0.97886,0.00000
6.81000,1.98000,0.08365,0.91635,0.00000
7.01000,1.98000,0.10283,0.89717,0.00000
7.21000,1.98000,0.09521,0.90478,0.00000
7.41000,1.98000,0.11159,0.88841,0.00000
7.61000,1.98000,0.13743,0.86257,0.00000
7.81000,1.98000,0.11268,0.88732,0.00000
8.01000,1.98000,0.10096,0.89904,0.00000
8.21000,1.98000,0.12620,0.87380,0.00000
8.41000,1.98000,0.06166,0.93834,0.00000
8.61000,1.98000,0.01601,0.98399,0.00000
8.81000,1.98000,0.00990,0.99010,0.00000
9.01000,1.98000,0.01341,0.98659,0.00000
9.21000,1.98000,0.02855,0.97145,0.00000
9.41000,1.98000,0.04553,0.95447,0.00000
9.61000,1.98000,0.02053,0.97947,0.00000
9.81000,1.98000,0.02054,0.97946,0.00000
10.01000,1.98000,0.01312,0.98688,0.00000
10.21000,1.98000,0.01064,0.98936,0.00000
10.41000,1.98000,0.02995,0.97005,0.00000
10.61000,1.98000,0.07419,0.92581,0.00000
10.81000,1.98000,0.08464,0.91536,0.00000
11.01000,1.98000,0.10063,0.89937,0.00000
11.21000,1.98000,0.14394,0.85606,0.00000
11.41000,1.98000,0.19037,0.80963,0.00000
11.61000,1.98000,0.14348,0.85651,0.00000
11.81000,1.98000,0.17169,0.82831,0.00000
12.01000,1.98000,0.06971,0.93029,0.00000
12.21000,1.98000,0.03155,0.96845,0.00000
12.41000,1.98000,0.04854,0.95146,0.00000
12.61000,1.98000,0.06957,0.93043,0.00000
12.81000,1.98000,0.04555,0.95444,0.00000
13.01000,1.98000,0.05809,0.94191,0.00000
13.21000,1.98000,0.02699,0.97301,0.00000
13.41000,1.98000,0.00835,0.99165,0.00000
13.61000,1.98000,0.00772,0.99228,0.00000
13.81000,1.98000,0.01601,0.98399,0.00000
14.01000,1.98000,0.04886,0.95114,0.00000
14.21000,1.98000,0.05547,0.94452,0.00000
14.41000,1.98000,0.05546,0.94454,0.00000
14.61000,1.98000,0.09875,0.90125,0.00000
14.81000,1.98000,0.10075,0.89925,0.00000
15.01000,1.98000,0.13562,0.86437,0.00001
15.21000,1.98000,0.06281,0.93718,0.00001
15.41000,1.98000,0.02153,0.97847,0.00000
15.61000,1.98000,0.01781,0.98219,0.00000
15.81000,1.98000,0.02030,0.97969,0.00000
16.01000,1.98000,0.02123,0.97876,0.00001
16.21000,1.98000,0.02154,0.97845,0.00001
16.41000,1.98000,0.03716,0.96284,0.00000
16.61000,1.98000,0.01235,0.98765,0.00000
16.81000,1.98000,0.00666,0.99334,0.00000
17.01000,1.98000,0.00709,0.99290,0.00000
17.21000,1.98000,0.02657,0.97343,0.00000
17.41000,1.98000,0.05320,0.94679,0.00000
17.61000,1.98000,0.05822,0.94178,0.00000
17.81000,1.98000,0.07654,0.92345,0.00000
18.01000,1.98000,0.05794,0.94205,0.00001
18.21000,1.98000,0.03286,0.96713,0.00001
18.41000,1.98000,0.01935,0.98064,0.00001
18.61000,1.98000,0.00987,0.99013,0.00001
18.81000,1.98000,0.01343,0.98656,0.00001
19.01000,1.98000,0.02834,0.97165,0.00001
19.21000,1.98000,0.05816,0.94182,0.00001
19.41000,1.98000,0.05870,0.94127,0.00002
19.61000,1.98000,0.07216,0.92782,0.00002
19.81000,1.98000,0.02194,0.97805,0.00001
20.01000,1.98000,0.01718,0.98281,0.00001
20.21000,1.98000,0.03441,0.96558,0.00001
20.41000,1.98000,0.08482,0.91517,0.00001
20.61000,1.98000,0.09132,0.90867,0.00001
20.81000,1.98000,0.14831,0.85168,0.00001
21.01000,1.98000,0.25100,0.74900,0.00000
21.21000,1.98000,0.10520,0.89479,0.00001
21.41000,1.98000,0.06588,0.93411,0.00001
21.61000,1.98000,0.03340,0.96659,0.00001
21.81000,1.98000,0.02211,0.97788,0.00001
22.01000,1.98000,0.03057,0.96942,0.00000
22.21000,1.98000,0.04088,0.95912,0.00000
22.41000,1.98000,0.08507,0.91493,0.00000
22.61000,1.98000,0.07050,0.92949,0.00000
22.81000,1.98000,0.10155,0.89844,0.00000
23.01000,1.98000,0.01323,0.98677,0.00000
23.21000,1.98000,0.01306,0.98694,0.00000
23.41000,1.98000,0.03431,0.96568,0.00000
23.61000,1.98000,0.07105,0.92894,0.00000
23.81000,1.98000,0.07272,0.92728,0.00000
24.01000,1.98000,0.11093,0.88906,0.00000
24.21000,1.98000,0.19502,0.80498,0.00000
24.41000,1.98000,0.15350,0.84649,0.00000
24.61000,1.98000,0.08486,0.91514,0.00000
24.81000,1.98000,0.02959,0.97040,0.00000
25.01000,1.98000,0.01837,0.98163,0.00001
25.21000,1.98000,0.01943,0.98056,0.00000
25.41000,1.98000,0.03708,0.96292,0.00000
25.61000,1.98000,0.03344,0.96656,0.00000
25.81000,1.98000,0.02878,0.97122,0.00000
26.01000,1.98000,0.02774,0.97226,0.00000
26.21000,1.98000,0.04053,0.95947,0.00000
26.41000,1.98000,0.01761,0.98238,0.00000
26.61000,1.98000,0.05618,0.94382,0.00001
26.81000,1.98000,0.12354,0.87646,0.00001
27.01000,1.98000,0.17370,0.82630,0.00001
27.21000,1.98000,0.23817,0.76183,0.00000
27.41000,1.98000,0.26520,0.73479,0.00000
27.61000,1.98000,0.25096,0.74904,0.00000
27.81000,1.98000,0.19793,0.80206,0.00000
28.01000,1.98000,0.11237,0.88763,0.00001
28.21000,1.98000,0.02514,0.97485,0.00001
28.41000,1.98000,0.03145,0.96854,0.00001
28.61000,1.98000,0.06155,0.93845,0.00000
28.81000,1.98000,0.07772,0.92227,0.00000
29.01000,1.98000,0.11298,0.88702,0.00000
29.21000,1.98000,0.07413,0.92587,0.00000
29.41000,1.98000,0.03254,0.96746,0.00000
29.61000,1.98000,0.03326,0.96674,0.00001
29.81000,1.98000,0.07876,0.92123,0.00001
30.01000,1.98000,0.15270,0.84729,0.00001
30.21000,1.98000,0.13278,0.86722,0.00000
30.41000,1.98000,0.15347,0.84653,0.00000
30.61000,1.98000,0.09449,0.90551,0.00000
30.81000,1.98000,0.09200,0.90799,0.00000
31.01000,1.98000,0.02364,0.97636,0.00000
31.21000,1.98000,0.01207,0.98792,0.00001
31.41000,1.98000,0.00692,0.99307,0.00000
31.61000,1.98000,0.00707,0.99293,0.00000
31.81000,1.98000,0.01645,0.98355,0.00000
32.01000,1.98000,0.01499,0.98501,0.00000
32.21000,1.98000,0.01520,0.98480,0.00000
32.41000,1.98000,0.01399,0.98601,0.00000
32.61000,1.98000,0.00755,0.99245,0.00000
32.81000,1.98000,0.01209,0.98790,0.00000
33.01000,1.98000,0.03230,0.96770,0.00000
33.21000,1.98000,0.07110,0.92889,0.00001
33.41000,1.98000,0.06753,0.93247,0.00000
33.61000,1.98000,0.09363,0.90637,0.00000
33.81000,1.98000,0.06433,0.93566,0.00000
34.01000,1.98000,0.06618,0.93381,0.00001
34.21000,1.98000,0.02011,0.97988,0.00001
34.41000,1.98000,0.00703,0.99296,0.00000
34.61000,1.98000,0.00411,0.99589,0.00000
34.81000,1.98000,0.00564,0.99436,0.00000
35.01000,1.98000,0.01221,0.98778,0.00000
35.21000,1.98000,0.01798,0.98201,0.00000
35.41000,1.98000,0.02285,0.97714,0.00000
35.61000,1.98000,0.02764,0.97236,0.00000
35.81000,1.98000,0.01541,0.98459,0.00000
36.01000,1.98000,0.01899,0.98101,0.00000
36.21000,1.98000,0.05804,0.94196,0.00000
36.41000,1.98000,0.14119,0.85881,0.00001
36.61000,1.98000,0.15281,0.84718,0.00001
36.81000,1.98000,0.14541,0.85458,0.00000
37.01000,1.98000,0.11399,0.88601,0.00000
37.21000,1.98000,0.09115,0.90885,0.00000
37.41000,1.98000,0.06441,0.93559,0.00001
37.61000,1.98000,0.01981,0.98018,0.00001
37.81000,1.98000,0.01216,0.98783,0.00001
38.01000,1.98000,0.00837,0.99162,0.00001
38.21000,1.98000,0.01988,0.98011,0.00000
38.41000,1.98000,0.01782,0.98218,0.00000
38.61000,1.98000,0.01503,0.98497,0.00000
38.81000,1.98000,0.01658,0.98341,0.00000
39.01000,1.98000,0.01083,0.98917,0.00000
39.21000,1.98000,0.00611,0.99389,0.00000
39.41000,1.98000,0.01855,0.98144,0.00001
39.61000,1.98000,0.03272,0.96728,0.00000
39.81000,1.98000,0.05931,0.94068,0.00000
40.01000,1.98000,0.20872,0.79127,0.00000
40.21000,1.98000,0.08743,0.91257,0.00000
40.41000,1.98000,0.03988,0.96012,0.00000
40.61000,1.98000,0.02767,0.97233,0.00000
40.81000,1.98000,0.01008,0.98991,0.00000
41.01000,1.98000,0.00668,0.99332,0.00000
41.21000,1.98000,0.00994,0.99006,0.00000
41.41000,1.98000,0.02204,0.97795,0.00000
41.61000,1.98000,0.03129,0.96871,0.00000
41.81000,1.98000,0.07529,0.92471,0.00000
42.01000,1.98000,0.11651,0.88349,0.00000
42.21000,1.98000,0.13069,0.86931,0.00000
42.41000,1.98000,0.18185,0.81815,0.00000
42.61000,1.98000,0.32202,0.67798,0.00000
42.81000,1.98000,0.50027,0.49973,0.00000
43.01000,1.98000,0.60455,0.39545,0.00000
43.21000,1.98000,0.53019,0.46981,0.00000
43.41000,1.98000,0.55136,0.44864,0.00000
43.61000,1.98000,0.39046,0.60954,0.00000
43.81000,1.98000,0.16372,0.83627,0.00001
44.01000,1.98000,0.02347,0.97652,0.00001
44.21000,1.98000,0.01636,0.98364,0.00001
44.41000,1.98000,0.04278,0.95721,0.00000
44.61000,1.98000,0.01983,0.98016,0.00001
44.81000,1.98000,0.02525,0.97472,0.00003
45.01000,1.98000,0.04000,0.95987,0.00013
45.21000,1.98000,0.04453,0.95531,0.00016
45.41000,1.98000,0.07152,0.92826,0.00022
45.61000,1.98000,0.14739,0.85235,0.00026
45.81000,1.98000,0.15198,0.84790,0.00012
46.01000,1.98000,0.07231,0.92764,0.00004
46.21000,1.98000,0.07831,0.92166,0.00003
46.41000,1.98000,0.01142,0.98857,0.00001
46.61000,1.98000,0.00344,0.99656,0.00000
46.81000,1.98000,0.00308,0.99692,0.00000
47.01000,1.98000,0.00300,0.99699,0.00000
47.21000,1.98000,0.00431,0.99568,0.00000
47.41000,1.98000,0.00124,0.99875,0.00000
47.61000,1.98000,0.00109,0.99890,0.00001
47.81000,1.98000,0.00543,0.99456,0.00001
48.01000,1.98000,0.02237,0.97761,0.00002
48.21000,1.98000,0.02542,0.97456,0.00002
48.41000,1.98000,0.05797,0.94196,0.00007
48.61000,1.98000,0.04749,0.95242,0.00009
48.81000,1.98000,0.00995,0.99003,0.00002
49.01000,1.98000,0.00646,0.99354,0.00000
49.21000,1.98000,0.00546,0.99454,0.00000
49.41000,1.98000,0.00593,0.99406,0.00000
49.61000,1.98000,0.00778,0.99221,0.00001
49.81000,1.98000,0.00454,0.99544,0.00002
50.01000,1.98000,0.00326,0.99665,0.00009
50.21000,1.98000,0.01130,0.98854,0.00015
50.41000,1.98000,0.03401,0.96574,0.00025
50.61000,1.98000,0.07433,0.92525,0.00041
50.81000,1.98000,0.18938,0.80819,0.00243
51.01000,1.98000,0.11544,0.88315,0.00141
51.21000,1.98000,0.03995,0.95954,0.00051
51.41000,1.98000,0.01785,0.98206,0.00009
51.61000,1.98000,0.01612,0.98384,0.00004
51.81000,1.98000,0.01740,0.98257,0.00003
52.01000,1.98000,0.02353,0.97630,0.00017
52.21000,1.98000,0.01307,0.98682,0.00010
52.41000,1.98000,0.01050,0.98939,0.00011
52.61000,1.98000,0.02329,0.97664,0.00008
52.81000,1.98000,0.09555,0.90435,0.00010
53.01000,1.98000,0.11611,0.88380,0.00010
53.21000,1.98000,0.16942,0.83040,0.00018
53.41000,1.98000,0.10545,0.89439,0.00017
53.61000,1.98000,0.07058,0.92934,0.00008
53.81000,1.98000,0.03953,0.96045,0.00002
54.01000,1.98000,0.02410,0.97590,0.00000
54.21000,1.98000,0.02669,0.97331,0.00001
54.41000,1.98000,0.03171,0.96828,0.00001
54.61000,1.98000,0.02704,0.97294,0.00002
54.81000,1.98000,0.00663,0.99336,0.00002
55.01000,1.98000,0.02674,0.97321,0.00005
55.21000,1.98000,0.04864,0.95134,0.00002
55.41000,1.98000,0.09102,0.90895,0.00003
55.61000,1.98000,0.05463,0.94535,0.00002
55.81000,1.98000,0.03435,0.96564,0.00002
56.01000,1.98000,0.01433,0.98566,0.00001
56.21000,1.98000,0.00335,0.99665,0.00000
56.41000,1.98000,0.00221,0.99779,0.00000
56.61000,1.98000,0.00296,0.99704,0.00000
56.81000,1.98000,0.00202,0.99798,0.00000
57.01000,1.98000,0.00235,0.99765,0.00000
57.21000,1.98000,0.00179,0.99821,0.00000
57.41000,1.98000,0.00186,0.99814,0.00000
57.61000,1.98000,0.00466,0.99534,0.00000
57.81000,1.98000,0.02651,0.97348,0.00001
58.01000,1.98000,0.07400,0.92598,0.00001
58.21000,1.98000,0.05778,0.94220,0.00002
58.41000,1.98000,0.03581,0.96418,0.00001
58.61000,1.98000,0.00803,0.99196,0.00000
58.81000,1.98000,0.00145,0.99855,0.00000
59.01000,1.98000,0.00042,0.99958,0.00000
59.21000,1.98000,0.00065,0.99935,0.00000
59.41000,1.98000,0.00059,0.99941,0.00000
59.61000,1.98000,0.00081,0.99919,0.00000
59.81000,1.98000,0.00062,0.99938,0.00000
60.01000,1.98000,0.00064,0.99936,0.00000
60.21000,1.98000,0.00171,0.99828,0.00000
60.41000,1.98000,0.00485,0.99515,0.00001
60.61000,1.98000,0.03810,0.96188,0.00002
60.81000,1.98000,0.10283,0.89712,0.00004
61.01000,1.98000,0.17679,0.82313,0.00008
61.21000,1.98000,0.05095,0.94898,0.00007
61.41000,1.98000,0.01977,0.98021,0.00002
61.61000,1.98000,0.01604,0.98395,0.00001
61.81000,1.98000,0.01024,0.98976,0.00000
62.01000,1.98000,0.01543,0.98457,0.00000
62.21000,1.98000,0.01435,0.98564,0.00001
62.41000,1.98000,0.03268,0.96731,0.00001
62.61000,1.98000,0.01137,0.98857,0.00005
62.81000,1.98000,0.01438,0.98557,0.00005
63.01000,1.98000,0.06482,0.93514,0.00005
63.21000,1.98000,0.08542,0.91453,0.00006
63.41000,1.98000,0.08111,0.91885,0.00004
63.61000,1.98000,0.02967,0.97030,0.00003
63.81000,1.98000,0.02398,0.97599,0.00003
64.01000,1.98000,0.01127,0.98872,0.00001
64.21000,1.98000,0.00698,0.99302,0.00000
64.41000,1.98000,0.00664,0.99336,0.00000
64.61000,1.98000,0.00788,0.99212,0.00000
64.81000,1.98000,0.01354,0.98646,0.00000
65.01000,1.98000,0.00327,0.99673,0.00000
65.21000,1.98000,0.00418,0.99581,0.00000
65.41000,1.98000,0.03248,0.96751,0.00001
65.61000,1.98000,0.09068,0.90928,0.00004
65.81000,1.98000,0.10254,0.89743,0.00003
66.01000,1.98000,0.15047,0.84941,0.00012
66.21000,1.98000,0.06829,0.93161,0.00010
66.41000,1.98000,0.02298,0.97699,0.00003
66.61000,1.98000,0.02387,0.97612,0.00001
66.81000,1.98000,0.02139,0.97861,0.00000
67.01000,1.98000,0.03145,0.96854,0.00000
67.21000,1.98000,0.05191,0.94809,0.00001
67.41000,1.98000,0.01479,0.98520,0.00001
67.61000,1.98000,0.01067,0.98930,0.00003
67.81000,1.98000,0.03080,0.96916,0.00005
68.01000,1.98000,0.06041,0.93954,0.00005
68.21000,1.98000,0.17592,0.82399,0.00009
68.41000,1.98000,0.18928,0.81050,0.00022
68.61000,1.98000,0.08133,0.91820,0.00047
68.81000,1.98000,0.36742,0.62728,0.00530
69.01000,1.98000,0.39898,0.58556,0.01546
69.21000,1.98000,0.47582,0.49834,0.02584
69.41000,1.98000,0.31706,0.66888,0.01406
69.61000,1.98000,0.32635,0.65083,0.02281
69.81000,1.98000,0.14028,0.85237,0.00735
70.01000,1.98000,0.16563,0.82414,0.01023
70.21000,1.98000,0.09939,0.89240,0.00820
70.41000,1.98000,0.04376,0.95478,0.00146
70.61000,1.98000,0.21525,0.78400,0.00076
70.81000,1.98000,0.16315,0.83665,0.00020
71.01000,1.98000,0.01653,0.98346,0.00001
71.21000,1.98000,0.02312,0.97688,0.00000
71.41000,1.98000,0.02780,0.97220,0.00000
71.61000,1.98000,0.01320,0.98680,0.00000
71.81000,1.98000,0.01714,0.98286,0.00000
72.01000,1.98000,0.01039,0.98960,0.00000
72.21000,1.98000,0.01279,0.98721,0.00000
72.41000,1.98000,0.01306,0.98694,0.00000
72.61000,1.98000,0.00158,0.99842,0.00000
72.81000,1.98000,0.00126,0.99874,0.00000
73.01000,1.98000,0.00086,0.99914,0.00000
73.21000,1.98000,0.00067,0.99933,0.00000
73.41000,1.98000,0.00283,0.99717,0.00000
73.61000,1.98000,0.00482,0.99518,0.00000
73.81000,1.98000,0.00903,0.99097,0.00000
74.01000,1.98000,0.01302,0.98697,0.00001
74.21000,1.98000,0.02934,0.97063,0.00003
74.41000,1.98000,0.02465,0.97531,0.00004
74.61000,1.98000,0.03194,0.96796,0.00011
74.81000,1.98000,0.05301,0.94677,0.00023
75.01000,1.98000,0.04974,0.95013,0.00013
75.21000,1.98000,0.02305,0.97691,0.00005
75.41000,1.98000,0.00454,0.99544,0.00002
75.61000,1.98000,0.00192,0.99807,0.00001
75.81000,1.98000,0.00222,0.99777,0.00001
76.01000,1.98000,0.00291,0.99708,0.00000
76.21000,1.98000,0.00615,0.99385,0.00000
76.41000,1.98000,0.00774,0.99226,0.00000
76.61000,1.98000,0.00931,0.99068,0.00000
76.81000,1.98000,0.00798,0.99201,0.00000
77.01000,1.98000,0.01361,0.98638,0.00001
77.21000,1.98000,0.01560,0.98437,0.00004
77.41000,1.98000,0.02204,0.97791,0.00005
77.61000,1.98000,0.01978,0.98016,0.00006
77.81000,1.98000,0.01919,0.98079,0.00002
78.01000,1.98000,0.00220,0.99779,0.00001
78.21000,1.98000,0.00200,0.99799,0.00001
78.41000,1.98000,0.00419,0.99580,0.00001
78.61000,1.98000,0.00900,0.99095,0.00005
78.81000,1.98000,0.02893,0.97085,0.00022
79.01000,1.98000,0.02320,0.97659,0.00021
79.21000,1.98000,0.04158,0.95746,0.00096
79.41000,1.98000,0.02802,0.97111,0.00087
79.61000,1.98000,0.05331,0.94551,0.00118
79.81000,1.98000,0.15782,0.83599,0.00619
80.01000,1.98000,0.30223,0.68481,0.01296
80.21000,1.98000,0.15595,0.82597,0.01808
80.41000,1.98000,0.15665,0.82193,0.02143
80.61000,1.98000,0.09458,0.89741,0.00801
80.81000,1.98000,0.06944,0.92748,0.00307
81.01000,1.98000,0.05051,0.94815,0.00134
81.21000,1.98000,0.05299,0.94636,0.00064
81.41000,1.98000,0.04336,0.95626,0.00037
81.61000,1.98000,0.05894,0.94085,0.00021
81.81000,1.98000,0.03280,0.96694,0.00025
82.01000,1.98000,0.03970,0.95987,0.00043
82.21000,1.98000,0.05104,0.94848,0.00048
82.41000,1.98000,0.02326,0.97661,0.00013
82.61000,1.98000,0.01922,0.98065,0.00013
82.81000,1.98000,0.02955,0.97029,0.00016
83.01000,1.98000,0.02680,0.97311,0.00009
83.21000,1.98000,0.02503,0.97489,0.00007
83.41000,1.98000,0.01966,0.98030,0.00005
83.61000,1.98000,0.01541,0.98451,0.00008
83.81000,1.98000,0.01702,0.98294,0.00005
84.01000,1.98000,0.01307,0.98691,0.00002
84.21000,1.98000,0.00507,0.99493,0.00000
84.41000,1.98000,0.01195,0.98805,0.00000
84.61000,1.98000,0.02001,0.97998,0.00000
84.81000,1.98000,0.01983,0.98016,0.00001
85.01000,1.98000,0.02573,0.97425,0.00002
85.21000,1.98000,0.02058,0.97940,0.00002
85.41000,1.98000,0.02207,0.97792,0.00001
85.61000,1.98000,0.00321,0.99678,0.00000
85.81000,1.98000,0.00182,0.99818,0.00000
86.01000,1.98000,0.00783,0.99216,0.00000
86.21000,1.98000,0.09218,0.90781,0.00001
86.41000,1.98000,0.19832,0.80168,0.00000
86.61000,1.98000,0.19829,0.80170,0.00000
86.81000,1.98000,0.25743,0.74257,0.00000
87.01000,1.98000,0.36486,0.63513,0.00000
87.21000,1.98000,0.39836,0.60163,0.00001
87.41000,1.98000,0.43749,0.56249,0.00002
87.61000,1.98000,0.49035,0.50962,0.00003
87.81000,1.98000,0.50058,0.49941,0.00002
88.01000,1.98000,0.18837,0.81163,0.00001
88.21000,1.98000,0.01854,0.98145,0.00001
88.41000,1.98000,0.00235,0.99764,0.00000
88.61000,1.98000,0.00813,0.99187,0.00000
88.81000,1.98000,0.02408,0.97591,0.00001
89.01000,1.98000,0.04511,0.95487,0.00001
89.21000,1.98000,0.04379,0.95620,0.00001
89.41000,1.98000,0.07120,0.92879,0.00001
89.61000,1.98000,0.16511,0.83486,0.00002
89.81000,1.98000,0.19872,0.80116,0.00012
90.01000,1.98000,0.26333,0.73648,0.00019
90.21000,1.98000,0.24363,0.75617,0.00020
90.41000,1.98000,0.25627,0.74361,0.00012
90.61000,1.98000,0.03356,0.96639,0.00005
90.81000,1.98000,0.01744,0.98251,0.00006
91.01000,1.98000,0.02179,0.97817,0.00004
91.21000,1.98000,0.03430,0.96563,0.00007
91.41000,1.98000,0.03808,0.96188,0.00004
91.61000,1.98000,0.03313,0.96686,0.00002
91.81000,1.98000,0.04821,0.95175,0.00003
92.01000,1.98000,0.05949,0.94044,0.00007
92.21000,1.98000,0.07639,0.92346,0.00015
92.41000,1.98000,0.07039,0.92950,0.00011
92.61000,1.98000,0.04717,0.95276,0.00007
92.81000,1.98000,0.03607,0.96389,0.00004
93.01000,1.98000,0.01815,0.98183,0.00002
93.21000,1.98000,0.01092,0.98907,0.00001
93.41000,1.98000,0.01454,0.98544,0.00002
93.61000,1.98000,0.01861,0.98137,0.00002
93.81000,1.98000,0.01484,0.98516,0.00001
94.01000,1.98000,0.00833,0.99167,0.00000
94.21000,1.98000,0.01848,0.98152,0.00001
94.41000,1.98000,0.06087,0.93911,0.00002
94.61000,1.98000,0.16585,0.83408,0.00008
94.81000,1.98000,0.38812,0.61180,0.00007
95.01000,1.98000,0.41258,0.58737,0.00005
95.21000,1.98000,0.07296,0.92701,0.00003
95.41000,1.98000,0.03147,0.96850,0.00003
95.61000,1.98000,0.01846,0.98153,0.00002
95.81000,1.98000,0.01529,0.98470,0.00001
96.01000,1.98000,0.03476,0.96523,0.00001
96.21000,1.98000,0.00785,0.99215,0.00000
96.41000,1.98000,0.00391,0.99609,0.00000
96.61000,1.98000,0.00169,0.99831,0.00000
96.81000,1.98000,0.00112,0.99888,0.00000
97.01000,1.98000,0.00304,0.99696,0.00000
97.21000,1.98000,0.00378,0.99622,0.00000
97.41000,1.98000,0.00358,0.99642,0.00000
97.61000,1.98000,0.00633,0.99367,0.00001
97.81000,1.98000,0.00842,0.99157,0.00001
98.01000,1.98000,0.00404,0.99595,0.00000
98.21000,1.98000,0.01106,0.98892,0.00002
98.41000,1.98000,0.05616,0.94380,0.00004
98.61000,1.98000,0.04518,0.95479,0.00003
98.81000,1.98000,0.02222,0.97776,0.00002
99.01000,1.98000,0.00366,0.99633,0.00000
99.21000,1.98000,0.00121,0.99879,0.00000
99.41000,1.98000,0.00062,0.99938,0.00000
99.61000,1.98000,0.00021,0.99979,0.00000
99.81000,1.98000,0.00049,0.99951,0.00000
100.01000,1.98000,0.00053,0.99947,0.00000
100.21000,1.98000,0.00022,0.99978,0.00000
100.41000,1.98000,0.00008,0.99992,0.00000
100.61000,1.98000,0.00013,0.99987,0.00000
100.81000,1.98000,0.00047,0.99953,0.00000
101.01000,1.98000,0.00210,0.99790,0.00000
101.21000,1.98000,0.00313,0.99686,0.00000
101.41000,1.98000,0.00861,0.99139,0.00001
101.61000,1.98000,0.02487,0.97512,0.00001
101.81000,1.98000,0.00568,0.99431,0.00001
102.01000,1.98000,0.00386,0.99613,0.00000
102.21000,1.98000,0.00684,0.99316,0.00000
102.41000,1.98000,0.00629,0.99370,0.00001
102.61000,1.98000,0.00344,0.99655,0.00001
102.81000,1.98000,0.00181,0.99819,0.00000
103.01000,1.98000,0.00301,0.99698,0.00000
103.21000,1.98000,0.04198,0.95801,0.00001
103.41000,1.98000,0.02989,0.97009,0.00002
103.61000,1.98000,0.02382,0.97617,0.00001
103.81000,1.98000,0.01761,0.98238,0.00001
104.01000,1.98000,0.01721,0.98278,0.00001
104.21000,1.98000,0.01189,0.98811,0.00000
104.41000,1.98000,0.02440,0.97559,0.00000
104.61000,1.98000,0.03057,0.96942,0.00001
104.81000,1.98000,0.03006,0.96993,0.00000
105.01000,1.98000,0.01578,0.98422,0.00000
105.21000,1.98000,0.00695,0.99305,0.00000
105.41000,1.98000,0.02201,0.97798,0.00000
105.61000,1.98000,0.13619,0.86379,0.00002
105.81000,1.98000,0.14579,0.85419,0.00002
106.01000,1.98000,0.15873,0.84126,0.00001
106.21000,1.98000,0.04757,0.95242,0.00001
106.41000,1.98000,0.02400,0.97600,0.00000
106.61000,1.98000,0.05376,0.94624,0.00000
106.81000,1.98000,0.07290,0.92709,0.00001
107.01000,1.98000,0.06417,0.93583,0.00001
107.21000,1.98000,0.03304,0.96695,0.00000
107.41000,1.98000,0.01387,0.98613,0.00000
107.61000,1.98000,0.00908,0.99092,0.00000
107.81000,1.98000,0.00840,0.99159,0.00000
108.01000,1.98000,0.01268,0.98732,0.00000
108.21000,1.98000,0.01013,0.98987,0.00000
108.41000,1.98000,0.00958,0.99042,0.00000
108.61000,1.98000,0.00292,0.99708,0.00000
108.81000,1.98000,0.00377,0.99623,0.00000
109.01000,1.98000,0.01130,0.98870,0.00000
109.21000,1.98000,0.01763,0.98237,0.00000
109.41000,1.98000,0.01721,0.98279,0.00000
109.61000,1.98000,0.00641,0.99359,0.00000
109.81000,1.98000,0.00471,0.99529,0.00000
110.01000,1.98000,0.00965,0.99035,0.00000
110.21000,1.98000,0.02015,0.97985,0.00000
110.41000,1.98000,0.02015,0.97985,0.00000
110.61000,1.98000,0.02185,0.97815,0.00000
110.81000,1.98000,0.00749,0.99251,0.00000
111.01000,1.98000,0.00126,0.99874,0.00000
111.21000,1.98000,0.00062,0.99938,0.00000
111.41000,1.98000,0.00174,0.99826,0.00000
111.61000,1.98000,0.00571,0.99429,0.00000
111.81000,1.98000,0.00823,0.99177,0.00000
112.01000,1.98000,0.00284,0.99716,0.00000
112.21000,1.98000,0.00121,0.99879,0.00000
112.41000,1.98000,0.00203,0.99797,0.00000
112.61000,1.98000,0.00974,0.99026,0.00000
112.81000,1.98000,0.05525,0.94474,0.00001
113.01000,1.98000,0.22512,0.77487,0.00001
113.21000,1.98000,0.23989,0.76010,0.00001
113.41000,1.98000,0.06216,0.93783,0.00001
113.61000,1.98000,0.01392,0.98607,0.00000
113.81000,1.98000,0.00840,0.99160,0.00000
114.01000,1.98000,0.01512,0.98488,0.00000
114.21000,1.98000,0.04947,0.95052,0.00000
114.41000,1.98000,0.06082,0.93918,0.00000
114.61000,1.98000,0.02437,0.97563,0.00000
114.81000,1.98000,0.00686,0.99314,0.00000
115.01000,1.98000,0.00208,0.99792,0.00000
115.21000,1.98000,0.00784,0.99216,0.00000
115.41000,1.98000,0.03985,0.96013,0.00002
115.61000,1.98000,0.37205,0.62792,0.00003
115.81000,1.98000,0.55086,0.44910,0.00005
116.01000,1.98000,0.40191,0.59804,0.00004
116.21000,1.98000,0.13679,0.86320,0.00001
116.41000,1.98000,0.06050,0.93949,0.00000
116.61000,1.98000,0.05529,0.94471,0.00000
116.81000,1.98000,0.12692,0.87307,0.00000
117.01000,1.98000,0.20641,0.79359,0.00000
117.21000,1.98000,0.13545,0.86454,0.00001
117.41000,1.98000,0.03410,0.96589,0.00000
117.61000,1.98000,0.00281,0.99719,0.00000
117.81000,1.98000,0.00323,0.99676,0.00000
118.01000,1.98000,0.01028,0.98971,0.00001
118.21000,1.98000,0.08566,0.91431,0.00004
118.41000,1.98000,0.38592,0.61399,0.00009
118.61000,1.98000,0.34922,0.65068,0.00010
118.81000,1.98000,0.09531,0.90466,0.00003
119.01000,1.98000,0.02962,0.97038,0.00001
119.21000,1.98000,0.04044,0.95956,0.00001
119.41000,1.98000,0.07995,0.92003,0.00002
119.61000,1.98000,0.12789,0.87205,0.00006
119.81000,1.98000,0.09059,0.90936,0.00005
120.01000,1.98000,0.04003,0.95994,0.00002
120.21000,1.98000,0.00757,0.99242,0.00001
120.41000,1.98000,0.00292,0.99707,0.00001
120.61000,1.98000,0.02535,0.97462,0.00003
120.81000,1.98000,0.23137,0.76857,0.00006
121.01000,1.98000,0.31099,0.68898,0.00003
121.21000,1.98000,0.15969,0.84030,0.00001
121.41000,1.98000,0.04492,0.95508,0.00000
121.61000,1.98000,0.00953,0.99047,0.00000
121.81000,1.98000,0.01199,0.98801,0.00000
122.01000,1.98000,0.01473,0.98527,0.00000
122.21000,1.98000,0.02089,0.97911,0.00000
122.41000,1.98000,0.02635,0.97365,0.00000
122.61000,1.98000,0.00625,0.99375,0.00000
122.81000,1.98000,0.00207,0.99792,0.00000
123.01000,1.98000,0.00841,0.99159,0.00000
123.21000,1.98000,0.02059,0.97939,0.00002
123.41000,1.98000,0.02607,0.97390,0.00003
123.61000,1.98000,0.04114,0.95880,0.00006
123.81000,1.98000,0.05777,0.94216,0.00008
124.01000,1.98000,0.05550,0.94443,0.00007
124.21000,1.98000,0.04619,0.95376,0.00005
124.41000,1.98000,0.04653,0.95340,0.00007
124.61000,1.98000,0.02156,0.97841,0.00003
124.81000,1.98000,0.02462,0.97537,0.00001
125.01000,1.98000,0.01764,0.98235,0.00001
125.21000,1.98000,0.06067,0.93930,0.00003
125.41000,1.98000,0.20388,0.79607,0.00004
125.61000,1.98000,0.08645,0.91353,0.00002
125.81000,1.98000,0.06209,0.93789,0.00001
126.01000,1.98000,0.02685,0.97315,0.00000
126.21000,1.98000,0.02929,0.97071,0.00000
126.41000,1.98000,0.08793,0.91206,0.00001
126.61000,1.98000,0.11690,0.88304,0.00005
126.81000,1.98000,0.06621,0.93376,0.00002
127.01000,1.98000,0.02605,0.97394,0.00001
127.21000,1.98000,0.01044,0.98955,0.00001
127.41000,1.98000,0.02572,0.97426,0.00003
127.61000,1.98000,0.04899,0.95096,0.00005
127.81000,1.98000,0.02783,0.97214,0.00003
128.00999,1.98001,0.02002,0.97997,0.00002
128.21001,1.98000,0.00707,0.99293,0.00000
128.41000,1.98000,0.00287,0.99713,0.00000
128.61000,1.98000,0.00609,0.99390,0.00000
128.81000,1.98000,0.00937,0.99063,0.00000
129.00999,1.98001,0.00978,0.99021,0.00001
129.21001,1.98000,0.00701,0.99298,0.00001
129.41000,1.98000,0.00142,0.99858,0.00000
129.61000,1.98000,0.00310,0.99689,0.00001
129.81000,1.98000,0.00413,0.99581,0.00005
130.00999,1.98001,0.00476,0.99501,0.00023
130.21001,1.98000,0.01105,0.98817,0.00078
130.41000,1.98000,0.02088,0.97712,0.00200
130.61000,1.98000,0.03273,0.96556,0.00171
130.81000,1.98000,0.04340,0.95605,0.00055
131.00999,1.98001,0.08121,0.91794,0.00084
131.21001,1.98000,0.14084,0.85831,0.00085
131.41000,1.98000,0.16635,0.83341,0.00024
131.61000,1.98000,0.15522,0.84459,0.00018
131.81000,1.98000,0.21810,0.78146,0.00044
132.00999,1.98001,0.29115,0.70856,0.00029
132.21001,1.98000,0.29424,0.70556,0.00020
132.41000,1.98000,0.03319,0.96680,0.00001
132.61000,1.98000,0.00678,0.99321,0.00001
132.81000,1.98000,0.00415,0.99584,0.00001
133.00999,1.98001,0.00800,0.99197,0.00002
133.21001,1.98000,0.01279,0.98710,0.00011
133.41000,1.98000,0.01661,0.98245,0.00094
133.61000,1.98000,0.00981,0.99010,0.00009
133.81000,1.98000,0.00672,0.99327,0.00002
134.00999,1.98001,0.01100,0.98899,0.00001
134.21001,1.98000,0.07092,0.92905,0.00003
134.41000,1.98000,0.16676,0.83300,0.00023
134.61000,1.98000,0.14113,0.85874,0.00012
134.81000,1.98000,0.11446,0.88549,0.00005
135.00999,1.98001,0.23757,0.76236,0.00007
135.21001,1.98000,0.26064,0.73935,0.00001
135.41000,1.98000,0.27602,0.72390,0.00008
135.61000,1.98000,0.31589,0.68375,0.00036
135.81000,1.98000,0.35550,0.64443,0.00007
136.00999,1.98001,0.35651,0.64345,0.00004
136.21001,1.98000,0.23581,0.76418,0.00001
136.41000,1.98000,0.47494,0.52505,0.00001
136.61000,1.98000,0.51539,0.48459,0.00002
136.81000,1.98000,0.34174,0.65824,0.00001
137.00999,1.98001,0.14234,0.85764,0.00001
137.21001,1.98000,0.02236,0.97764,0.00000
137.41000,1.98000,0.00613,0.99387,0.00000
137.61000,1.98000,0.01441,0.98559,0.00000
137.81000,1.98000,0.01220,0.98779,0.00002
138.00999,1.98001,0.01077,0.98919,0.00004
138.21001,1.98000,0.00857,0.99142,0.00001
138.41000,1.98000,0.00438,0.99562,0.00000
138.61000,1.98000,0.00346,0.99654,0.00000
138.81000,1.98000,0.00647,0.99353,0.00000
139.00999,1.98001,0.03017,0.96983,0.00000
139.21001,1.98000,0.04121,0.95879,0.00000
139.41000,1.98000,0.05043,0.94956,0.00000
139.61000,1.98000,0.02521,0.97479,0.00000
139.81000,1.98000,0.01854,0.98146,0.00000
140.00999,1.98001,0.06288,0.93712,0.00001
140.21001,1.98000,0.05467,0.94530,0.00003
140.41000,1.98000,0.05475,0.94519,0.00006
140.61000,1.98000,0.05458,0.94537,0.00005
140.81000,1.98000,0.04328,0.95671,0.00001
141.00999,1.98001,0.01701,0.98299,0.00000
141.21001,1.98000,0.03005,0.96995,0.00000
141.41000,1.98000,0.06375,0.93625,0.00000
141.61000,1.98000,0.03657,0.96343,0.00000
141.81000,1.98000,0.04464,0.95536,0.00000
142.00999,1.98001,0.01415,0.98585,0.00000
142.21001,1.98000,0.01335,0.98664,0.00000
142.41000,1.98000,0.02724,0.97275,0.00001
142.61000,1.98000,0.03479,0.96519,0.00002
142.81000,1.98000,0.05299,0.94697,0.00004
143.00999,1.98001,0.04185,0.95812,0.00003
143.21001,1.98000,0.03560,0.96439,0.00001
143.41000,1.98000,0.03217,0.96781,0.00002
143.61000,1.98000,0.08272,0.91725,0.00003
143.81000,1.98000,0.09179,0.90817,0.00004
144.00999,1.98001,0.09926,0.90070,0.00003
144.21001,1.98000,0.15792,0.84203,0.00005
144.41000,1.98000,0.09894,0.90103,0.00002
144.61000,1.98000,0.11370,0.88617,0.00013
144.81000,1.98000,0.17333,0.82637,0.00029
145.00999,1.98001,0.10382,0.89493,0.00125
145.21001,1.98000,0.04688,0.95297,0.00015
145.41000,1.98000,0.02834,0.97154,0.00012
145.61000,1.98000,0.04370,0.95616,0.00015
145.81000,1.98000,0.02938,0.97061,0.00002
146.00999,1.98001,0.01973,0.98027,0.00000
146.21001,1.98000,0.02181,0.97819,0.00000
146.41000,1.98000,0.01633,0.98367,0.00000
146.61000,1.98000,0.01075,0.98925,0.00000
146.81000,1.98000,0.00807,0.99193,0.00000
147.00999,1.98001,0.00327,0.99673,0.00000
147.21001,1.98000,0.00298,0.99702,0.00000
147.41000,1.98000,0.00525,0.99475,0.00000
147.61000,1.98000,0.00705,0.99295,0.00000
147.81000,1.98000,0.00938,0.99062,0.00000
148.00999,1.98001,0.00993,0.99007,0.00000
148.21001,1.98000,0.01057,0.98942,0.00000
148.41000,1.98000,0.00689,0.99311,0.00000
148.61000,1.98000,0.01185,0.98815,0.00000
148.81000,1.98000,0.03304,0.96695,0.00000
149.00999,1.98001,0.12539,0.87460,0.00001
149.21001,1.98000,0.11237,0.88762,0.00000
149.41000,1.98000,0.07910,0.92090,0.00000
149.61000,1.98000,0.13229,0.86771,0.00000
149.81000,1.98000,0.09341,0.90654,0.00004
150.00999,1.98001,0.05067,0.94930,0.00003
150.21001,1.98000,0.03169,0.96830,0.00001
150.41000,1.98000,0.03602,0.96397,0.00001
150.61000,1.98000,0.05816,0.94184,0.00001
150.81000,1.98000,0.04231,0.95768,0.00001
151.00999,1.98001,0.03821,0.96178,0.00000
151.21001,1.98000,0.03362,0.96638,0.00000
151.41000,1.98000,0.03233,0.96767,0.00000
151.61000,1.98000,0.01755,0.98245,0.00000
151.81000,1.98000,0.02304,0.97696,0.00000
152.00999,1.98001,0.01711,0.98289,0.00000
152.21001,1.98000,0.13522,0.86470,0.00008
152.41000,1.98000,0.17010,0.82984,0.00006
152.61000,1.98000,0.15832,0.84163,0.00005
152.81000,1.98000,0.15478,0.84506,0.00016
153.00999,1.98001,0.12470,0.87483,0.00047
153.21001,1.98000,0.15349,0.84357,0.00294
153.41000,1.98000,0.21010,0.78721,0.00269
153.61000,1.98000,0.21474,0.78410,0.00116
153.81000,1.98000,0.45767,0.53971,0.00262
154.00999,1.98001,0.19735,0.80250,0.00015
154.21001,1.98000,0.12344,0.87651,0.00005
154.41000,1.98000,0.12093,0.87889,0.00018
154.61000,1.98000,0.04365,0.95622,0.00013
154.81000,1.98000,0.02496,0.97500,0.00003
155.00999,1.98001,0.03670,0.96327,0.00003
155.21001,1.98000,0.11556,0.88440,0.00004
155.41000,1.98000,0.06564,0.93433,0.00003
155.61000,1.98000,0.05844,0.94154,0.00002
155.81000,1.98000,0.06428,0.93569,0.00003
156.00999,1.98001,0.08163,0.91834,0.00003
156.21001,1.98000,0.04467,0.95532,0.00001
156.41000,1.98000,0.11433,0.88566,0.00000
156.61000,1.98000,0.26663,0.73336,0.00001
156.81000,1.98000,0.18675,0.81323,0.00001
157.00999,1.98001,0.10884,0.89116,0.00000
157.21001,1.98000,0.03593,0.96407,0.00000
157.41000,1.98000,0.01995,0.98005,0.00000
157.61000,1.98000,0.03357,0.96643,0.00000
157.81000,1.98000,0.10134,0.89866,0.00000
158.00999,1.98001,0.12585,0.87415,0.00000
158.21001,1.98000,0.13935,0.86065,0.00000
158.41000,1.98000,0.07411,0.92589,0.00000
158.61000,1.98000,0.10585,0.89415,0.00000
158.81000,1.98000,0.26150,0.73850,0.00000
159.00999,1.98001,0.30309,0.69691,0.00000
159.21001,1.98000,0.23001,0.76999,0.00000
159.41000,1.98000,0.12917,0.87083,0.00000
159.61000,1.98000,0.04252,0.95748,0.00000
159.81000,1.98000,0.02865,0.97135,0.00000
160.00999,1.98001,0.03498,0.96502,0.00000
160.21001,1.98000,0.05166,0.94834,0.00000
160.41000,1.98000,0.05019,0.94981,0.00000
160.61000,1.98000,0.05144,0.94856,0.00000
160.81000,1.98000,0.06747,0.93253,0.00000
161.00999,1.98001,0.07266,0.92734,0.00000
161.21001,1.98000,0.09507,0.90493,0.00000
161.41000,1.98000,0.09086,0.90914,0.00000
161.61000,1.98000,0.06367,0.93632,0.00000
161.81000,1.98000,0.10899,0.89100,0.00000
162.00999,1.98001,0.05100,0.94899,0.00001
162.21001,1.98000,0.05277,0.94723,0.00000
162.41000,1.98000,0.05031,0.94969,0.00000
162.61000,1.98000,0.06427,0.93572,0.00000
162.81000,1.98000,0.04515,0.95485,0.00000
163.00999,1.98001,0.06413,0.93587,0.00000
163.21001,1.98000,0.06600,0.93399,0.00000
163.41000,1.98000,0.05919,0.94080,0.00001
163.61000,1.98000,0.07839,0.92161,0.00000
163.81000,1.98000,0.07168,0.92831,0.00000
164.00999,1.98001,0.24443,0.75557,0.00001
164.21001,1.98000,0.17254,0.82745,0.00001
164.41000,1.98000,0.13843,0.86156,0.00000
164.61000,1.98000,0.12766,0.87234,0.00000
164.81000,1.98000,0.17165,0.82835,0.00000
165.00999,1.98001,0.17460,0.82540,0.00000
165.21001,1.98000,0.18529,0.81471,0.00000
165.41000,1.98000,0.20129,0.79871,0.00000
165.61000,1.98000,0.15171,0.84829,0.00000
165.81000,1.98000,0.08968,0.91032,0.00000
166.00999,1.98001,0.04969,0.95031,0.00000
166.21001,1.98000,0.05325,0.94674,0.00001
166.41000,1.98000,0.06252,0.93747,0.00001
166.61000,1.98000,0.08577,0.91419,0.00004
166.81000,1.98000,0.05603,0.94395,0.00003
167.00999,1.98001,0.08390,0.91605,0.00005
167.21001,1.98000,0.09968,0.90026,0.00006
167.41000,1.98000,0.10510,0.89482,0.00008
167.61000,1.98000,0.07281,0.92714,0.00005
167.81000,1.98000,0.12875,0.87121,0.00003
168.00999,1.98001,0.05016,0.94980,0.00003
168.21001,1.98000,0.08412,0.91575,0.00013
168.41000,1.98000,0.08514,0.91475,0.00012
168.61000,1.98000,0.15196,0.84798,0.00006
168.81000,1.98000,0.12362,0.87615,0.00023
169.00999,1.98001,0.24479,0.75501,0.00021
169.21001,1.98000,0.48740,0.51220,0.00041
169.41000,1.98000,0.61294,0.38678,0.00029
169.61000,1.98000,0.58893,0.41094,0.00013
169.81000,1.98000,0.51570,0.48423,0.00006
170.00999,1.98001,0.50568,0.49432,0.00001
170.21001,1.98000,0.25792,0.74207,0.00000
170.41000,1.98000,0.27037,0.72963,0.00000
170.61000,1.98000,0.14057,0.85943,0.00000
170.81000,1.98000,0.14818,0.85181,0.00000
171.00999,1.98001,0.09329,0.90670,0.00001
171.21001,1.98000,0.10069,0.89928,0.00004
171.41000,1.98000,0.10088,0.89874,0.00038
171.61000,1.98000,0.16601,0.83058,0.00342
171.81000,1.98000,0.23137,0.74200,0.02663
172.00999,1.98001,0.34461,0.35270,0.30269
172.21001,1.98000,0.23721,0.30910,0.45368
172.41000,1.98000,0.18753,0.16524,0.64723
172.61000,1.98000,0.21897,0.16418,0.61685
172.81000,1.98000,0.38820,0.20091,0.41089
173.00999,1.98001,0.32661,0.41718,0.25622
173.21001,1.98000,0.21497,0.71260,0.07243
173.41000,1.98000,0.07768,0.89839,0.02393
173.61000,1.98000,0.01476,0.98403,0.00121
173.81000,1.98000,0.00314,0.99668,0.00018
174.00999,1.98001,0.00193,0.99804,0.00003
174.21001,1.98000,0.00164,0.99836,0.00000
174.41000,1.98000,0.00130,0.99870,0.00000
174.61000,1.98000,0.00129,0.99871,0.00000
174.81000,1.98000,0.00119,0.99881,0.00000
175.00999,1.98001,0.00281,0.99719,0.00000
175.21001,1.98000,0.00878,0.99122,0.00000
175.41000,1.98000,0.01276,0.98724,0.00000
175.61000,1.98000,0.02057,0.97942,0.00001
175.81000,1.98000,0.01924,0.98076,0.00000
176.00999,1.98001,0.01606,0.98393,0.00000
176.21001,1.98000,0.01842,0.98157,0.00001
176.41000,1.98000,0.01566,0.98432,0.00002
176.61000,1.98000,0.01111,0.98888,0.00001
176.81000,1.98000,0.01642,0.98357,0.00001
177.00999,1.98001,0.00823,0.99176,0.00000
177.21001,1.98000,0.03831,0.96168,0.00001
177.41000,1.98000,0.06056,0.93942,0.00002
177.61000,1.98000,0.07383,0.92614,0.00002
177.81000,1.98000,0.13153,0.86845,0.00002
178.00999,1.98001,0.06421,0.93578,0.00000
178.21001,1.98000,0.02118,0.97881,0.00000
178.41000,1.98000,0.02337,0.97663,0.00001
178.61000,1.98000,0.02300,0.97700,0.00001
178.81000,1.98000,0.01128,0.98872,0.00000
179.00999,1.98001,0.02792,0.97207,0.00001
179.21001,1.98000,0.03109,0.96890,0.00001
179.41000,1.98000,0.03572,0.96426,0.00002
179.61000,1.98000,0.02669,0.97328,0.00003
179.81000,1.98000,0.06733,0.93251,0.00016
180.00999,1.98001,0.12624,0.87356,0.00020
180.21001,1.98000,0.09917,0.90063,0.00020
180.41000,1.98000,0.11037,0.88912,0.00051
180.61000,1.98000,0.15357,0.84560,0.00083
180.81000,1.98000,0.18090,0.81824,0.00086
181.00999,1.98001,0.08910,0.91050,0.00039
181.21001,1.98000,0.03226,0.96759,0.00015
181.41000,1.98000,0.02193,0.97800,0.00007
181.61000,1.98000,0.00996,0.99002,0.00001
181.81000,1.98000,0.00997,0.99002,0.00001
182.00999,1.98001,0.04601,0.95395,0.00005
182.21001,1.98000,0.04457,0.95537,0.00006
182.41000,1.98000,0.07190,0.92807,0.00003
182.61000,1.98000,0.05576,0.94423,0.00002
182.81000,1.98000,0.04891,0.95107,0.00002
183.00999,1.98001,0.03666,0.96333,0.00001
183.21001,1.98000,0.07065,0.92931,0.00003
183.41000,1.98000,0.13530,0.86464,0.00006
183.61000,1.98000,0.25284,0.74710,0.00006
183.81000,1.98000,0.14597,0.85391,0.00012
184.00999,1.98001,0.11221,0.88762,0.00017
184.21001,1.98000,0.17316,0.82667,0.00016
184.41000,1.98000,0.13032,0.86957,0.00010
184.61000,1.98000,0.05377,0.94615,0.00008
184.81000,1.98000,0.05391,0.94588,0.00021
185.00999,1.98001,0.02168,0.97826,0.00007
185.21001,1.98000,0.06105,0.93883,0.00012
185.41000,1.98000,0.08376,0.91572,0.00052
185.61000,1.98000,0.08223,0.91669,0.00108
185.81000,1.98000,0.08751,0.91177,0.00072
186.00999,1.98001,0.09024,0.90862,0.00114
186.21001,1.98000,0.11605,0.88218,0.00177
186.41000,1.98000,0.15566,0.83565,0.00869
186.61000,1.98000,0.22584,0.76149,0.01268
186.81000,1.98000,0.19844,0.79423,0.00732
187.00999,1.98001,0.18259,0.80658,0.01083
187.21001,1.98000,0.04817,0.95021,0.00162
187.41000,1.98000,0.05196,0.94731,0.00073
187.61000,1.98000,0.07661,0.92309,0.00030
187.81000,1.98000,0.07489,0.92494,0.00018
188.00999,1.98001,0.07318,0.92674,0.00008
188.21001,1.98000,0.03060,0.96936,0.00004
188.41000,1.98000,0.02222,0.97777,0.00001
188.61000,1.98000,0.01730,0.98269,0.00001
188.81000,1.98000,0.01125,0.98874,0.00001
189.00999,1.98001,0.00865,0.99134,0.00001
189.21001,1.98000,0.01735,0.98265,0.00001
189.41000,1.98000,0.03621,0.96378,0.00001
189.61000,1.98000,0.01224,0.98774,0.00001
189.81000,1.98000,0.01591,0.98406,0.00003
190.00999,1.98001,0.01105,0.98892,0.00003
190.21001,1.98000,0.01025,0.98974,0.00001
190.41000,1.98000,0.00859,0.99140,0.00002
190.61000,1.98000,0.01452,0.98547,0.00001
190.81000,1.98000,0.03636,0.96361,0.00003
191.00999,1.98001,0.17236,0.82761,0.00004
191.21001,1.98000,0.06457,0.93538,0.00005
191.41000,1.98000,0.04886,0.95102,0.00012
191.61000,1.98000,0.08296,0.91687,0.00016
191.81000,1.98000,0.09682,0.90312,0.00006
192.00999,1.98001,0.03044,0.96953,0.00003
192.21001,1.98000,0.02942,0.97051,0.00007
192.41000,1.98000,0.04537,0.95459,0.00004
192.61000,1.98000,0.05887,0.94110,0.00002
192.81000,1.98000,0.20511,0.79488,0.00001
193.00999,1.98001,0.23999,0.76001,0.00000
193.21001,1.98000,0.24682,0.75318,0.00000
193.41000,1.98000,0.23330,0.76670,0.00000
193.61000,1.98000,0.09603,0.90397,0.00000
193.81000,1.98000,0.11496,0.88504,0.00000
194.00999,1.98001,0.09339,0.90661,0.00000
194.21001,1.98000,0.15700,0.84299,0.00000
194.41000,1.98000,0.08786,0.91214,0.00000
194.61000,1.98000,0.01917,0.98083,0.00000
194.81000,1.98000,0.01265,0.98734,0.00001
195.00999,1.98001,0.00897,0.99095,0.00008
195.21001,1.98000,0.01257,0.98731,0.00011
195.41000,1.98000,0.01072,0.98919,0.00009
195.61000,1.98000,0.00549,0.99438,0.00014
195.81000,1.98000,0.01262,0.98714,0.00025
196.00999,1.98001,0.01810,0.98151,0.00039
196.21001,1.98000,0.08096,0.91740,0.00163
196.41000,1.98000,0.15217,0.84426,0.00357
196.61000,1.98000,0.08172,0.91781,0.00047
196.81000,1.98000,0.07349,0.92617,0.00034
197.00999,1.98001,0.08507,0.91460,0.00033
197.21001,1.98000,0.07407,0.92556,0.00037
197.41000,1.98000,0.06464,0.93506,0.00030
197.61000,1.98000,0.07409,0.92574,0.00017
197.81000,1.98000,0.04452,0.95522,0.00027
198.00999,1.98001,0.01074,0.98923,0.00003
198.21001,1.98000,0.05058,0.94935,0.00007
198.41000,1.98000,0.16478,0.83507,0.00014
198.61000,1.98000,0.27322,0.72663,0.00016
198.81000,1.98000,0.19145,0.80769,0.00086
199.00999,1.98001,0.13127,0.86815,0.00057
199.21001,1.98000,0.17398,0.82506,0.00096
199.41000,1.98000,0.08108,0.91865,0.00027
199.61000,1.98000,0.02915,0.97062,0.00023
199.81000,1.98000,0.04557,0.95420,0.00023
200.00999,1.98001,0.05607,0.94387,0.00005
200.21001,1.98000,0.03921,0.96073,0.00006
200.41000,1.98000,0.02010,0.97983,0.00007
200.61000,1.98000,0.01172,0.98822,0.00006
200.81000,1.98000,0.01428,0.98563,0.00009
201.00999,1.98001,0.02017,0.97967,0.00016
201.21001,1.98000,0.01949,0.98027,0.00024
201.41000,1.98000,0.06139,0.93765,0.00096
201.61000,1.98000,0.06967,0.92946,0.00087
201.81000,1.98000,0.10144,0.89752,0.00103
202.00999,1.98001,0.17184,0.82730,0.00086
202.21001,1.98000,0.17134,0.82820,0.00045
202.41000,1.98000,0.18945,0.80988,0.00068
202.61000,1.98000,0.14345,0.85612,0.00042
202.81000,1.98000,0.17326,0.82622,0.00052
203.00999,1.98001,0.20751,0.79243,0.00005
203.21001,1.98000,0.14865,0.85118,0.00017
203.41000,1.98000,0.19403,0.80579,0.00018
203.61000,1.98000,0.27251,0.72739,0.00010
203.81000,1.98000,0.23134,0.76858,0.00007
204.00999,1.98001,0.18120,0.81875,0.00005
204.21001,1.98000,0.17509,0.82480,0.00011
204.41000,1.98000,0.18591,0.81397,0.00011
204.61000,1.98000,0.18861,0.81124,0.00015
204.81000,1.98000,0.21669,0.78322,0.00009
205.00999,1.98001,0.20747,0.79235,0.00018
205.21001,1.98000,0.08996,0.90977,0.00028
205.41000,1.98000,0.03290,0.96698,0.00012
205.61000,1.98000,0.01863,0.98131,0.00006
205.81000,1.98000,0.02678,0.97313,0.00009
206.00999,1.98001,0.04080,0.95897,0.00023
206.21001,1.98000,0.03702,0.96252,0.00046
206.41000,1.98000,0.05659,0.94258,0.00083
206.61000,1.98000,0.08234,0.91733,0.00033
206.81000,1.98000,0.04778,0.95196,0.00025
207.00999,1.98001,0.03832,0.96120,0.00048
207.21001,1.98000,0.02078,0.97902,0.00020
207.41000,1.98000,0.06715,0.93274,0.00011
207.61000,1.98000,0.06372,0.93583,0.00045
207.81000,1.98000,0.11735,0.88181,0.00084
208.00999,1.98001,0.10661,0.89178,0.00161
208.21001,1.98000,0.13578,0.86115,0.00307
208.41000,1.98000,0.15133,0.84701,0.00166
208.61000,1.98000,0.09445,0.90261,0.00294
208.81000,1.98000,0.04198,0.95571,0.00231
209.00999,1.98001,0.03389,0.96578,0.00033
209.21001,1.98000,0.19317,0.80493,0.00190
209.41000,1.98000,0.11167,0.88574,0.00258
209.61000,1.98000,0.11401,0.88514,0.00085
209.81000,1.98000,0.08212,0.91689,0.00099
210.00999,1.98001,0.13583,0.86367,0.00050
210.21001,1.98000,0.10291,0.89694,0.00015
210.41000,1.98000,0.03146,0.96836,0.00018
210.61000,1.98000,0.04277,0.95713,0.00010
210.81000,1.98000,0.10259,0.89734,0.00008
211.00999,1.98001,0.03567,0.96429,0.00004
211.21001,1.98000,0.04032,0.95964,0.00004
211.41000,1.98000,0.07389,0.92598,0.00013
211.61000,1.98000,0.09064,0.90918,0.00019
211.81000,1.98000,0.06901,0.93066,0.00033
212.00999,1.98001,0.07790,0.92162,0.00048
212.21001,1.98000,0.21402,0.78579,0.00019
212.41000,1.98000,0.22187,0.77809,0.00004
212.61000,1.98000,0.23420,0.76576,0.00004
212.81000,1.98000,0.27454,0.72537,0.00008
213.00999,1.98001,0.19730,0.80259,0.00011
213.21001,1.98000,0.06988,0.93010,0.00002
213.41000,1.98000,0.01461,0.98538,0.00001
213.61000,1.98000,0.01078,0.98921,0.00001
213.81000,1.98000,0.02344,0.97656,0.00000
214.00999,1.98001,0.02801,0.97198,0.00000
214.21001,1.98000,0.03643,0.96357,0.00000
214.41000,1.98000,0.02161,0.97838,0.00000
214.61000,1.98000,0.02243,0.97756,0.00001
214.81000,1.98000,0.02959,0.97040,0.00001
215.00999,1.98001,0.01625,0.98374,0.00001
215.21001,1.98000,0.02277,0.97721,0.00002
215.41000,1.98000,0.00958,0.99041,0.00000
215.61000,1.98000,0.00541,0.99458,0.00000
215.81000,1.98000,0.00039,0.99960,0.00000
216.00999,1.98001,0.00097,0.99901,0.00001
216.21001,1.98000,0.00124,0.99874,0.00003
216.41000,1.98000,0.00183,0.99815,0.00002
216.61000,1.98000,0.00238,0.99761,0.00002
216.81000,1.98000,0.00355,0.99643,0.00002
217.00999,1.98001,0.01445,0.98552,0.00003
217.21001,1.98000,0.06083,0.93909,0.00008
217.41000,1.98000,0.31613,0.68378,0.00009
217.61000,1.98000,0.49145,0.50810,0.00045
217.81000,1.98000,0.34052,0.65836,0.00112
218.00999,1.98001,0.21648,0.78322,0.00030
218.21001,1.98000,0.09578,0.90415,0.00007
218.41000,1.98000,0.05016,0.94966,0.00018
218.61000,1.98000,0.07565,0.92430,0.00005
218.81000,1.98000,0.06839,0.93158,0.00003
219.00999,1.98001,0.08382,0.91612,0.00006
219.21001,1.98000,0.10368,0.89621,0.00011
219.41000,1.98000,0.02068,0.97928,0.00004
219.61000,1.98000,0.02485,0.97512,0.00003
219.81000,1.98000,0.01165,0.98835,0.00001
220.00999,1.98001,0.01657,0.98343,0.00001
220.21001,1.98000,0.04242,0.95757,0.00001
220.41000,1.98000,0.02762,0.97236,0.00002
220.61000,1.98000,0.01651,0.98345,0.00004
220.81000,1.98000,0.03473,0.96494,0.00033
221.00999,1.98001,0.01951,0.98018,0.00031
221.21001,1.98000,0.02534,0.97403,0.00063
221.41000,1.98000,0.03959,0.96014,0.00027
221.61000,1.98000,0.05632,0.94350,0.00018
221.81000,1.98000,0.25862,0.74106,0.00032
222.00999,1.98001,0.24419,0.75570,0.00011
222.21001,1.98000,0.12045,0.87944,0.00010
222.41000,1.98000,0.10025,0.89966,0.00010
222.61000,1.98000,0.06209,0.93778,0.00013
222.81000,1.98000,0.01621,0.98373,0.00005
223.00999,1.98001,0.05048,0.94934,0.00018
223.21001,1.98000,0.05662,0.94334,0.00004
223.41000,1.98000,0.11688,0.88307,0.00005
223.61000,1.98000,0.16551,0.83444,0.00004
223.81000,1.98000,0.10276,0.89701,0.00023
224.00999,1.98001,0.04220,0.95757,0.00023
224.21001,1.98000,0.06559,0.93400,0.00041
224.41000,1.98000,0.05598,0.94384,0.00018
224.61000,1.98000,0.16078,0.83909,0.00012
224.81000,1.98000,0.22397,0.77591,0.00012
225.00999,1.98001,0.17585,0.82400,0.00015
225.21001,1.98000,0.17419,0.82554,0.00026
225.41000,1.98000,0.12890,0.87065,0.00044
225.61000,1.98000,0.02139,0.97857,0.00005
225.81000,1.98000,0.02994,0.97001,0.00005
226.00999,1.98001,0.05608,0.94387,0.00005
226.21001,1.98000,0.04746,0.95251,0.00003
226.41000,1.98000,0.02990,0.97005,0.00005
226.61000,1.98000,0.01670,0.98323,0.00007
226.81000,1.98000,0.02829,0.97168,0.00003
227.00999,1.98001,0.01005,0.98993,0.00002
227.21001,1.98000,0.01151,0.98847,0.00002
227.41000,1.98000,0.00936,0.99062,0.00002
227.61000,1.98000,0.02601,0.97395,0.00004
227.81000,1.98000,0.06246,0.93742,0.00012
228.00999,1.98001,0.07974,0.91903,0.00123
228.21001,1.98000,0.07366,0.92135,0.00499
228.41000,1.98000,0.05049,0.93775,0.01176
228.61000,1.98000,0.10178,0.89175,0.00647
228.81000,1.98000,0.05831,0.92523,0.01646
229.00999,1.98001,0.08632,0.89743,0.01625
229.21001,1.98000,0.20991,0.75302,0.03707
229.41000,1.98000,0.47081,0.47235,0.05685
229.61000,1.98000,0.52611,0.46088,0.01302
229.81000,1.98000,0.40823,0.54799,0.04378
230.00999,1.98001,0.52537,0.42088,0.05375
230.21001,1.98000,0.68621,0.29613,0.01766
230.41000,1.98000,0.65761,0.34109,0.00131
230.61000,1.98000,0.60182,0.39776,0.00042
230.81000,1.98000,0.42711,0.57236,0.00053
231.00999,1.98001,0.10160,0.89813,0.00027
231.21001,1.98000,0.01606,0.98383,0.00011
231.41000,1.98000,0.00830,0.99166,0.00003
231.61000,1.98000,0.00466,0.99534,0.00001
231.81000,1.98000,0.00293,0.99706,0.00000
232.00999,1.98001,0.00185,0.99815,0.00000
232.21001,1.98000,0.00178,0.99822,0.00000
232.41000,1.98000,0.00207,0.99793,0.00000
232.61000,1.98000,0.00188,0.99812,0.00000
232.81000,1.98000,0.00326,0.99674,0.00000
233.00999,1.98001,0.00506,0.99493,0.00000
233.21001,1.98000,0.00544,0.99455,0.00001
233.41000,1.98000,0.00492,0.99508,0.00000
233.61000,1.98000,0.01665,0.98335,0.00000
233.81000,1.98000,0.01325,0.98674,0.00000
234.00999,1.98001,0.02784,0.97216,0.00000
234.21001,1.98000,0.06033,0.93967,0.00001
234.41000,1.98000,0.04421,0.95579,0.00001
234.61000,1.98000,0.01997,0.98003,0.00000
234.81000,1.98000,0.02493,0.97507,0.00000
235.00999,1.98001,0.20563,0.79437,0.00000
235.21001,1.98000,0.16386,0.83613,0.00000
235.41000,1.98000,0.07985,0.92015,0.00000
235.61000,1.98000,0.00363,0.99637,0.00000
235.81000,1.98000,0.00164,0.99836,0.00000
236.00999,1.98001,0.00151,0.99849,0.00000
236.21001,1.98000,0.00067,0.99933,0.00000
236.41000,1.98000,0.00078,0.99922,0.00000
236.61000,1.98000,0.00208,0.99792,0.00000
236.81000,1.98000,0.00084,0.99915,0.00000
237.00999,1.98001,0.00024,0.99976,0.00000
237.21001,1.98000,0.00015,0.99985,0.00000
237.41000,1.98000,0.00158,0.99842,0.00000
237.61000,1.98000,0.01173,0.98826,0.00001
237.81000,1.98000,0.00553,0.99447,0.00000
238.00999,1.98001,0.00544,0.99456,0.00000
238.21001,1.98000,0.00630,0.99370,0.00000
238.41000,1.98000,0.00719,0.99281,0.00000
238.61000,1.98000,0.00055,0.99945,0.00000
238.81000,1.98000,0.00022,0.99978,0.00000
239.00999,1.98001,0.00016,0.99984,0.00000
239.21001,1.98000,0.00057,0.99943,0.00000
239.41000,1.98000,0.00025,0.99975,0.00000
239.61000,1.98000,0.00026,0.99974,0.00000
239.81000,1.98000,0.00022,0.99978,0.00000
240.00999,1.98001,0.00024,0.99976,0.00000
240.21001,1.98000,0.00008,0.99992,0.00000
240.41000,1.98000,0.00006,0.99994,0.00000
240.61000,1.98000,0.00019,0.99981,0.00000
240.81000,1.98000,0.00104,0.99896,0.00000
241.00999,1.98001,0.00187,0.99813,0.00000
241.21001,1.98000,0.00101,0.99899,0.00000
241.41000,1.98000,0.00114,0.99886,0.00000
241.61000,1.98000,0.00198,0.99802,0.00000
241.81000,1.98000,0.00061,0.99939,0.00000
242.00999,1.98001,0.00010,0.99990,0.00000
242.21001,1.98000,0.00019,0.99981,0.00000
242.41000,1.98000,0.00176,0.99824,0.00000
242.61000,1.98000,0.00254,0.99746,0.00000
242.81000,1.98000,0.00133,0.99867,0.00000
243.00999,1.98001,0.00128,0.99872,0.00000
243.21001,1.98000,0.00174,0.99826,0.00000
243.41000,1.98000,0.00152,0.99848,0.00000
243.61000,1.98000,0.00075,0.99925,0.00000
243.81000,1.98000,0.00050,0.99950,0.00000
244.00999,1.98001,0.00134,0.99866,0.00000
244.21001,1.98000,0.00231,0.99769,0.00000
244.41000,1.98000,0.00297,0.99703,0.00000
244.61000,1.98000,0.00827,0.99170,0.00004
244.81000,1.98000,0.01261,0.98727,0.00012
245.00999,1.98001,0.02274,0.97631,0.00095
245.21001,1.98000,0.00653,0.99293,0.00054
245.41000,1.98000,0.00847,0.99036,0.00117
245.61000,1.98000,0.05315,0.94488,0.00197
245.81000,1.98000,0.13654,0.85806,0.00540
246.00999,1.98001,0.29881,0.69501,0.00618
246.21001,1.98000,0.23049,0.76651,0.00300
246.41000,1.98000,0.22354,0.77558,0.00088
246.61000,1.98000,0.09684,0.90272,0.00044
246.81000,1.98000,0.03032,0.96952,0.00015
247.00999,1.98001,0.04901,0.95064,0.00035
247.21001,1.98000,0.16413,0.83529,0.00058
247.41000,1.98000,0.12094,0.87889,0.00017
247.61000,1.98000,0.10314,0.89675,0.00011
247.81000,1.98000,0.20689,0.79302,0.00009
248.00999,1.98001,0.16270,0.83703,0.00027
248.21001,1.98000,0.15411,0.84544,0.00044
248.41000,1.98000,0.02997,0.96978,0.00025
248.61000,1.98000,0.06265,0.93688,0.00047
248.81000,1.98000,0.06252,0.93571,0.00177
249.00999,1.98001,0.04924,0.95044,0.00032
249.21001,1.98000,0.04584,0.95392,0.00024
249.41000,1.98000,0.04365,0.95593,0.00043
249.61000,1.98000,0.05172,0.94781,0.00047
249.81000,1.98000,0.03169,0.96751,0.00080
250.00999,1.98001,0.03413,0.96472,0.00116
250.21001,1.98000,0.07199,0.92421,0.00381
250.41000,1.98000,0.13692,0.84887,0.01420
250.61000,1.98000,0.16448,0.82615,0.00937
250.81000,1.98000,0.14438,0.85263,0.00299
251.00999,1.98001,0.16535,0.81010,0.02455
251.21001,1.98000,0.16495,0.80926,0.02579
251.41000,1.98000,0.19058,0.76488,0.04454
251.61000,1.98000,0.15751,0.80983,0.03266
251.81000,1.98000,0.13173,0.84379,0.02448
252.00999,1.98001,0.07876,0.88410,0.03714
252.21001,1.98000,0.09243,0.88326,0.02431
252.41000,1.98000,0.08801,0.90315,0.00884
252.61000,1.98000,0.07786,0.90610,0.01604
252.81000,1.98000,0.09582,0.88150,0.02268
253.00999,1.98001,0.10012,0.88687,0.01302
253.21001,1.98000,0.08778,0.89990,0.01232
253.41000,1.98000,0.07026,0.91540,0.01434
253.61000,1.98000,0.06831,0.91313,0.01856
253.81000,1.98000,0.08195,0.90407,0.01398
254.00999,1.98001,0.11420,0.88088,0.00492
254.21001,1.98000,0.05270,0.94101,0.00630
254.41000,1.98001,0.08472,0.90281,0.01247
254.61000,1.98000,0.08942,0.90510,0.00548
254.81000,1.98001,0.10040,0.89508,0.00452
255.00999,1.98000,0.08239,0.91162,0.00599
255.21001,1.98000,0.07678,0.91587,0.00735
255.41000,1.98001,0.09735,0.89933,0.00333
255.61000,1.98000,0.17292,0.82578,0.00130
255.81000,1.98001,0.09729,0.90169,0.00101
256.01001,1.97998,0.13760,0.85936,0.00303
256.20999,1.98001,0.13709,0.85893,0.00398
256.41000,1.98001,0.14142,0.85335,0.00523
256.60999,1.98001,0.15098,0.84315,0.00587
256.81000,1.98001,0.11185,0.87413,0.01403
257.01001,1.97998,0.15977,0.82148,0.01875
257.20999,1.98001,0.17216,0.82186,0.00598
257.41000,1.98001,0.24735,0.74512,0.00753
257.60999,1.98001,0.20835,0.78304,0.00861
257.81000,1.98001,0.18296,0.80556,0.01147
258.01001,1.97998,0.17396,0.82073,0.00531
258.20999,1.98001,0.12180,0.87603,0.00217
258.41000,1.98001,0.02951,0.96971,0.00078
258.60999,1.98001,0.02873,0.97066,0.00060
258.81000,1.98001,0.02718,0.97244,0.00038
259.01001,1.97998,0.02837,0.97104,0.00059
259.20999,1.98001,0.01814,0.98164,0.00021
259.41000,1.98001,0.01525,0.98469,0.00006
259.60999,1.98001,0.01604,0.98391,0.00005
259.81000,1.98001,0.01612,0.98381,0.00008
260.01001,1.97998,0.01500,0.98494,0.00006
260.20999,1.98001,0.05519,0.94466,0.00015
260.41000,1.98001,0.04953,0.95029,0.00018
260.60999,1.98001,0.05256,0.94719,0.00025
260.81000,1.98001,0.04700,0.95283,0.00017
261.01001,1.97998,0.05612,0.94341,0.00047
261.20999,1.98001,0.05709,0.94228,0.00064
261.41000,1.98001,0.04657,0.95307,0.00036
261.60999,1.98001,0.04433,0.95520,0.00047
261.81000,1.98001,0.04290,0.95591,0.00120
262.01001,1.97998,0.05137,0.94494,0.00369
262.20999,1.98001,0.09760,0.88808,0.01432
262.41000,1.98001,0.07132,0.90777,0.02091
262.60999,1.98001,0.08900,0.89834,0.01266
262.81000,1.98001,0.09906,0.89561,0.00532
263.01001,1.97998,0.10733,0.88361,0.00906
263.20999,1.98001,0.07486,0.91570,0.00944
263.41000,1.98001,0.10106,0.84094,0.05800
263.60999,1.98001,0.11542,0.83480,0.04978
263.81000,1.98001,0.12295,0.83537,0.04168
264.01001,1.97998,0.11333,0.87332,0.01335
264.20999,1.98001,0.10129,0.88671,0.01201
264.41000,1.98001,0.09479,0.89226,0.01295
264.60999,1.98001,0.07927,0.89891,0.02182
264.81000,1.98001,0.09740,0.89145,0.01114
265.01001,1.97998,0.04809,0.94276,0.00916
265.20999,1.98001,0.06205,0.92551,0.01244
265.41000,1.98001,0.03543,0.92332,0.04125
265.60999,1.98001,0.01917,0.92952,0.05131
265.81000,1.98001,0.01463,0.97045,0.01492
266.01001,1.97998,0.01349,0.92081,0.06570
266.20999,1.98001,0.02416,0.94915,0.02669
266.41000,1.98001,0.02881,0.95429,0.01690
266.60999,1.98001,0.03229,0.95127,0.01644
266.81000,1.98001,0.03105,0.89637,0.07258
267.01001,1.97998,0.04190,0.86589,0.09222
267.20999,1.98001,0.04385,0.94211,0.01404
267.41000,1.98001,0.14733,0.84189,0.01078
267.60999,1.98001,0.12930,0.85864,0.01206
267.81000,1.98001,0.09273,0.90210,0.00517
268.01001,1.97998,0.13714,0.86148,0.00138
268.20999,1.98001,0.13175,0.86641,0.00184
268.41000,1.98001,0.07820,0.91866,0.00314
268.60999,1.98001,0.07540,0.92218,0.00242
268.81000,1.98001,0.07379,0.92488,0.00133
269.01001,1.97998,0.07135,0.92791,0.00074
269.20999,1.98001,0.08019,0.91864,0.00118
269.41000,1.98001,0.22812,0.77112,0.00076
269.60999,1.98001,0.38194,0.61744,0.00061
269.81000,1.98001,0.36801,0.63052,0.00148
270.01001,1.97998,0.39297,0.60158,0.00544
270.20999,1.98001,0.24194,0.75353,0.00453
270.41000,1.98001,0.13160,0.86658,0.00182
270.60999,1.98001,0.06378,0.93540,0.00082
270.81000,1.98001,0.06564,0.93347,0.00089
271.01001,1.97998,0.05828,0.94002,0.00170
271.20999,1.98001,0.06427,0.93506,0.00067
271.41000,1.98001,0.02039,0.97889,0.00072
271.60999,1.98001,0.01562,0.98345,0.00093
271.81000,1.98001,0.01151,0.98765,0.00084
272.01001,1.97998,0.00340,0.99641,0.00019
272.20999,1.98001,0.00210,0.99779,0.00011
272.41000,1.98001,0.00387,0.99597,0.00016
272.60999,1.98001,0.00458,0.99518,0.00025
272.81000,1.98001,0.00508,0.99455,0.00037
273.01001,1.97998,0.00449,0.99509,0.00043
273.20999,1.98001,0.00514,0.99459,0.00027
273.41000,1.98001,0.00602,0.99259,0.00140
273.60999,1.98001,0.00481,0.99416,0.00102
273.81000,1.98001,0.00430,0.99514,0.00057
274.01001,1.97998,0.00522,0.99409,0.00069
274.20999,1.98001,0.02395,0.97220,0.00385
274.41000,1.98001,0.03279,0.95290,0.01431
274.60999,1.98001,0.06182,0.91799,0.02019
274.81000,1.98001,0.10025,0.89255,0.00720
275.01001,1.97998,0.25866,0.73865,0.00269
275.20999,1.98001,0.15715,0.84078,0.00208
275.41000,1.98001,0.08501,0.91457,0.00042
275.60999,1.98001,0.08423,0.91526,0.00051
275.81000,1.98001,0.08966,0.90987,0.00046
276.01001,1.97998,0.13557,0.86409,0.00034
276.20999,1.98001,0.15585,0.84397,0.00017
276.41000,1.98001,0.11177,0.88807,0.00016
276.60999,1.98001,0.07750,0.92238,0.00011
276.81000,1.98001,0.04396,0.95593,0.00012
277.01001,1.97998,0.02162,0.97828,0.00010
277.20999,1.98001,0.01347,0.98640,0.00013
277.41000,1.98001,0.01185,0.98786,0.00029
277.60999,1.98001,0.02994,0.96975,0.00030
277.81000,1.98001,0.06725,0.93259,0.00016
278.01001,1.97998,0.05041,0.94949,0.00010
278.20999,1.98001,0.03813,0.96177,0.00010
278.41000,1.98001,0.03992,0.96003,0.00005
278.60999,1.98001,0.02554,0.97436,0.00009
278.81000,1.98001,0.01760,0.98223,0.00017
279.01001,1.97998,0.04415,0.95350,0.00235
279.20999,1.98001,0.08099,0.91573,0.00328
279.41000,1.98001,0.14693,0.84572,0.00735
279.60999,1.98001,0.06597,0.91933,0.01469
279.81000,1.98001,0.01012,0.97844,0.01144
280.01001,1.97998,0.00436,0.98902,0.00662
280.20999,1.98001,0.00434,0.98923,0.00643
280.41000,1.98001,0.00577,0.97885,0.01539
280.60999,1.98001,0.00629,0.98528,0.00843
280.81000,1.98001,0.00972,0.98307,0.00722
281.01001,1.97998,0.00379,0.99554,0.00067
281.20999,1.98001,0.00549,0.99350,0.00102
281.41000,1.98001,0.00741,0.99219,0.00041
281.60999,1.98001,0.01472,0.98513,0.00014
281.81000,1.98001,0.01757,0.98237,0.00006
282.01001,1.97998,0.01778,0.98202,0.00021
282.20999,1.98001,0.01466,0.98523,0.00011
282.41000,1.98001,0.01007,0.98989,0.00004
282.60999,1.98001,0.03197,0.96798,0.00005
282.81000,1.98001,0.03684,0.96310,0.00006
283.01001,1.97998,0.02181,0.97816,0.00003
283.20999,1.98001,0.00966,0.99031,0.00003
283.41000,1.98001,0.00787,0.99212,0.00002
283.60999,1.98001,0.03973,0.96023,0.00004
283.81000,1.98001,0.04537,0.95450,0.00013
284.01001,1.97998,0.03960,0.96034,0.00007
284.20999,1.98001,0.04768,0.95225,0.00007
284.41000,1.98001,0.04448,0.95549,0.00003
284.60999,1.98001,0.00654,0.99345,0.00001
284.81000,1.98001,0.00252,0.99747,0.00001
285.01001,1.97998,0.00338,0.99660,0.00002
285.20999,1.98001,0.00945,0.99050,0.00005
285.41000,1.98001,0.02644,0.97348,0.00008
285.60999,1.98001,0.01736,0.98257,0.00006
285.81000,1.98001,0.01765,0.98230,0.00004
286.01001,1.97998,0.01056,0.98940,0.00003
286.20999,1.98001,0.00492,0.99506,0.00003
286.41000,1.98001,0.00197,0.99801,0.00001
286.60999,1.98001,0.00234,0.99764,0.00002
286.81000,1.98001,0.00401,0.99596,0.00003
287.01001,1.97998,0.00356,0.99644,0.00001
287.20999,1.98001,0.00328,0.99671,0.00001
287.41000,1.98001,0.00418,0.99580,0.00002
287.60999,1.98001,0.00306,0.99693,0.00001
287.81000,1.98001,0.00188,0.99811,0.00001
288.01001,1.97998,0.00303,0.99697,0.00001
288.20999,1.98001,0.00871,0.99128,0.00001
288.41000,1.98001,0.01446,0.98552,0.00002
288.60999,1.98001,0.02573,0.97421,0.00007
288.81000,1.98001,0.04564,0.95432,0.00004
289.01001,1.97998,0.17487,0.82506,0.00007
289.20999,1.98001,0.18330,0.81656,0.00014
289.41000,1.98001,0.09517,0.90474,0.00010
289.60999,1.98001,0.14503,0.85480,0.00017
289.81000,1.98001,0.21322,0.78650,0.00028
290.01001,1.97998,0.42137,0.57805,0.00058
290.20999,1.98001,0.65453,0.34435,0.00112
290.41000,1.98001,0.46708,0.53230,0.00062
290.60999,1.98001,0.26648,0.73326,0.00026
290.81000,1.98001,0.04038,0.95958,0.00005
291.01001,1.97998,0.00737,0.99260,0.00003
291.20999,1.98001,0.00732,0.99264,0.00004
291.41000,1.98001,0.00489,0.99509,0.00002
291.60999,1.98001,0.01145,0.98850,0.00005
291.81000,1.98001,0.00879,0.99118,0.00003
292.01001,1.97998,0.00216,0.99784,0.00000
292.20999,1.98001,0.00227,0.99773,0.00000
292.41000,1.98001,0.00317,0.99682,0.00001
292.60999,1.98001,0.01936,0.98056,0.00008
292.81000,1.98001,0.25973,0.73896,0.00131
293.01001,1.97998,0.12558,0.87412,0.00030
293.20999,1.98001,0.18814,0.81171,0.00015
293.41000,1.98001,0.55583,0.44407,0.00010
293.60999,1.98001,0.82610,0.17387,0.00003
