Time (seconds), Duration (seconds),pred_(unlabeled),pred_On,pred_Off,pred_Dimmer,pred_Lighter
0.01000,1.98000,0.96472,0.00054,0.00173,0.01927,0.01373
0.21000,1.98000,0.98975,0.00034,0.00024,0.00352,0.00615
0.41000,1.98000,0.99698,0.00003,0.00031,0.00077,0.00191
0.61000,1.98000,0.99190,0.00094,0.00157,0.00296,0.00262
0.81000,1.98000,0.99236,0.00005,0.00385,0.00194,0.00181
1.01000,1.98000,0.98671,0.00009,0.00647,0.00466,0.00207
1.21000,1.98000,0.98628,0.00002,0.00807,0.00490,0.00074
1.41000,1.98000,0.99154,0.00004,0.00289,0.00520,0.00033
1.61000,1.98000,0.99391,0.00001,0.00404,0.00172,0.00032
1.81000,1.98000,0.99702,0.00000,0.00214,0.00076,0.00008
2.01000,1.98000,0.99873,0.00000,0.00108,0.00017,0.00002
2.21000,1.98000,0.99949,0.00000,0.00037,0.00013,0.00001
2.41000,1.98000,0.99933,0.00000,0.00039,0.00027,0.00001
2.61000,1.98000,0.99989,0.00000,0.00006,0.00005,0.00000
2.81000,1.98000,0.99981,0.00000,0.00011,0.00008,0.00000
3.01000,1.98000,0.99990,0.00000,0.00004,0.00005,0.00000
3.21000,1.98000,0.99904,0.00000,0.00034,0.00060,0.00001
3.41000,1.98000,0.99943,0.00000,0.00019,0.00037,0.00000
3.61000,1.98000,0.99971,0.00000,0.00009,0.00020,0.00000
3.81000,1.98000,0.99975,0.00000,0.00007,0.00018,0.00000
4.01000,1.98000,0.99985,0.00000,0.00005,0.00010,0.00000
4.21000,1.98000,0.99987,0.00000,0.00003,0.00010,0.00000
4.41000,1.98000,0.99998,0.00000,0.00001,0.00002,0.00000
4.61000,1.98000,0.99990,0.00000,0.00004,0.00006,0.00000
4.81000,1.98000,0.99981,0.00000,0.00007,0.00012,0.00000
5.01000,1.98000,0.99994,0.00000,0.00003,0.00003,0.00000
5.21000,1.98000,0.99974,0.00000,0.00010,0.00016,0.00000
5.41000,1.98000,0.99985,0.00000,0.00009,0.00006,0.00000
5.61000,1.98000,0.99993,0.00000,0.00004,0.00003,0.00000
5.81000,1.98000,0.99996,0.00000,0.00003,0.00001,0.00000
6.01000,1.98000,0.99989,0.00000,0.00007,0.00003,0.00001
6.21000,1.98000,0.99987,0.00000,0.00008,0.00004,0.00001
6.41000,1.98000,0.99745,0.00000,0.00151,0.00094,0.00009
6.61000,1.98000,0.99486,0.00000,0.00268,0.00202,0.00044
6.81000,1.98000,0.98482,0.00000,0.01042,0.00426,0.00051
7.01000,1.98000,0.98692,0.00000,0.00595,0.00619,0.00094
7.21000,1.98000,0.99802,0.00000,0.00135,0.00058,0.00004
7.41000,1.98000,0.99908,0.00000,0.00068,0.00024,0.00001
7.61000,1.98000,0.99925,0.00000,0.00058,0.00016,0.00000
7.81000,1.98000,0.99926,0.00000,0.00040,0.00034,0.00000
8.01000,1.98000,0.99918,0.00000,0.00041,0.00041,0.00000
8.21000,1.98000,0.99963,0.00000,0.00022,0.00015,0.00000
8.41000,1.98000,0.99993,0.00000,0.00003,0.00004,0.00000
8.61000,1.98000,0.99992,0.00000,0.00003,0.00005,0.00000
8.81000,1.98000,0.99994,0.00000,0.00002,0.00004,0.00000
9.01000,1.98000,0.99990,0.00000,0.00003,0.00007,0.00000
9.21000,1.98000,0.99993,0.00000,0.00003,0.00004,0.00000
9.41000,1.98000,0.99994,0.00000,0.00002,0.00003,0.00000
9.61000,1.98000,0.99998,0.00000,0.00001,0.00001,0.00000
9.81000,1.98000,0.99996,0.00000,0.00001,0.00003,0.00000
10.01000,1.98000,0.99998,0.00000,0.00001,0.00001,0.00000
10.21000,1.98000,0.99994,0.00000,0.00003,0.00002,0.00000
10.41000,1.98000,0.99992,0.00000,0.00003,0.00004,0.00001
10.61000,1.98000,0.99989,0.00000,0.00009,0.00000,0.00002
10.81000,1.98000,0.99605,0.00000,0.00311,0.00007,0.00077
11.01000,1.98000,0.96916,0.00001,0.02774,0.00005,0.00304
11.21000,1.98000,0.93684,0.00013,0.05866,0.00023,0.00415
11.41000,1.98000,0.84790,0.00005,0.14305,0.00017,0.00883
11.61000,1.98000,0.63403,0.00007,0.36223,0.00028,0.00338
11.81000,1.98000,0.72788,0.00000,0.27089,0.00002,0.00121
12.01000,1.98000,0.85244,0.00003,0.14555,0.00004,0.00195
12.21000,1.98000,0.94824,0.00000,0.05072,0.00000,0.00103
12.41000,1.98000,0.98900,0.00000,0.01096,0.00001,0.00003
12.61000,1.98000,0.99726,0.00000,0.00260,0.00002,0.00012
12.81000,1.98000,0.99741,0.00001,0.00203,0.00007,0.00048
13.01000,1.98000,0.99896,0.00001,0.00083,0.00001,0.00020
13.21000,1.98000,0.99872,0.00001,0.00104,0.00001,0.00022
13.41000,1.98000,0.99988,0.00000,0.00008,0.00000,0.00004
13.61000,1.98000,0.99958,0.00001,0.00039,0.00000,0.00002
13.81000,1.98000,0.99848,0.00015,0.00128,0.00000,0.00009
14.01000,1.98000,0.99887,0.00008,0.00102,0.00000,0.00003
14.21000,1.98000,0.99810,0.00015,0.00169,0.00000,0.00006
14.41000,1.98000,0.98358,0.00021,0.01611,0.00000,0.00009
14.61000,1.98000,0.99547,0.00037,0.00415,0.00000,0.00002
14.81000,1.98000,0.94671,0.00056,0.05270,0.00000,0.00003
15.01000,1.98000,0.84840,0.00051,0.15099,0.00000,0.00010
15.21000,1.98000,0.27134,0.00059,0.72790,0.00005,0.00012
15.41000,1.98000,0.58320,0.00022,0.41639,0.00003,0.00015
15.61000,1.98000,0.51430,0.00038,0.48502,0.00012,0.00018
15.81000,1.98000,0.96862,0.00004,0.03126,0.00004,0.00004
16.01000,1.98000,0.99427,0.00001,0.00570,0.00001,0.00001
16.21000,1.98000,0.99986,0.00000,0.00014,0.00000,0.00000
16.41000,1.98000,0.99893,0.00000,0.00103,0.00003,0.00001
16.61000,1.98000,0.99875,0.00000,0.00121,0.00003,0.00002
16.81000,1.98000,0.99952,0.00000,0.00047,0.00000,0.00001
17.01000,1.98000,0.99870,0.00000,0.00127,0.00001,0.00003
17.21000,1.98000,0.99961,0.00000,0.00034,0.00000,0.00004
17.41000,1.98000,0.99753,0.00000,0.00226,0.00000,0.00021
17.61000,1.98000,0.98515,0.00000,0.01473,0.00000,0.00012
17.81000,1.98000,0.98342,0.00000,0.01656,0.00000,0.00002
18.01000,1.98000,0.78128,0.00000,0.21850,0.00000,0.00021
18.21000,1.98000,0.84177,0.00000,0.15770,0.00000,0.00052
18.41000,1.98000,0.24179,0.00006,0.75733,0.00006,0.00076
18.61000,1.98000,0.71557,0.00012,0.28375,0.00008,0.00048
18.81000,1.98000,0.91915,0.00003,0.08053,0.00004,0.00026
19.01000,1.98000,0.98419,0.00000,0.01576,0.00001,0.00004
19.21000,1.98000,0.98767,0.00000,0.01231,0.00001,0.00001
19.41000,1.98000,0.98504,0.00000,0.01479,0.00009,0.00009
19.61000,1.98000,0.99789,0.00000,0.00207,0.00002,0.00002
19.81000,1.98000,0.99619,0.00000,0.00374,0.00006,0.00001
20.01000,1.98000,0.99683,0.00000,0.00309,0.00003,0.00004
20.21000,1.98000,0.99523,0.00000,0.00473,0.00001,0.00003
20.41000,1.98000,0.99229,0.00000,0.00770,0.00000,0.00001
20.61000,1.98000,0.99268,0.00001,0.00732,0.00000,0.00000
20.81000,1.98000,0.74537,0.00007,0.25455,0.00000,0.00001
21.01000,1.98000,0.83190,0.00006,0.16798,0.00001,0.00005
21.21000,1.98000,0.63213,0.00003,0.36779,0.00001,0.00005
21.41000,1.98000,0.90806,0.00001,0.09183,0.00000,0.00009
21.61000,1.98000,0.81096,0.00000,0.18901,0.00000,0.00002
21.81000,1.98000,0.97516,0.00000,0.02481,0.00000,0.00003
22.01000,1.98000,0.98352,0.00000,0.01647,0.00000,0.00000
22.21000,1.98000,0.99821,0.00000,0.00179,0.00000,0.00000
22.41000,1.98000,0.98652,0.00000,0.01319,0.00002,0.00026
22.61000,1.98000,0.99651,0.00000,0.00340,0.00000,0.00009
22.81000,1.98000,0.99451,0.00000,0.00538,0.00000,0.00010
23.01000,1.98000,0.99389,0.00000,0.00607,0.00000,0.00003
23.21000,1.98000,0.98418,0.00001,0.01578,0.00000,0.00003
23.41000,1.98000,0.99436,0.00001,0.00563,0.00000,0.00001
23.61000,1.98000,0.97845,0.00002,0.02151,0.00000,0.00002
23.81000,1.98000,0.98555,0.00001,0.01442,0.00000,0.00001
24.01000,1.98000,0.91176,0.00023,0.08798,0.00000,0.00003
24.21000,1.98000,0.98645,0.00011,0.01343,0.00000,0.00001
24.41000,1.98000,0.95415,0.00067,0.04513,0.00002,0.00003
24.61000,1.98000,0.98684,0.00079,0.01236,0.00001,0.00000
24.81000,1.98000,0.98299,0.00142,0.01553,0.00005,0.00001
25.01000,1.98000,0.99871,0.00009,0.00118,0.00002,0.00000
25.21000,1.98000,0.98324,0.00069,0.01515,0.00085,0.00007
25.41000,1.98000,0.99594,0.00014,0.00371,0.00019,0.00002
25.61000,1.98000,0.99012,0.00010,0.00954,0.00018,0.00006
25.81000,1.98000,0.99688,0.00009,0.00293,0.00002,0.00008
26.01000,1.98000,0.99436,0.00007,0.00555,0.00000,0.00001
26.21000,1.98000,0.99755,0.00010,0.00234,0.00000,0.00000
26.41000,1.98000,0.99773,0.00010,0.00216,0.00000,0.00000
26.61000,1.98000,0.94678,0.00007,0.05314,0.00000,0.00001
26.81000,1.98000,0.66906,0.00016,0.33073,0.00000,0.00005
27.01000,1.98000,0.84426,0.00007,0.15562,0.00000,0.00004
27.21000,1.98000,0.93901,0.00007,0.06089,0.00000,0.00001
27.41000,1.98000,0.99307,0.00001,0.00691,0.00000,0.00000
27.61000,1.98000,0.99839,0.00000,0.00160,0.00000,0.00000
27.81000,1.98000,0.99962,0.00000,0.00037,0.00000,0.00000
28.01000,1.98000,0.99938,0.00000,0.00055,0.00004,0.00003
28.21000,1.98000,0.99841,0.00000,0.00150,0.00004,0.00005
28.41000,1.98000,0.99811,0.00000,0.00179,0.00003,0.00007
28.61000,1.98000,0.99553,0.00000,0.00433,0.00002,0.00012
28.81000,1.98000,0.99803,0.00000,0.00180,0.00000,0.00017
29.01000,1.98000,0.99717,0.00000,0.00283,0.00000,0.00000
29.21000,1.98000,0.99062,0.00000,0.00938,0.00000,0.00000
29.41000,1.98000,0.60797,0.00003,0.39199,0.00000,0.00000
29.61000,1.98000,0.73008,0.00010,0.26981,0.00000,0.00001
29.81000,1.98000,0.66019,0.00023,0.33955,0.00001,0.00002
30.01000,1.98000,0.93185,0.00011,0.06803,0.00000,0.00000
30.21000,1.98000,0.92683,0.00005,0.07311,0.00001,0.00000
30.41000,1.98000,0.99378,0.00001,0.00621,0.00000,0.00000
30.61000,1.98000,0.99965,0.00000,0.00035,0.00000,0.00000
30.81000,1.98000,0.99997,0.00000,0.00003,0.00000,0.00000
31.01000,1.98000,0.99991,0.00000,0.00004,0.00005,0.00000
31.21000,1.98000,0.99975,0.00000,0.00010,0.00014,0.00000
31.41000,1.98000,0.99847,0.00015,0.00033,0.00101,0.00004
31.61000,1.98000,0.99311,0.00040,0.00099,0.00523,0.00026
31.81000,1.98000,0.98785,0.00073,0.00650,0.00302,0.00191
32.01000,1.98000,0.99499,0.00046,0.00265,0.00050,0.00140
32.21000,1.98000,0.96753,0.00389,0.02016,0.00444,0.00399
32.41000,1.98000,0.86835,0.00496,0.09941,0.01906,0.00821
32.61000,1.98000,0.81957,0.00066,0.16348,0.01412,0.00217
32.81000,1.98000,0.77292,0.00007,0.21436,0.01128,0.00138
33.01000,1.98000,0.90000,0.00003,0.08873,0.01034,0.00091
33.21000,1.98000,0.97056,0.00002,0.02497,0.00428,0.00017
33.41000,1.98000,0.99182,0.00000,0.00748,0.00070,0.00001
33.61000,1.98000,0.99947,0.00000,0.00040,0.00012,0.00000
33.81000,1.98000,0.99988,0.00000,0.00005,0.00007,0.00000
34.01000,1.98000,0.99962,0.00000,0.00007,0.00031,0.00000
34.21000,1.98000,0.99953,0.00000,0.00007,0.00040,0.00000
34.41000,1.98000,0.99865,0.00000,0.00034,0.00100,0.00001
34.61000,1.98000,0.99809,0.00000,0.00047,0.00140,0.00004
34.81000,1.98000,0.99255,0.00002,0.00158,0.00543,0.00043
35.01000,1.98000,0.98927,0.00003,0.00434,0.00403,0.00232
35.21000,1.98000,0.98850,0.00006,0.00942,0.00079,0.00123
35.41000,1.98000,0.99884,0.00003,0.00111,0.00001,0.00001
35.61000,1.98000,0.89077,0.00013,0.10869,0.00017,0.00023
35.81000,1.98000,0.91434,0.00008,0.08547,0.00008,0.00004
36.01000,1.98000,0.84235,0.00031,0.15703,0.00017,0.00014
36.21000,1.98000,0.99620,0.00007,0.00372,0.00001,0.00001
36.41000,1.98000,0.98453,0.00142,0.01392,0.00008,0.00006
36.61000,1.98000,0.99969,0.00009,0.00022,0.00000,0.00000
36.81000,1.98000,0.99828,0.00027,0.00144,0.00001,0.00000
37.01000,1.98000,0.99996,0.00003,0.00002,0.00000,0.00000
37.21000,1.98000,0.99371,0.00412,0.00051,0.00136,0.00031
37.41000,1.98000,0.99579,0.00243,0.00044,0.00110,0.00024
37.61000,1.98000,0.99360,0.00458,0.00072,0.00031,0.00079
37.81000,1.98000,0.99410,0.00506,0.00073,0.00003,0.00009
38.01000,1.98000,0.97924,0.00957,0.01032,0.00056,0.00032
38.21000,1.98000,0.96755,0.00408,0.02549,0.00211,0.00077
38.41000,1.98000,0.45661,0.00989,0.50263,0.02971,0.00116
38.61000,1.98000,0.89593,0.00024,0.10054,0.00291,0.00039
38.81000,1.98000,0.97571,0.00087,0.02284,0.00054,0.00004
39.01000,1.98000,0.99767,0.00031,0.00197,0.00004,0.00002
39.21000,1.98000,0.98994,0.00302,0.00699,0.00005,0.00000
39.41000,1.98000,0.99991,0.00000,0.00009,0.00000,0.00000
39.61000,1.98000,0.99871,0.00058,0.00036,0.00033,0.00002
39.81000,1.98000,0.99345,0.00232,0.00179,0.00235,0.00010
40.01000,1.98000,0.98983,0.00609,0.00160,0.00221,0.00027
40.21000,1.98000,0.98803,0.00683,0.00352,0.00071,0.00091
40.41000,1.98000,0.99694,0.00194,0.00106,0.00001,0.00005
40.61000,1.98000,0.98511,0.00706,0.00779,0.00002,0.00002
40.81000,1.98000,0.95748,0.00932,0.03279,0.00009,0.00031
41.01000,1.98000,0.90641,0.00824,0.08399,0.00070,0.00066
41.21000,1.98000,0.37120,0.00284,0.62194,0.00209,0.00192
41.41000,1.98000,0.67062,0.00021,0.32845,0.00028,0.00042
41.61000,1.98000,0.84597,0.00016,0.15345,0.00013,0.00029
41.81000,1.98000,0.98387,0.00001,0.01610,0.00001,0.00001
42.01000,1.98000,0.99896,0.00000,0.00103,0.00000,0.00000
42.21000,1.98000,0.99985,0.00000,0.00015,0.00000,0.00000
42.41000,1.98000,0.99977,0.00000,0.00020,0.00002,0.00001
42.61000,1.98000,0.99972,0.00000,0.00023,0.00004,0.00001
42.81000,1.98000,0.99974,0.00000,0.00019,0.00004,0.00002
43.01000,1.98000,0.99856,0.00002,0.00117,0.00011,0.00014
43.21000,1.98000,0.99349,0.00010,0.00602,0.00008,0.00030
43.41000,1.98000,0.99180,0.00288,0.00469,0.00010,0.00053
43.61000,1.98000,0.95185,0.01401,0.03166,0.00067,0.00182
43.81000,1.98000,0.80675,0.04989,0.13637,0.00400,0.00300
44.01000,1.98000,0.71027,0.00159,0.28539,0.00210,0.00064
44.21000,1.98000,0.80462,0.00119,0.18763,0.00556,0.00100
44.41000,1.98000,0.89070,0.00007,0.10792,0.00112,0.00018
44.61000,1.98000,0.98591,0.00006,0.01368,0.00033,0.00003
44.81000,1.98000,0.99942,0.00000,0.00057,0.00001,0.00000
45.01000,1.98000,0.99993,0.00000,0.00006,0.00001,0.00000
45.21000,1.98000,0.99998,0.00000,0.00002,0.00001,0.00000
45.41000,1.98000,0.99988,0.00000,0.00006,0.00005,0.00000
45.61000,1.98000,0.99982,0.00002,0.00007,0.00008,0.00001
45.81000,1.98000,0.99890,0.00019,0.00050,0.00032,0.00009
46.01000,1.98000,0.99804,0.00036,0.00112,0.00005,0.00044
46.21000,1.98000,0.99556,0.00107,0.00329,0.00001,0.00007
46.41000,1.98000,0.98787,0.00835,0.00376,0.00000,0.00001
46.61000,1.98000,0.92605,0.00774,0.06613,0.00002,0.00005
46.81000,1.98000,0.73754,0.02619,0.23592,0.00018,0.00017
47.01000,1.98000,0.30931,0.00058,0.68985,0.00022,0.00005
47.21000,1.98000,0.92633,0.00004,0.07360,0.00002,0.00001
47.41000,1.98000,0.90111,0.00002,0.09882,0.00003,0.00002
47.61000,1.98000,0.97014,0.00001,0.02983,0.00001,0.00000
47.81000,1.98000,0.99352,0.00000,0.00646,0.00001,0.00000
48.01000,1.98000,0.99920,0.00000,0.00073,0.00007,0.00000
48.21000,1.98000,0.99980,0.00000,0.00013,0.00007,0.00000
48.41000,1.98000,0.99993,0.00000,0.00003,0.00003,0.00000
48.61000,1.98000,0.99993,0.00000,0.00002,0.00005,0.00000
48.81000,1.98000,0.99860,0.00005,0.00043,0.00084,0.00008
49.01000,1.98000,0.99756,0.00025,0.00043,0.00164,0.00011
49.21000,1.98000,0.99803,0.00138,0.00009,0.00043,0.00006
49.41000,1.98000,0.99436,0.00303,0.00168,0.00029,0.00063
49.61000,1.98000,0.99880,0.00082,0.00032,0.00001,0.00005
49.81000,1.98000,0.98164,0.01125,0.00704,0.00004,0.00003
50.01000,1.98000,0.91607,0.02357,0.05933,0.00074,0.00029
50.21000,1.98000,0.94271,0.00420,0.05231,0.00068,0.00009
50.41000,1.98000,0.62562,0.00030,0.37306,0.00091,0.00011
50.61000,1.98000,0.91692,0.00004,0.08293,0.00009,0.00002
50.81000,1.98000,0.92010,0.00001,0.07982,0.00006,0.00001
51.01000,1.98000,0.99587,0.00000,0.00412,0.00001,0.00000
51.21000,1.98000,0.99839,0.00000,0.00159,0.00002,0.00000
51.41000,1.98000,0.99953,0.00000,0.00039,0.00007,0.00000
51.61000,1.98000,0.99974,0.00000,0.00018,0.00007,0.00001
51.81000,1.98000,0.99928,0.00000,0.00047,0.00024,0.00001
52.01000,1.98000,0.99841,0.00009,0.00088,0.00052,0.00010
52.21000,1.98000,0.98250,0.00272,0.00902,0.00502,0.00073
52.41000,1.98000,0.98705,0.00104,0.00994,0.00020,0.00178
52.61000,1.98000,0.99706,0.00022,0.00269,0.00000,0.00003
52.81000,1.98000,0.98550,0.00171,0.01274,0.00001,0.00004
53.01000,1.98000,0.83446,0.00721,0.15752,0.00040,0.00041
53.21000,1.98000,0.55887,0.01502,0.42474,0.00095,0.00044
53.41000,1.98000,0.41901,0.00150,0.57804,0.00125,0.00020
53.61000,1.98000,0.85346,0.00092,0.14544,0.00013,0.00005
53.81000,1.98000,0.96849,0.00092,0.03047,0.00008,0.00003
54.01000,1.98000,0.98816,0.00100,0.01081,0.00001,0.00001
54.21000,1.98000,0.99835,0.00003,0.00161,0.00001,0.00000
54.41000,1.98000,0.99770,0.00003,0.00222,0.00004,0.00001
54.61000,1.98000,0.99892,0.00001,0.00103,0.00003,0.00001
54.81000,1.98000,0.99744,0.00003,0.00247,0.00004,0.00003
55.01000,1.98000,0.99923,0.00000,0.00074,0.00000,0.00002
55.21000,1.98000,0.99936,0.00001,0.00061,0.00000,0.00003
55.41000,1.98000,0.99960,0.00000,0.00038,0.00000,0.00001
55.61000,1.98000,0.99678,0.00000,0.00321,0.00000,0.00001
55.81000,1.98000,0.99811,0.00000,0.00189,0.00000,0.00000
56.01000,1.98000,0.99046,0.00001,0.00952,0.00000,0.00000
56.21000,1.98000,0.71245,0.00005,0.28750,0.00000,0.00000
56.41000,1.98000,0.87208,0.00056,0.12736,0.00000,0.00000
56.61000,1.98000,0.58847,0.00019,0.41133,0.00000,0.00000
56.81000,1.98000,0.94445,0.00036,0.05518,0.00000,0.00000
57.01000,1.98000,0.94723,0.00011,0.05266,0.00000,0.00000
57.21000,1.98000,0.99700,0.00006,0.00294,0.00000,0.00000
57.41000,1.98000,0.99666,0.00000,0.00333,0.00000,0.00000
57.61000,1.98000,0.99894,0.00000,0.00106,0.00000,0.00000
57.81000,1.98000,0.99820,0.00001,0.00141,0.00037,0.00001
58.01000,1.98000,0.99297,0.00017,0.00473,0.00204,0.00009
58.21000,1.98000,0.99155,0.00066,0.00576,0.00166,0.00037
58.41000,1.98000,0.99754,0.00010,0.00174,0.00012,0.00051
58.61000,1.98000,0.99674,0.00005,0.00319,0.00000,0.00002
58.81000,1.98000,0.98669,0.00026,0.01304,0.00000,0.00001
59.01000,1.98000,0.98710,0.00086,0.01203,0.00000,0.00002
59.21000,1.98000,0.79926,0.00138,0.19920,0.00002,0.00015
59.41000,1.98000,0.57585,0.00107,0.42302,0.00002,0.00004
59.61000,1.98000,0.30435,0.00061,0.69494,0.00003,0.00007
59.81000,1.98000,0.97298,0.00021,0.02680,0.00000,0.00001
60.01000,1.98000,0.98710,0.00001,0.01289,0.00000,0.00000
60.21000,1.98000,0.99272,0.00000,0.00728,0.00000,0.00000
60.41000,1.98000,0.99944,0.00000,0.00055,0.00000,0.00000
60.61000,1.98000,0.99987,0.00000,0.00010,0.00002,0.00000
60.81000,1.98000,0.99988,0.00000,0.00009,0.00003,0.00000
61.01000,1.98000,0.99981,0.00000,0.00015,0.00004,0.00001
61.21000,1.98000,0.99964,0.00000,0.00029,0.00005,0.00001
61.41000,1.98000,0.99922,0.00001,0.00063,0.00009,0.00004
61.61000,1.98000,0.99526,0.00001,0.00458,0.00001,0.00014
61.81000,1.98000,0.99553,0.00003,0.00444,0.00000,0.00000
62.01000,1.98000,0.99169,0.00009,0.00822,0.00000,0.00000
62.21000,1.98000,0.86798,0.00266,0.12934,0.00001,0.00001
62.41000,1.98000,0.82754,0.00025,0.17218,0.00001,0.00001
62.61000,1.98000,0.80314,0.00011,0.19674,0.00000,0.00000
62.81000,1.98000,0.86037,0.00004,0.13958,0.00001,0.00001
63.01000,1.98000,0.93664,0.00055,0.06279,0.00001,0.00001
63.21000,1.98000,0.99612,0.00005,0.00383,0.00000,0.00000
63.41000,1.98000,0.99968,0.00005,0.00027,0.00000,0.00000
63.61000,1.98000,0.99972,0.00001,0.00025,0.00002,0.00000
63.81000,1.98000,0.99819,0.00030,0.00072,0.00074,0.00005
64.01000,1.98000,0.99762,0.00149,0.00047,0.00034,0.00007
64.21000,1.98000,0.99134,0.00332,0.00472,0.00031,0.00030
64.41000,1.98000,0.99907,0.00073,0.00019,0.00000,0.00000
64.61000,1.98000,0.98082,0.00899,0.01018,0.00000,0.00000
64.81000,1.98000,0.99352,0.00345,0.00304,0.00000,0.00000
65.01000,1.98000,0.82737,0.00206,0.17057,0.00000,0.00000
65.21000,1.98000,0.95548,0.00130,0.04321,0.00000,0.00000
65.41000,1.98000,0.29579,0.00093,0.70326,0.00000,0.00003
65.61000,1.98000,0.97223,0.00019,0.02757,0.00000,0.00001
65.81000,1.98000,0.93790,0.00003,0.06207,0.00000,0.00000
66.01000,1.98000,0.99913,0.00000,0.00086,0.00000,0.00000
66.21000,1.98000,0.99933,0.00000,0.00066,0.00000,0.00001
66.41000,1.98000,0.99791,0.00000,0.00049,0.00008,0.00151
66.61000,1.98000,0.99803,0.00001,0.00065,0.00010,0.00120
66.81000,1.98000,0.99837,0.00001,0.00095,0.00014,0.00053
67.01000,1.98000,0.99607,0.00011,0.00303,0.00030,0.00049
67.21000,1.98000,0.99398,0.00046,0.00461,0.00054,0.00041
67.41000,1.98000,0.99733,0.00019,0.00227,0.00009,0.00013
67.61000,1.98000,0.99858,0.00003,0.00139,0.00000,0.00000
67.81000,1.98000,0.99856,0.00011,0.00133,0.00000,0.00000
68.01000,1.98000,0.57035,0.00092,0.42873,0.00000,0.00000
68.21000,1.98000,0.83333,0.00195,0.16472,0.00000,0.00000
68.41000,1.98000,0.28212,0.00040,0.71748,0.00000,0.00000
68.61000,1.98000,0.95962,0.00024,0.04014,0.00000,0.00000
68.81000,1.98000,0.84147,0.00032,0.15821,0.00000,0.00000
69.01000,1.98000,0.99056,0.00006,0.00938,0.00000,0.00000
69.21000,1.98000,0.97348,0.00005,0.02647,0.00000,0.00000
69.41000,1.98000,0.99991,0.00000,0.00009,0.00000,0.00000
69.61000,1.98000,0.99924,0.00001,0.00060,0.00014,0.00001
69.81000,1.98000,0.99652,0.00009,0.00272,0.00052,0.00014
70.01000,1.98000,0.98587,0.00015,0.01326,0.00009,0.00062
70.21000,1.98000,0.99324,0.00003,0.00653,0.00001,0.00018
70.41000,1.98000,0.98674,0.00017,0.01307,0.00000,0.00002
70.61000,1.98000,0.53329,0.00066,0.46571,0.00015,0.00020
70.81000,1.98000,0.56130,0.00086,0.43734,0.00025,0.00025
71.01000,1.98000,0.47390,0.00010,0.52538,0.00041,0.00022
71.21000,1.98000,0.70815,0.00007,0.29151,0.00016,0.00010
71.41000,1.98000,0.93505,0.00005,0.06483,0.00005,0.00002
71.61000,1.98000,0.99700,0.00001,0.00298,0.00001,0.00000
71.81000,1.98000,0.99912,0.00000,0.00086,0.00002,0.00000
72.01000,1.98000,0.99953,0.00000,0.00042,0.00005,0.00000
72.21000,1.98000,0.99971,0.00000,0.00025,0.00003,0.00001
72.41000,1.98000,0.99961,0.00000,0.00032,0.00005,0.00002
72.61000,1.98000,0.99935,0.00001,0.00056,0.00001,0.00007
72.81000,1.98000,0.99939,0.00000,0.00061,0.00000,0.00000
73.01000,1.98000,0.99897,0.00000,0.00103,0.00000,0.00000
73.21000,1.98000,0.82023,0.00001,0.17976,0.00000,0.00000
73.41000,1.98000,0.79955,0.00001,0.20042,0.00000,0.00001
73.61000,1.98000,0.25458,0.00000,0.74542,0.00000,0.00000
73.81000,1.98000,0.93805,0.00001,0.06194,0.00000,0.00000
74.01000,1.98000,0.84909,0.00002,0.15089,0.00000,0.00000
74.21000,1.98000,0.99334,0.00001,0.00665,0.00000,0.00000
74.41000,1.98000,0.99055,0.00000,0.00945,0.00000,0.00000
74.61000,1.98000,0.99990,0.00000,0.00010,0.00000,0.00000
74.81000,1.98000,0.99565,0.00005,0.00085,0.00334,0.00011
75.01000,1.98000,0.99319,0.00033,0.00160,0.00469,0.00019
75.21000,1.98000,0.99087,0.00035,0.00347,0.00403,0.00127
75.41000,1.98000,0.99695,0.00113,0.00066,0.00033,0.00093
75.61000,1.98000,0.97788,0.00516,0.01216,0.00237,0.00243
75.81000,1.98000,0.79933,0.02823,0.15160,0.01611,0.00474
76.01000,1.98000,0.60092,0.00442,0.36493,0.02718,0.00255
76.21000,1.98000,0.60852,0.00103,0.37293,0.01606,0.00146
76.41000,1.98000,0.59088,0.00050,0.39185,0.01542,0.00135
76.61000,1.98000,0.90682,0.00051,0.08617,0.00559,0.00090
76.81000,1.98000,0.98821,0.00006,0.01036,0.00118,0.00020
77.01000,1.98000,0.99692,0.00000,0.00272,0.00032,0.00004
77.21000,1.98000,0.99841,0.00000,0.00118,0.00038,0.00002
77.41000,1.98000,0.99861,0.00000,0.00107,0.00029,0.00003
77.61000,1.98000,0.99853,0.00000,0.00121,0.00015,0.00010
77.81000,1.98000,0.99745,0.00001,0.00217,0.00002,0.00035
78.01000,1.98000,0.99517,0.00001,0.00477,0.00000,0.00004
78.21000,1.98000,0.99644,0.00007,0.00349,0.00000,0.00000
78.41000,1.98000,0.51980,0.00008,0.48009,0.00000,0.00003
78.61000,1.98000,0.73103,0.00015,0.26880,0.00001,0.00001
78.81000,1.98000,0.39611,0.00002,0.60384,0.00001,0.00003
79.01000,1.98000,0.91828,0.00003,0.08168,0.00001,0.00001
79.21000,1.98000,0.91420,0.00000,0.08579,0.00000,0.00001
79.41000,1.98000,0.99150,0.00000,0.00849,0.00000,0.00000
79.61000,1.98000,0.99419,0.00000,0.00580,0.00001,0.00000
79.81000,1.98000,0.99946,0.00000,0.00049,0.00004,0.00000
80.01000,1.98000,0.99806,0.00000,0.00094,0.00083,0.00017
80.21000,1.98000,0.99469,0.00000,0.00312,0.00152,0.00065
80.41000,1.98000,0.99112,0.00001,0.00483,0.00256,0.00148
80.61000,1.98000,0.98846,0.00001,0.00833,0.00026,0.00294
80.81000,1.98000,0.99713,0.00001,0.00258,0.00003,0.00025
81.01000,1.98000,0.98483,0.00009,0.01498,0.00002,0.00009
81.21000,1.98000,0.81074,0.00040,0.18805,0.00058,0.00024
81.41000,1.98000,0.69891,0.00081,0.29857,0.00105,0.00066
81.61000,1.98000,0.83609,0.00020,0.16305,0.00050,0.00015
81.81000,1.98000,0.92937,0.00016,0.07022,0.00014,0.00010
82.01000,1.98000,0.97048,0.00021,0.02916,0.00013,0.00002
82.21000,1.98000,0.99711,0.00040,0.00246,0.00003,0.00000
82.41000,1.98000,0.99924,0.00002,0.00073,0.00001,0.00000
82.61000,1.98000,0.99968,0.00001,0.00030,0.00001,0.00000
82.81000,1.98000,0.99989,0.00000,0.00010,0.00002,0.00000
83.01000,1.98000,0.99983,0.00000,0.00015,0.00001,0.00001
83.21000,1.98000,0.99881,0.00003,0.00103,0.00006,0.00007
83.41000,1.98000,0.99898,0.00001,0.00093,0.00000,0.00008
83.61000,1.98000,0.99856,0.00000,0.00144,0.00000,0.00001
83.81000,1.98000,0.99186,0.00004,0.00809,0.00000,0.00001
84.01000,1.98000,0.97648,0.00001,0.02348,0.00000,0.00002
84.21000,1.98000,0.63370,0.00012,0.36608,0.00001,0.00009
84.41000,1.98000,0.39956,0.00013,0.60015,0.00003,0.00014
84.61000,1.98000,0.79763,0.00030,0.20191,0.00005,0.00011
84.81000,1.98000,0.85070,0.00018,0.14879,0.00008,0.00025
85.01000,1.98000,0.98023,0.00016,0.01958,0.00001,0.00002
85.21000,1.98000,0.98587,0.00001,0.01409,0.00002,0.00001
85.41000,1.98000,0.99947,0.00000,0.00052,0.00001,0.00000
85.61000,1.98000,0.99715,0.00000,0.00238,0.00034,0.00014
85.81000,1.98000,0.99475,0.00001,0.00359,0.00091,0.00073
86.01000,1.98000,0.99593,0.00011,0.00288,0.00058,0.00051
86.21000,1.98000,0.99963,0.00000,0.00035,0.00000,0.00001
86.41000,1.98000,0.98906,0.00003,0.01091,0.00000,0.00000
86.61000,1.98000,0.97530,0.00016,0.02453,0.00000,0.00001
86.81000,1.98000,0.81933,0.00049,0.18014,0.00001,0.00003
87.01000,1.98000,0.59399,0.00079,0.40519,0.00001,0.00002
87.21000,1.98000,0.84012,0.00013,0.15974,0.00001,0.00001
87.41000,1.98000,0.97551,0.00069,0.02379,0.00000,0.00001
87.61000,1.98000,0.99821,0.00005,0.00174,0.00000,0.00000
87.81000,1.98000,0.99315,0.00016,0.00668,0.00000,0.00000
88.01000,1.98000,0.99976,0.00000,0.00024,0.00000,0.00000
88.21000,1.98000,0.99939,0.00000,0.00057,0.00002,0.00002
88.41000,1.98000,0.99976,0.00000,0.00022,0.00001,0.00001
88.61000,1.98000,0.99561,0.00001,0.00408,0.00004,0.00026
88.81000,1.98000,0.99888,0.00001,0.00102,0.00001,0.00009
89.01000,1.98000,0.99871,0.00000,0.00122,0.00000,0.00007
89.21000,1.98000,0.99892,0.00000,0.00108,0.00000,0.00000
89.41000,1.98000,0.89419,0.00000,0.10581,0.00000,0.00000
89.61000,1.98000,0.85404,0.00000,0.14596,0.00000,0.00000
89.81000,1.98000,0.43310,0.00000,0.56687,0.00000,0.00003
90.01000,1.98000,0.67604,0.00001,0.32394,0.00000,0.00001
90.21000,1.98000,0.74381,0.00005,0.25613,0.00000,0.00001
90.41000,1.98000,0.99868,0.00005,0.00127,0.00000,0.00000
90.61000,1.98000,0.99503,0.00008,0.00489,0.00000,0.00000
90.81000,1.98000,0.99977,0.00014,0.00009,0.00000,0.00000
91.01000,1.98000,0.99521,0.00246,0.00224,0.00004,0.00005
91.21000,1.98000,0.99863,0.00112,0.00023,0.00001,0.00001
91.41000,1.98000,0.96478,0.03083,0.00390,0.00014,0.00034
91.61000,1.98000,0.98695,0.01272,0.00030,0.00001,0.00002
91.81000,1.98000,0.98598,0.01126,0.00263,0.00002,0.00011
92.01000,1.98000,0.99728,0.00189,0.00080,0.00000,0.00003
92.21000,1.98000,0.99488,0.00028,0.00484,0.00000,0.00001
92.41000,1.98000,0.99623,0.00135,0.00242,0.00000,0.00000
92.61000,1.98000,0.94692,0.00026,0.05282,0.00000,0.00001
92.81000,1.98000,0.84712,0.00196,0.15090,0.00000,0.00002
93.01000,1.98000,0.35770,0.00081,0.64147,0.00000,0.00002
93.21000,1.98000,0.90810,0.01881,0.07306,0.00000,0.00002
93.41000,1.98000,0.97403,0.00050,0.02546,0.00000,0.00001
93.61000,1.98000,0.98392,0.00307,0.01300,0.00000,0.00000
93.81000,1.98000,0.99424,0.00010,0.00565,0.00000,0.00000
94.01000,1.98000,0.99940,0.00015,0.00045,0.00000,0.00000
94.21000,1.98000,0.99463,0.00037,0.00390,0.00095,0.00015
94.41000,1.98000,0.98901,0.00081,0.00710,0.00240,0.00069
94.61000,1.98000,0.99747,0.00027,0.00141,0.00067,0.00017
94.81000,1.98000,0.99776,0.00016,0.00176,0.00003,0.00028
95.01000,1.98000,0.99676,0.00006,0.00290,0.00001,0.00026
95.21000,1.98000,0.93106,0.00006,0.06655,0.00044,0.00190
95.41000,1.98000,0.41521,0.00010,0.57698,0.00305,0.00466
95.61000,1.98000,0.40013,0.00010,0.59052,0.00198,0.00727
95.81000,1.98000,0.31649,0.00005,0.67617,0.00254,0.00475
96.01000,1.98000,0.81985,0.00004,0.17740,0.00144,0.00127
96.21000,1.98000,0.97730,0.00003,0.02179,0.00047,0.00041
96.41000,1.98000,0.99656,0.00002,0.00319,0.00007,0.00015
96.61000,1.98000,0.99533,0.00006,0.00393,0.00062,0.00006
96.81000,1.98000,0.99766,0.00014,0.00079,0.00131,0.00011
97.01000,1.98000,0.99346,0.00099,0.00186,0.00338,0.00031
97.21000,1.98000,0.99367,0.00173,0.00079,0.00288,0.00093
97.41000,1.98000,0.97434,0.01566,0.00301,0.00365,0.00334
97.61000,1.98000,0.98813,0.00866,0.00247,0.00015,0.00059
97.81000,1.98000,0.98540,0.01301,0.00152,0.00001,0.00005
98.01000,1.98000,0.95715,0.01933,0.02326,0.00011,0.00015
98.21000,1.98000,0.66870,0.02282,0.30664,0.00134,0.00049
98.41000,1.98000,0.74838,0.00287,0.24803,0.00049,0.00023
98.61000,1.98000,0.75665,0.00080,0.24187,0.00032,0.00037
98.81000,1.98000,0.91630,0.00111,0.08228,0.00013,0.00017
99.01000,1.98000,0.97873,0.00026,0.02098,0.00002,0.00001
99.21000,1.98000,0.99597,0.00003,0.00399,0.00001,0.00000
99.41000,1.98000,0.99842,0.00000,0.00156,0.00001,0.00000
99.61000,1.98000,0.99705,0.00025,0.00169,0.00095,0.00006
99.81000,1.98000,0.99463,0.00108,0.00298,0.00112,0.00019
100.01000,1.98000,0.99051,0.00253,0.00609,0.00047,0.00040
100.21000,1.98000,0.99470,0.00137,0.00390,0.00000,0.00003
100.41000,1.98000,0.99538,0.00231,0.00230,0.00000,0.00001
100.61000,1.98000,0.96601,0.01687,0.01708,0.00001,0.00003
100.81000,1.98000,0.77557,0.00895,0.21520,0.00012,0.00017
101.01000,1.98000,0.94588,0.00277,0.05126,0.00002,0.00007
101.21000,1.98000,0.88736,0.00459,0.10768,0.00015,0.00021
101.41000,1.98000,0.97717,0.00838,0.01439,0.00002,0.00004
101.61000,1.98000,0.90766,0.00402,0.08814,0.00008,0.00010
101.81000,1.98000,0.95935,0.00473,0.03580,0.00009,0.00004
102.01000,1.98000,0.99663,0.00053,0.00271,0.00010,0.00003
102.21000,1.98000,0.97150,0.00301,0.01796,0.00376,0.00377
102.41000,1.98000,0.98541,0.00360,0.00976,0.00084,0.00040
102.61000,1.98000,0.98007,0.01494,0.00486,0.00010,0.00002
102.81000,1.98000,0.83023,0.02218,0.14545,0.00201,0.00013
103.01000,1.98000,0.92844,0.00409,0.06626,0.00117,0.00004
103.21000,1.98000,0.54578,0.00807,0.43315,0.01275,0.00024
103.41000,1.98000,0.96771,0.00044,0.03107,0.00076,0.00002
103.61000,1.98000,0.96223,0.00045,0.03633,0.00095,0.00004
103.81000,1.98000,0.99928,0.00002,0.00067,0.00003,0.00000
104.01000,1.98000,0.99001,0.00012,0.00871,0.00115,0.00001
104.21000,1.98000,0.99302,0.00004,0.00439,0.00254,0.00002
104.41000,1.98000,0.98607,0.00014,0.00281,0.01060,0.00037
104.61000,1.98000,0.96096,0.00043,0.00587,0.03195,0.00079
104.81000,1.98000,0.90439,0.00132,0.00764,0.08363,0.00302
105.01000,1.98000,0.97532,0.00268,0.00370,0.01462,0.00368
105.21000,1.98000,0.99127,0.00032,0.00654,0.00105,0.00082
105.41000,1.98000,0.98457,0.00105,0.01294,0.00114,0.00031
105.61000,1.98000,0.81209,0.00109,0.17635,0.00788,0.00259
105.81000,1.98000,0.64522,0.00383,0.32286,0.02604,0.00204
106.01000,1.98000,0.79897,0.00153,0.18637,0.01239,0.00075
106.21000,1.98000,0.97946,0.00421,0.01353,0.00263,0.00017
106.41000,1.98000,0.99580,0.00065,0.00321,0.00025,0.00008
106.61000,1.98000,0.99876,0.00048,0.00074,0.00002,0.00001
106.81000,1.98000,0.99726,0.00004,0.00267,0.00003,0.00000
107.01000,1.98000,0.99905,0.00005,0.00079,0.00010,0.00001
107.21000,1.98000,0.99894,0.00018,0.00053,0.00033,0.00002
107.41000,1.98000,0.98570,0.00804,0.00291,0.00314,0.00021
107.61000,1.98000,0.99587,0.00056,0.00275,0.00011,0.00071
107.81000,1.98000,0.99664,0.00033,0.00300,0.00001,0.00002
108.01000,1.98000,0.99276,0.00071,0.00652,0.00000,0.00001
108.21000,1.98000,0.99155,0.00189,0.00654,0.00001,0.00002
108.41000,1.98000,0.96579,0.00121,0.03286,0.00003,0.00011
108.61000,1.98000,0.95490,0.00110,0.04377,0.00004,0.00020
108.81000,1.98000,0.97613,0.00272,0.02102,0.00003,0.00010
109.01000,1.98000,0.98981,0.00243,0.00767,0.00003,0.00007
109.21000,1.98000,0.99335,0.00095,0.00567,0.00002,0.00002
109.41000,1.98000,0.99673,0.00044,0.00280,0.00002,0.00001
109.61000,1.98000,0.99760,0.00108,0.00114,0.00013,0.00006
109.81000,1.98000,0.99360,0.00041,0.00432,0.00129,0.00039
110.01000,1.98000,0.99185,0.00007,0.00674,0.00039,0.00095
110.21000,1.98000,0.99436,0.00025,0.00526,0.00006,0.00006
110.41000,1.98000,0.97969,0.00065,0.01945,0.00013,0.00007
110.61000,1.98000,0.68509,0.00149,0.31074,0.00235,0.00033
110.81000,1.98000,0.79949,0.00027,0.19894,0.00104,0.00026
111.01000,1.98000,0.95449,0.00008,0.04519,0.00018,0.00006
111.21000,1.98000,0.68393,0.00120,0.31103,0.00357,0.00027
111.41000,1.98000,0.98253,0.00046,0.01659,0.00035,0.00007
111.61000,1.98000,0.99390,0.00036,0.00564,0.00008,0.00001
111.81000,1.98000,0.99988,0.00002,0.00010,0.00000,0.00000
112.01000,1.98000,0.99709,0.00023,0.00210,0.00057,0.00001
112.21000,1.98000,0.99843,0.00029,0.00051,0.00074,0.00003
112.41000,1.98000,0.99559,0.00129,0.00124,0.00161,0.00026
112.61000,1.98000,0.99585,0.00022,0.00361,0.00007,0.00025
112.81000,1.98000,0.99892,0.00003,0.00105,0.00000,0.00000
113.01000,1.98000,0.99884,0.00019,0.00097,0.00000,0.00000
113.21000,1.98000,0.98386,0.00010,0.01604,0.00000,0.00000
113.41000,1.98000,0.84375,0.00118,0.15507,0.00000,0.00001
113.61000,1.98000,0.17616,0.00002,0.82381,0.00000,0.00001
113.81000,1.98000,0.84409,0.00009,0.15582,0.00000,0.00001
114.01000,1.98000,0.95365,0.00001,0.04634,0.00000,0.00000
114.21000,1.98000,0.96688,0.00005,0.03307,0.00000,0.00000
114.41000,1.98000,0.98948,0.00000,0.01052,0.00000,0.00000
114.61000,1.98000,0.99804,0.00000,0.00172,0.00022,0.00001
114.81000,1.98000,0.99733,0.00001,0.00152,0.00105,0.00010
115.01000,1.98000,0.99146,0.00001,0.00751,0.00083,0.00019
115.21000,1.98000,0.98946,0.00001,0.00982,0.00055,0.00016
115.41000,1.98000,0.96271,0.00031,0.03428,0.00181,0.00089
115.61000,1.98000,0.99031,0.00009,0.00859,0.00028,0.00073
115.81000,1.98000,0.66317,0.00045,0.33444,0.00126,0.00068
116.01000,1.98000,0.61779,0.00018,0.37921,0.00197,0.00084
116.21000,1.98000,0.76392,0.00007,0.23428,0.00138,0.00036
116.41000,1.98000,0.97603,0.00002,0.02361,0.00026,0.00008
116.61000,1.98000,0.98576,0.00002,0.01413,0.00007,0.00002
116.81000,1.98000,0.99885,0.00001,0.00110,0.00004,0.00001
117.01000,1.98000,0.99979,0.00002,0.00017,0.00001,0.00000
117.21000,1.98000,0.99984,0.00000,0.00013,0.00002,0.00000
117.41000,1.98000,0.99971,0.00005,0.00021,0.00002,0.00002
117.61000,1.98000,0.99969,0.00001,0.00026,0.00003,0.00001
117.81000,1.98000,0.99650,0.00193,0.00130,0.00015,0.00012
118.01000,1.98000,0.99919,0.00005,0.00072,0.00002,0.00001
118.21000,1.98000,0.99927,0.00034,0.00038,0.00000,0.00001
118.41000,1.98000,0.99764,0.00007,0.00224,0.00003,0.00002
118.61000,1.98000,0.99905,0.00018,0.00073,0.00002,0.00002
118.81000,1.98000,0.99229,0.00026,0.00739,0.00005,0.00002
119.01000,1.98000,0.99336,0.00026,0.00630,0.00006,0.00001
119.21000,1.98000,0.98578,0.00071,0.01332,0.00016,0.00003
119.41000,1.98000,0.93053,0.00124,0.06771,0.00036,0.00015
119.61000,1.98000,0.95502,0.00178,0.04250,0.00026,0.00045
119.81000,1.98000,0.98864,0.00401,0.00720,0.00005,0.00010
120.01000,1.98000,0.97962,0.01140,0.00848,0.00011,0.00039
120.21000,1.98000,0.84479,0.04422,0.10774,0.00221,0.00105
120.41000,1.98000,0.88390,0.02325,0.08677,0.00434,0.00173
120.61000,1.98000,0.98699,0.00116,0.01105,0.00071,0.00009
120.81000,1.98000,0.99305,0.00032,0.00537,0.00104,0.00022
121.01000,1.98000,0.99869,0.00003,0.00111,0.00016,0.00002
121.21000,1.98000,0.99994,0.00000,0.00004,0.00002,0.00000
121.41000,1.98000,0.99997,0.00000,0.00002,0.00001,0.00000
121.61000,1.98000,0.99999,0.00000,0.00001,0.00001,0.00000
121.81000,1.98000,0.99999,0.00000,0.00000,0.00000,0.00000
