Time (seconds), Duration (seconds),pred_(unlabeled),pred_On,pred_Off,pred_Dimmer,pred_Lighter
0.01000,1.98000,0.99980,0.00000,0.00002,0.00018,0.00001
0.21000,1.98000,0.99884,0.00001,0.00013,0.00097,0.00006
0.41000,1.98000,0.99537,0.00004,0.00051,0.00364,0.00044
0.61000,1.98000,0.94001,0.00087,0.00396,0.05058,0.00459
0.81000,1.98000,0.77738,0.00124,0.01538,0.19760,0.00840
1.01000,1.98000,0.76970,0.00299,0.01449,0.19985,0.01297
1.21000,1.98000,0.98619,0.00006,0.00638,0.00707,0.00029
1.41000,1.98000,0.99766,0.00001,0.00151,0.00078,0.00004
1.61000,1.98000,0.99918,0.00000,0.00054,0.00026,0.00001
1.81000,1.98000,0.99935,0.00000,0.00047,0.00018,0.00000
2.01000,1.98000,0.99972,0.00000,0.00012,0.00016,0.00000
2.21000,1.98000,0.99992,0.00000,0.00003,0.00005,0.00000
2.41000,1.98000,0.99996,0.00000,0.00001,0.00003,0.00000
2.61000,1.98000,0.99992,0.00000,0.00002,0.00005,0.00000
2.81000,1.98000,0.99997,0.00000,0.00001,0.00002,0.00000
3.01000,1.98000,0.99988,0.00000,0.00004,0.00008,0.00000
3.21000,1.98000,0.99989,0.00000,0.00003,0.00008,0.00000
3.41000,1.98000,0.99989,0.00000,0.00003,0.00007,0.00000
3.61000,1.98000,0.99995,0.00000,0.00001,0.00004,0.00000
3.81000,1.98000,0.99995,0.00000,0.00001,0.00004,0.00000
4.01000,1.98000,0.99998,0.00000,0.00001,0.00002,0.00000
4.21000,1.98000,0.99996,0.00000,0.00001,0.00003,0.00000
4.41000,1.98000,0.99997,0.00000,0.00001,0.00002,0.00000
4.61000,1.98000,0.99998,0.00000,0.00001,0.00001,0.00000
4.81000,1.98000,0.99998,0.00000,0.00001,0.00001,0.00000
5.01000,1.98000,0.99999,0.00000,0.00000,0.00001,0.00000
5.21000,1.98000,0.99999,0.00000,0.00000,0.00000,0.00000
5.41000,1.98000,0.99997,0.00000,0.00001,0.00002,0.00000
5.61000,1.98000,0.99998,0.00000,0.00001,0.00001,0.00000
5.81000,1.98000,0.99996,0.00000,0.00002,0.00002,0.00000
6.01000,1.98000,0.99997,0.00000,0.00001,0.00001,0.00000
6.21000,1.98000,0.99995,0.00000,0.00002,0.00003,0.00000
6.41000,1.98000,0.99998,0.00000,0.00001,0.00001,0.00000
6.61000,1.98000,0.99996,0.00000,0.00002,0.00002,0.00000
6.81000,1.98000,0.99995,0.00000,0.00002,0.00003,0.00000
7.01000,1.98000,0.99998,0.00000,0.00001,0.00001,0.00000
7.21000,1.98000,0.99996,0.00000,0.00002,0.00002,0.00000
7.41000,1.98000,0.99998,0.00000,0.00001,0.00001,0.00000
7.61000,1.98000,0.99997,0.00000,0.00002,0.00002,0.00000
7.81000,1.98000,0.99998,0.00000,0.00001,0.00001,0.00000
8.01000,1.98000,0.99995,0.00000,0.00002,0.00003,0.00000
8.21000,1.98000,0.99997,0.00000,0.00001,0.00002,0.00000
8.41000,1.98000,0.99996,0.00000,0.00002,0.00002,0.00000
8.61000,1.98000,0.99995,0.00000,0.00002,0.00003,0.00000
8.81000,1.98000,0.99995,0.00000,0.00002,0.00003,0.00000
9.01000,1.98000,0.99994,0.00000,0.00001,0.00005,0.00000
9.21000,1.98000,0.99980,0.00000,0.00001,0.00018,0.00000
9.41000,1.98000,0.99952,0.00000,0.00001,0.00046,0.00001
9.61000,1.98000,0.99687,0.00006,0.00004,0.00288,0.00015
9.81000,1.98000,0.91032,0.00111,0.00051,0.08588,0.00218
10.01000,1.98000,0.78058,0.00224,0.00149,0.21163,0.00406
10.21000,1.98000,0.67429,0.00301,0.00198,0.31626,0.00445
10.41000,1.98000,0.91435,0.00178,0.00070,0.08055,0.00262
10.61000,1.98000,0.99456,0.00021,0.00009,0.00497,0.00017
10.81000,1.98000,0.99915,0.00001,0.00013,0.00070,0.00001
11.01000,1.98000,0.99961,0.00000,0.00009,0.00029,0.00000
11.21000,1.98000,0.99994,0.00000,0.00002,0.00004,0.00000
11.41000,1.98000,0.99996,0.00000,0.00001,0.00003,0.00000
11.61000,1.98000,0.99999,0.00000,0.00000,0.00001,0.00000
11.81000,1.98000,0.99999,0.00000,0.00000,0.00001,0.00000
12.01000,1.98000,0.99999,0.00000,0.00000,0.00001,0.00000
12.21000,1.98000,0.99998,0.00000,0.00000,0.00001,0.00000
12.41000,1.98000,0.99998,0.00000,0.00000,0.00001,0.00000
12.61000,1.98000,0.99998,0.00000,0.00000,0.00001,0.00000
12.81000,1.98000,0.99998,0.00000,0.00001,0.00001,0.00000
13.01000,1.98000,0.99997,0.00000,0.00001,0.00002,0.00000
13.21000,1.98000,0.99996,0.00000,0.00001,0.00003,0.00000
13.41000,1.98000,0.99997,0.00000,0.00001,0.00002,0.00000
13.61000,1.98000,0.99997,0.00000,0.00001,0.00002,0.00000
13.81000,1.98000,0.99997,0.00000,0.00001,0.00002,0.00000
14.01000,1.98000,0.99996,0.00000,0.00001,0.00003,0.00000
14.21000,1.98000,0.99997,0.00000,0.00001,0.00002,0.00000
14.41000,1.98000,0.99998,0.00000,0.00001,0.00001,0.00000
14.61000,1.98000,0.99999,0.00000,0.00000,0.00001,0.00000
14.81000,1.98000,0.99999,0.00000,0.00000,0.00001,0.00000
15.01000,1.98000,0.99998,0.00000,0.00001,0.00001,0.00000
15.21000,1.98000,0.99998,0.00000,0.00001,0.00001,0.00000
15.41000,1.98000,0.99998,0.00000,0.00001,0.00001,0.00000
15.61000,1.98000,0.99999,0.00000,0.00000,0.00001,0.00000
15.81000,1.98000,0.99996,0.00000,0.00001,0.00002,0.00000
16.01000,1.98000,0.99997,0.00000,0.00001,0.00002,0.00000
16.21000,1.98000,0.99996,0.00000,0.00001,0.00002,0.00000
16.41000,1.98000,0.99997,0.00000,0.00001,0.00002,0.00000
16.61000,1.98000,0.99996,0.00000,0.00001,0.00003,0.00000
16.81000,1.98000,0.99996,0.00000,0.00001,0.00002,0.00000
17.01000,1.98000,0.99994,0.00000,0.00002,0.00004,0.00000
17.21000,1.98000,0.99995,0.00000,0.00002,0.00003,0.00000
17.41000,1.98000,0.99997,0.00000,0.00001,0.00002,0.00000
17.61000,1.98000,0.99997,0.00000,0.00001,0.00002,0.00000
17.81000,1.98000,0.99998,0.00000,0.00001,0.00001,0.00000
18.01000,1.98000,0.99998,0.00000,0.00001,0.00002,0.00000
18.21000,1.98000,0.99997,0.00000,0.00001,0.00002,0.00000
18.41000,1.98000,0.99997,0.00000,0.00000,0.00002,0.00000
18.61000,1.98000,0.99981,0.00000,0.00001,0.00018,0.00000
18.81000,1.98000,0.99965,0.00001,0.00001,0.00032,0.00001
19.01000,1.98000,0.99948,0.00015,0.00001,0.00034,0.00003
19.21000,1.98000,0.94693,0.00532,0.00097,0.04586,0.00093
19.41000,1.98000,0.62192,0.08418,0.00450,0.28492,0.00448
19.61000,1.98000,0.42653,0.07502,0.00835,0.48533,0.00477
19.81000,1.98000,0.95838,0.01423,0.00050,0.02623,0.00067
20.01000,1.98000,0.99324,0.00217,0.00051,0.00401,0.00007
20.21000,1.98000,0.99881,0.00011,0.00043,0.00064,0.00001
20.41000,1.98000,0.99972,0.00000,0.00015,0.00013,0.00000
20.61000,1.98000,0.99985,0.00000,0.00008,0.00007,0.00000
20.81000,1.98000,0.99996,0.00000,0.00002,0.00002,0.00000
21.01000,1.98000,0.99997,0.00000,0.00001,0.00002,0.00000
21.21000,1.98000,0.99999,0.00000,0.00000,0.00001,0.00000
21.41000,1.98000,0.99999,0.00000,0.00000,0.00001,0.00000
21.61000,1.98000,0.99999,0.00000,0.00000,0.00001,0.00000
21.81000,1.98000,0.99998,0.00000,0.00001,0.00001,0.00000
22.01000,1.98000,0.99997,0.00000,0.00001,0.00002,0.00000
22.21000,1.98000,0.99997,0.00000,0.00001,0.00002,0.00000
22.41000,1.98000,0.99995,0.00000,0.00002,0.00004,0.00000
22.61000,1.98000,0.99997,0.00000,0.00001,0.00002,0.00000
22.81000,1.98000,0.99999,0.00000,0.00001,0.00001,0.00000
23.01000,1.98000,0.99998,0.00000,0.00001,0.00001,0.00000
23.21000,1.98000,0.99997,0.00000,0.00001,0.00002,0.00000
23.41000,1.98000,0.99995,0.00000,0.00002,0.00003,0.00000
23.61000,1.98000,0.99996,0.00000,0.00002,0.00002,0.00000
23.81000,1.98000,0.99995,0.00000,0.00002,0.00003,0.00000
24.01000,1.98000,0.99997,0.00000,0.00001,0.00002,0.00000
24.21000,1.98000,0.99998,0.00000,0.00001,0.00001,0.00000
24.41000,1.98000,0.99997,0.00000,0.00001,0.00002,0.00000
24.61000,1.98000,0.99985,0.00000,0.00005,0.00010,0.00000
24.81000,1.98000,0.99996,0.00000,0.00001,0.00003,0.00000
25.01000,1.98000,0.99991,0.00000,0.00003,0.00006,0.00000
25.21000,1.98000,0.99993,0.00000,0.00002,0.00005,0.00000
25.41000,1.98000,0.99992,0.00000,0.00002,0.00006,0.00000
25.61000,1.98000,0.99992,0.00000,0.00001,0.00008,0.00000
25.81000,1.98000,0.99958,0.00000,0.00002,0.00039,0.00000
26.01000,1.98000,0.99905,0.00001,0.00003,0.00090,0.00001
26.21000,1.98000,0.99725,0.00008,0.00006,0.00255,0.00007
26.41000,1.98000,0.92049,0.00188,0.00081,0.07548,0.00134
26.61000,1.98000,0.69661,0.00570,0.00397,0.29031,0.00341
26.81000,1.98000,0.40396,0.01813,0.00544,0.56758,0.00489
27.01000,1.98000,0.94551,0.00192,0.00073,0.05099,0.00086
27.21000,1.98000,0.99668,0.00030,0.00017,0.00280,0.00005
27.41000,1.98000,0.99847,0.00001,0.00051,0.00099,0.00001
27.61000,1.98000,0.99972,0.00000,0.00007,0.00021,0.00000
27.81000,1.98000,0.99989,0.00000,0.00004,0.00007,0.00000
28.01000,1.98000,0.99995,0.00000,0.00002,0.00004,0.00000
28.21000,1.98000,0.99996,0.00000,0.00001,0.00003,0.00000
28.41000,1.98000,0.99998,0.00000,0.00000,0.00001,0.00000
28.61000,1.98000,0.99998,0.00000,0.00001,0.00002,0.00000
28.81000,1.98000,0.99999,0.00000,0.00000,0.00001,0.00000
29.01000,1.98000,0.99998,0.00000,0.00000,0.00001,0.00000
29.21000,1.98000,0.99999,0.00000,0.00000,0.00001,0.00000
29.41000,1.98000,0.99998,0.00000,0.00001,0.00001,0.00000
29.61000,1.98000,0.99999,0.00000,0.00000,0.00001,0.00000
29.81000,1.98000,0.99999,0.00000,0.00000,0.00001,0.00000
30.01000,1.98000,0.99999,0.00000,0.00000,0.00001,0.00000
30.21000,1.98000,0.99998,0.00000,0.00001,0.00001,0.00000
30.41000,1.98000,0.99998,0.00000,0.00001,0.00001,0.00000
30.61000,1.98000,0.99998,0.00000,0.00001,0.00001,0.00000
30.81000,1.98000,0.99998,0.00000,0.00001,0.00001,0.00000
31.01000,1.98000,0.99998,0.00000,0.00001,0.00001,0.00000
31.21000,1.98000,0.99998,0.00000,0.00000,0.00001,0.00000
31.41000,1.98000,0.99997,0.00000,0.00001,0.00002,0.00000
31.61000,1.98000,0.99998,0.00000,0.00000,0.00001,0.00000
31.81000,1.98000,0.99999,0.00000,0.00000,0.00001,0.00000
32.01000,1.98000,0.99998,0.00000,0.00001,0.00001,0.00000
32.21000,1.98000,0.99997,0.00000,0.00001,0.00002,0.00000
32.41000,1.98000,0.99997,0.00000,0.00001,0.00002,0.00000
32.61000,1.98000,0.99997,0.00000,0.00001,0.00002,0.00000
32.81000,1.98000,0.99994,0.00000,0.00002,0.00004,0.00000
33.01000,1.98000,0.99998,0.00000,0.00001,0.00002,0.00000
33.21000,1.98000,0.99996,0.00000,0.00001,0.00003,0.00000
33.41000,1.98000,0.99996,0.00000,0.00001,0.00003,0.00000
33.61000,1.98000,0.99994,0.00000,0.00002,0.00004,0.00000
33.81000,1.98000,0.99994,0.00000,0.00002,0.00004,0.00000
34.01000,1.98000,0.99996,0.00000,0.00001,0.00003,0.00000
34.21000,1.98000,0.99997,0.00000,0.00000,0.00003,0.00000
34.41000,1.98000,0.99987,0.00000,0.00001,0.00012,0.00000
34.61000,1.98000,0.99960,0.00000,0.00001,0.00038,0.00000
34.81000,1.98000,0.99616,0.00004,0.00006,0.00366,0.00008
35.01000,1.98000,0.97679,0.00039,0.00019,0.02203,0.00060
35.21000,1.98000,0.56438,0.00811,0.00234,0.42046,0.00472
35.41000,1.98000,0.35161,0.01375,0.00274,0.62550,0.00639
35.61000,1.98000,0.79188,0.00563,0.00112,0.19816,0.00321
35.81000,1.98000,0.98746,0.00048,0.00017,0.01168,0.00022
36.01000,1.98000,0.99662,0.00007,0.00036,0.00292,0.00003
36.21000,1.98000,0.99941,0.00001,0.00009,0.00049,0.00001
36.41000,1.98000,0.99985,0.00000,0.00003,0.00011,0.00000
36.61000,1.98000,0.99995,0.00000,0.00001,0.00004,0.00000
36.81000,1.98000,0.99998,0.00000,0.00000,0.00001,0.00000
37.01000,1.98000,0.99998,0.00000,0.00000,0.00001,0.00000
37.21000,1.98000,0.99999,0.00000,0.00000,0.00001,0.00000
37.41000,1.98000,0.99999,0.00000,0.00000,0.00001,0.00000
37.61000,1.98000,0.99999,0.00000,0.00000,0.00001,0.00000
37.81000,1.98000,0.99999,0.00000,0.00000,0.00001,0.00000
38.01000,1.98000,0.99999,0.00000,0.00000,0.00001,0.00000
38.21000,1.98000,0.99999,0.00000,0.00000,0.00001,0.00000
38.41000,1.98000,0.99998,0.00000,0.00000,0.00001,0.00000
38.61000,1.98000,0.99999,0.00000,0.00000,0.00001,0.00000
38.81000,1.98000,0.99998,0.00000,0.00000,0.00001,0.00000
39.01000,1.98000,0.99998,0.00000,0.00001,0.00001,0.00000
39.21000,1.98000,0.99998,0.00000,0.00001,0.00001,0.00000
39.41000,1.98000,0.99997,0.00000,0.00001,0.00002,0.00000
39.61000,1.98000,0.99998,0.00000,0.00001,0.00002,0.00000
39.81000,1.98000,0.99998,0.00000,0.00001,0.00001,0.00000
40.01000,1.98000,0.99998,0.00000,0.00001,0.00001,0.00000
40.21000,1.98000,0.99998,0.00000,0.00000,0.00001,0.00000
40.41000,1.98000,0.99998,0.00000,0.00000,0.00002,0.00000
40.61000,1.98000,0.99998,0.00000,0.00000,0.00001,0.00000
40.81000,1.98000,0.99998,0.00000,0.00001,0.00002,0.00000
41.01000,1.98000,0.99998,0.00000,0.00001,0.00002,0.00000
41.21000,1.98000,0.99995,0.00000,0.00001,0.00004,0.00000
41.41000,1.98000,0.99999,0.00000,0.00000,0.00001,0.00000
41.61000,1.98000,0.99999,0.00000,0.00000,0.00001,0.00000
41.81000,1.98000,0.99999,0.00000,0.00000,0.00001,0.00000
42.01000,1.98000,0.99997,0.00000,0.00001,0.00002,0.00000
42.21000,1.98000,0.99998,0.00000,0.00001,0.00001,0.00000
42.41000,1.98000,0.99996,0.00000,0.00002,0.00003,0.00000
42.61000,1.98000,0.99998,0.00000,0.00001,0.00001,0.00000
42.81000,1.98000,0.99993,0.00000,0.00000,0.00006,0.00000
43.01000,1.98000,0.99978,0.00000,0.00001,0.00021,0.00000
43.21000,1.98000,0.99709,0.00002,0.00005,0.00279,0.00005
43.41000,1.98000,0.99362,0.00005,0.00006,0.00596,0.00030
43.61000,1.98000,0.60190,0.00446,0.00204,0.38401,0.00759
43.81000,1.98000,0.51524,0.00511,0.00220,0.46996,0.00748
44.01000,1.98000,0.31854,0.01027,0.00188,0.65811,0.01119
44.21000,1.98000,0.96661,0.00102,0.00012,0.03093,0.00132
44.41000,1.98000,0.99900,0.00011,0.00003,0.00082,0.00005
44.61000,1.98000,0.99982,0.00000,0.00002,0.00014,0.00001
44.81000,1.98000,0.99996,0.00000,0.00001,0.00003,0.00000
45.01000,1.98000,0.99997,0.00000,0.00000,0.00002,0.00000
45.21000,1.98000,0.99999,0.00000,0.00000,0.00001,0.00000
45.41000,1.98000,0.99995,0.00000,0.00001,0.00004,0.00001
45.61000,1.98000,0.99996,0.00000,0.00001,0.00002,0.00001
45.81000,1.98000,0.99998,0.00000,0.00000,0.00001,0.00001
46.01000,1.98000,0.99998,0.00000,0.00000,0.00001,0.00001
46.21000,1.98000,0.99995,0.00000,0.00001,0.00003,0.00001
46.41000,1.98000,0.99990,0.00000,0.00003,0.00006,0.00001
46.61000,1.98000,0.99992,0.00000,0.00003,0.00005,0.00000
46.81000,1.98000,0.99986,0.00000,0.00005,0.00008,0.00000
47.01000,1.98000,0.99967,0.00000,0.00011,0.00021,0.00000
47.21000,1.98000,0.99994,0.00000,0.00002,0.00004,0.00000
47.41000,1.98000,0.99994,0.00000,0.00002,0.00003,0.00000
47.61000,1.98000,0.99997,0.00000,0.00001,0.00002,0.00000
47.81000,1.98000,0.99989,0.00000,0.00004,0.00007,0.00000
48.01000,1.98000,0.99998,0.00000,0.00001,0.00002,0.00000
48.21000,1.98000,0.99997,0.00000,0.00000,0.00002,0.00000
48.41000,1.98000,0.99987,0.00000,0.00001,0.00012,0.00000
48.61000,1.98000,0.99961,0.00000,0.00001,0.00037,0.00000
48.81000,1.98000,0.99888,0.00001,0.00003,0.00105,0.00003
49.01000,1.98000,0.94456,0.00028,0.00056,0.05376,0.00084
49.21000,1.98000,0.71945,0.00200,0.00203,0.27322,0.00329
49.41000,1.98000,0.68336,0.00228,0.00247,0.30757,0.00432
49.61000,1.98000,0.85217,0.00205,0.00112,0.14262,0.00204
49.81000,1.98000,0.98749,0.00027,0.00021,0.01188,0.00015
50.01000,1.98000,0.99953,0.00002,0.00004,0.00039,0.00001
50.21000,1.98000,0.99977,0.00000,0.00003,0.00020,0.00000
50.41000,1.98000,0.99952,0.00000,0.00005,0.00043,0.00000
50.61000,1.98000,0.99994,0.00000,0.00001,0.00006,0.00000
50.81000,1.98000,0.99997,0.00000,0.00000,0.00002,0.00000
51.01000,1.98000,0.99994,0.00000,0.00001,0.00005,0.00000
51.21000,1.98000,0.99990,0.00000,0.00001,0.00008,0.00000
51.41000,1.98000,0.99998,0.00000,0.00000,0.00001,0.00000
51.61000,1.98000,1.00000,0.00000,0.00000,0.00000,0.00000
51.81000,1.98000,0.99999,0.00000,0.00000,0.00001,0.00000
52.01000,1.98000,0.99999,0.00000,0.00000,0.00001,0.00000
52.21000,1.98000,0.99999,0.00000,0.00000,0.00001,0.00000
52.41000,1.98000,0.99999,0.00000,0.00000,0.00001,0.00000
52.61000,1.98000,0.99999,0.00000,0.00000,0.00001,0.00000
52.81000,1.98000,0.99999,0.00000,0.00000,0.00001,0.00000
53.01000,1.98000,0.99999,0.00000,0.00000,0.00001,0.00000
53.21000,1.98000,0.99999,0.00000,0.00000,0.00001,0.00000
53.41000,1.98000,0.99999,0.00000,0.00000,0.00001,0.00000
53.61000,1.98000,0.99999,0.00000,0.00000,0.00001,0.00000
53.81000,1.98000,0.99999,0.00000,0.00000,0.00001,0.00000
54.01000,1.98000,0.99999,0.00000,0.00000,0.00001,0.00000
54.21000,1.98000,1.00000,0.00000,0.00000,0.00000,0.00000
54.41000,1.98000,0.99998,0.00000,0.00000,0.00001,0.00000
54.61000,1.98000,0.99993,0.00000,0.00001,0.00006,0.00000
54.81000,1.98000,0.99946,0.00001,0.00003,0.00048,0.00003
55.01000,1.98000,0.99931,0.00001,0.00004,0.00056,0.00008
55.21000,1.98000,0.85709,0.00110,0.00625,0.13241,0.00316
55.41000,1.98000,0.75836,0.00214,0.00505,0.23038,0.00407
55.61000,1.98000,0.63087,0.00492,0.01197,0.34695,0.00529
55.81000,1.98000,0.96433,0.00097,0.00128,0.03237,0.00106
56.01000,1.98000,0.99593,0.00003,0.00173,0.00227,0.00004
56.21000,1.98000,0.99813,0.00002,0.00045,0.00138,0.00002
56.41000,1.98000,0.99977,0.00000,0.00008,0.00015,0.00000
56.61000,1.98000,0.99987,0.00000,0.00004,0.00009,0.00000
56.81000,1.98000,0.99998,0.00000,0.00001,0.00001,0.00000
57.01000,1.98000,0.99998,0.00000,0.00001,0.00002,0.00000
57.21000,1.98000,0.99998,0.00000,0.00000,0.00001,0.00000
57.41000,1.98000,0.99999,0.00000,0.00000,0.00001,0.00000
57.61000,1.98000,0.99999,0.00000,0.00000,0.00001,0.00000
57.81000,1.98000,0.99999,0.00000,0.00000,0.00001,0.00000
58.01000,1.98000,0.99999,0.00000,0.00000,0.00001,0.00000
58.21000,1.98000,0.99998,0.00000,0.00000,0.00001,0.00000
58.41000,1.98000,0.99999,0.00000,0.00000,0.00001,0.00000
58.61000,1.98000,0.99998,0.00000,0.00000,0.00001,0.00000
58.81000,1.98000,0.99998,0.00000,0.00000,0.00001,0.00000
59.01000,1.98000,0.99998,0.00000,0.00001,0.00002,0.00000
59.21000,1.98000,0.99998,0.00000,0.00001,0.00001,0.00000
59.41000,1.98000,0.99998,0.00000,0.00001,0.00001,0.00000
59.61000,1.98000,0.99998,0.00000,0.00001,0.00001,0.00000
59.81000,1.98000,0.99997,0.00000,0.00001,0.00002,0.00000
60.01000,1.98000,0.99998,0.00000,0.00001,0.00001,0.00000
60.21000,1.98000,0.99997,0.00000,0.00001,0.00002,0.00000
60.41000,1.98000,0.99997,0.00000,0.00001,0.00002,0.00000
60.61000,1.98000,0.99999,0.00000,0.00000,0.00001,0.00000
60.81000,1.98000,0.99998,0.00000,0.00001,0.00001,0.00000
61.01000,1.98000,0.99997,0.00000,0.00001,0.00002,0.00000
61.21000,1.98000,0.99998,0.00000,0.00001,0.00001,0.00000
61.41000,1.98000,0.99998,0.00000,0.00001,0.00001,0.00000
61.61000,1.98000,0.99998,0.00000,0.00001,0.00001,0.00000
61.81000,1.98000,0.99998,0.00000,0.00000,0.00001,0.00000
62.01000,1.98000,0.99998,0.00000,0.00001,0.00002,0.00000
62.21000,1.98000,0.99998,0.00000,0.00000,0.00002,0.00000
62.41000,1.98000,0.99988,0.00000,0.00000,0.00012,0.00000
62.61000,1.98000,0.99965,0.00000,0.00001,0.00033,0.00000
62.81000,1.98000,0.99816,0.00003,0.00003,0.00173,0.00006
63.01000,1.98000,0.93765,0.00112,0.00027,0.05974,0.00121
63.21000,1.98000,0.73345,0.00384,0.00102,0.25766,0.00403
63.41000,1.98000,0.79901,0.00214,0.00080,0.19515,0.00291
63.61000,1.98000,0.84994,0.00354,0.00091,0.14234,0.00326
63.81000,1.98000,0.99526,0.00018,0.00004,0.00433,0.00019
64.01000,1.98000,0.99949,0.00001,0.00004,0.00044,0.00002
64.21000,1.98000,0.99975,0.00000,0.00006,0.00018,0.00001
64.41000,1.98000,0.99995,0.00000,0.00001,0.00004,0.00000
64.61000,1.98000,0.99997,0.00000,0.00001,0.00002,0.00000
64.81000,1.98000,0.99998,0.00000,0.00001,0.00001,0.00000
65.01000,1.98000,0.99999,0.00000,0.00000,0.00001,0.00000
65.21000,1.98000,0.99999,0.00000,0.00000,0.00001,0.00000
65.41000,1.98000,0.99999,0.00000,0.00000,0.00001,0.00000
65.61000,1.98000,1.00000,0.00000,0.00000,0.00000,0.00000
65.81000,1.98000,0.99998,0.00000,0.00001,0.00001,0.00000
66.01000,1.98000,0.99999,0.00000,0.00000,0.00001,0.00000
66.21000,1.98000,0.99998,0.00000,0.00001,0.00001,0.00000
66.41000,1.98000,0.99998,0.00000,0.00001,0.00001,0.00000
66.61000,1.98000,0.99996,0.00000,0.00001,0.00002,0.00000
66.81000,1.98000,0.99997,0.00000,0.00001,0.00002,0.00000
67.01000,1.98000,0.99995,0.00000,0.00002,0.00003,0.00000
67.21000,1.98000,0.99993,0.00000,0.00002,0.00005,0.00000
67.41000,1.98000,0.99998,0.00000,0.00001,0.00002,0.00000
67.61000,1.98000,0.99999,0.00000,0.00000,0.00001,0.00000
67.81000,1.98000,0.99997,0.00000,0.00001,0.00002,0.00000
68.01000,1.98000,0.99997,0.00000,0.00001,0.00002,0.00000
68.21000,1.98000,0.99995,0.00000,0.00001,0.00004,0.00000
68.41000,1.98000,0.99998,0.00000,0.00000,0.00001,0.00000
68.61000,1.98000,0.99999,0.00000,0.00000,0.00001,0.00000
68.81000,1.98000,0.99999,0.00000,0.00000,0.00001,0.00000
69.01000,1.98000,0.99999,0.00000,0.00000,0.00001,0.00000
69.21000,1.98000,0.99999,0.00000,0.00000,0.00001,0.00000
69.41000,1.98000,0.99999,0.00000,0.00000,0.00001,0.00000
69.61000,1.98000,0.99999,0.00000,0.00000,0.00001,0.00000
69.81000,1.98000,0.99999,0.00000,0.00000,0.00001,0.00000
70.01000,1.98000,0.99999,0.00000,0.00000,0.00001,0.00000
70.21000,1.98000,0.99999,0.00000,0.00000,0.00001,0.00000
70.41000,1.98000,0.99999,0.00000,0.00000,0.00001,0.00000
70.61000,1.98000,0.99999,0.00000,0.00000,0.00001,0.00000
70.81000,1.98000,0.99999,0.00000,0.00000,0.00001,0.00000
71.01000,1.98000,0.99999,0.00000,0.00000,0.00001,0.00000
71.21000,1.98000,0.99999,0.00000,0.00000,0.00001,0.00000
71.41000,1.98000,0.99999,0.00000,0.00000,0.00001,0.00000
71.61000,1.98000,0.99992,0.00000,0.00000,0.00007,0.00000
71.81000,1.98000,0.99953,0.00000,0.00001,0.00045,0.00001
72.01000,1.98000,0.99769,0.00005,0.00002,0.00213,0.00011
72.21000,1.98000,0.92875,0.00134,0.00021,0.06800,0.00171
72.41000,1.98000,0.65943,0.00524,0.00101,0.32999,0.00433
72.61000,1.98000,0.70224,0.00551,0.00083,0.28586,0.00556
72.81000,1.98000,0.88149,0.00338,0.00044,0.11133,0.00336
73.01000,1.98000,0.99535,0.00020,0.00005,0.00415,0.00025
73.21000,1.98000,0.99909,0.00001,0.00009,0.00077,0.00003
73.41000,1.98000,0.99985,0.00000,0.00003,0.00012,0.00001
73.61000,1.98000,0.99992,0.00000,0.00002,0.00006,0.00000
73.81000,1.98000,0.99998,0.00000,0.00001,0.00001,0.00000
74.01000,1.98000,0.99999,0.00000,0.00000,0.00001,0.00000
74.21000,1.98000,0.99999,0.00000,0.00000,0.00001,0.00000
74.41000,1.98000,0.99999,0.00000,0.00000,0.00001,0.00000
74.61000,1.98000,0.99999,0.00000,0.00000,0.00001,0.00000
74.81000,1.98000,0.99999,0.00000,0.00000,0.00001,0.00000
75.01000,1.98000,0.99999,0.00000,0.00000,0.00001,0.00000
75.21000,1.98000,0.99999,0.00000,0.00000,0.00001,0.00000
75.41000,1.98000,0.99999,0.00000,0.00001,0.00001,0.00000
75.61000,1.98000,0.99998,0.00000,0.00001,0.00001,0.00000
75.81000,1.98000,0.99998,0.00000,0.00001,0.00001,0.00000
76.01000,1.98000,0.99997,0.00000,0.00001,0.00001,0.00000
76.21000,1.98000,0.99997,0.00000,0.00001,0.00001,0.00000
76.41000,1.98000,0.99996,0.00000,0.00002,0.00002,0.00000
76.61000,1.98000,0.99998,0.00000,0.00001,0.00001,0.00000
76.81000,1.98000,0.99996,0.00000,0.00002,0.00002,0.00000
77.01000,1.98000,0.99997,0.00000,0.00001,0.00002,0.00000
77.21000,1.98000,0.99997,0.00000,0.00001,0.00002,0.00000
77.41000,1.98000,0.99997,0.00000,0.00001,0.00002,0.00000
77.61000,1.98000,0.99997,0.00000,0.00001,0.00002,0.00000
77.81000,1.98000,0.99998,0.00000,0.00000,0.00001,0.00000
78.01000,1.98000,0.99998,0.00000,0.00001,0.00001,0.00000
78.21000,1.98000,0.99998,0.00000,0.00000,0.00001,0.00000
78.41000,1.98000,0.99999,0.00000,0.00000,0.00001,0.00000
78.61000,1.98000,0.99999,0.00000,0.00000,0.00001,0.00000
78.81000,1.98000,0.99999,0.00000,0.00000,0.00001,0.00000
79.01000,1.98000,0.99992,0.00000,0.00000,0.00008,0.00000
79.21000,1.98000,0.99965,0.00000,0.00000,0.00033,0.00002
79.41000,1.98000,0.99729,0.00011,0.00002,0.00237,0.00021
79.61000,1.98000,0.96542,0.00103,0.00010,0.03127,0.00220
79.81000,1.98000,0.73770,0.00701,0.00070,0.24634,0.00825
80.01000,1.98000,0.51260,0.01928,0.00130,0.45367,0.01315
80.21000,1.98000,0.87641,0.00870,0.00041,0.10833,0.00615
80.41000,1.98000,0.99731,0.00031,0.00002,0.00219,0.00016
80.61000,1.98000,0.99923,0.00002,0.00006,0.00066,0.00003
80.81000,1.98000,0.99982,0.00000,0.00002,0.00015,0.00001
81.01000,1.98000,0.99996,0.00000,0.00001,0.00004,0.00000
81.21000,1.98000,0.99998,0.00000,0.00000,0.00001,0.00000
81.41000,1.98000,0.99999,0.00000,0.00000,0.00001,0.00000
81.61000,1.98000,0.99999,0.00000,0.00000,0.00001,0.00000
81.81000,1.98000,0.99999,0.00000,0.00000,0.00001,0.00000
82.01000,1.98000,0.99999,0.00000,0.00000,0.00001,0.00000
82.21000,1.98000,0.99999,0.00000,0.00000,0.00001,0.00000
82.41000,1.98000,0.99998,0.00000,0.00001,0.00001,0.00000
82.61000,1.98000,0.99999,0.00000,0.00000,0.00000,0.00000
82.81000,1.98000,0.99999,0.00000,0.00000,0.00001,0.00000
83.01000,1.98000,0.99999,0.00000,0.00000,0.00001,0.00000
83.21000,1.98000,0.99997,0.00000,0.00001,0.00001,0.00000
83.41000,1.98000,0.99997,0.00000,0.00001,0.00001,0.00000
83.61000,1.98000,0.99997,0.00000,0.00001,0.00001,0.00001
83.81000,1.98000,0.99998,0.00000,0.00001,0.00001,0.00000
84.01000,1.98000,0.99998,0.00000,0.00001,0.00001,0.00000
84.21000,1.98000,0.99995,0.00000,0.00002,0.00002,0.00000
84.41000,1.98000,0.99997,0.00000,0.00001,0.00002,0.00000
84.61000,1.98000,0.99997,0.00000,0.00001,0.00002,0.00000
84.81000,1.98000,0.99999,0.00000,0.00000,0.00001,0.00000
85.01000,1.98000,0.99999,0.00000,0.00000,0.00001,0.00000
85.21000,1.98000,0.99999,0.00000,0.00000,0.00001,0.00000
85.41000,1.98000,0.99999,0.00000,0.00000,0.00001,0.00000
85.61000,1.98000,0.99990,0.00000,0.00000,0.00009,0.00001
85.81000,1.98000,0.99983,0.00000,0.00000,0.00016,0.00001
86.01000,1.98000,0.99971,0.00001,0.00002,0.00026,0.00001
86.21000,1.98000,0.95820,0.00081,0.00121,0.03902,0.00076
86.41000,1.98000,0.89365,0.00209,0.00216,0.10134,0.00076
86.61000,1.98000,0.81630,0.00237,0.00295,0.17705,0.00132
86.81000,1.98000,0.89415,0.00523,0.00312,0.09678,0.00072
87.01000,1.98000,0.99851,0.00007,0.00008,0.00131,0.00002
87.21000,1.98000,0.99973,0.00001,0.00010,0.00016,0.00000
87.41000,1.98000,0.99986,0.00000,0.00007,0.00007,0.00000
87.61000,1.98000,0.99998,0.00000,0.00001,0.00001,0.00000
87.81000,1.98000,1.00000,0.00000,0.00000,0.00000,0.00000
88.01000,1.98000,0.99999,0.00000,0.00000,0.00001,0.00000
88.21000,1.98000,0.99999,0.00000,0.00000,0.00001,0.00000
88.41000,1.98000,0.99999,0.00000,0.00000,0.00001,0.00000
88.61000,1.98000,0.99999,0.00000,0.00000,0.00001,0.00000
88.81000,1.98000,0.99999,0.00000,0.00000,0.00001,0.00000
89.01000,1.98000,0.99999,0.00000,0.00000,0.00001,0.00000
89.21000,1.98000,0.99999,0.00000,0.00000,0.00000,0.00000
89.41000,1.98000,0.99999,0.00000,0.00000,0.00000,0.00000
89.61000,1.98000,0.99999,0.00000,0.00000,0.00000,0.00000
89.81000,1.98000,0.99996,0.00000,0.00001,0.00002,0.00001
90.01000,1.98000,0.99994,0.00000,0.00001,0.00003,0.00002
90.21000,1.98000,0.99993,0.00000,0.00002,0.00003,0.00002
90.41000,1.98000,0.99996,0.00000,0.00001,0.00002,0.00002
90.61000,1.98000,0.99997,0.00000,0.00001,0.00002,0.00001
90.81000,1.98000,0.99998,0.00000,0.00001,0.00001,0.00000
91.01000,1.98000,0.99997,0.00000,0.00001,0.00002,0.00000
91.21000,1.98000,0.99996,0.00000,0.00001,0.00003,0.00000
91.41000,1.98000,0.99997,0.00000,0.00001,0.00002,0.00000
91.61000,1.98000,0.99998,0.00000,0.00001,0.00002,0.00000
91.81000,1.98000,0.99998,0.00000,0.00000,0.00001,0.00000
92.01000,1.98000,0.99998,0.00000,0.00000,0.00001,0.00000
92.21000,1.98000,0.99998,0.00000,0.00000,0.00002,0.00000
92.41000,1.98000,0.99994,0.00000,0.00001,0.00005,0.00000
92.61000,1.98000,0.99984,0.00000,0.00001,0.00014,0.00001
92.81000,1.98000,0.99920,0.00000,0.00003,0.00067,0.00010
93.01000,1.98000,0.99736,0.00001,0.00005,0.00217,0.00042
93.21000,1.98000,0.99372,0.00002,0.00007,0.00426,0.00192
93.41000,1.98000,0.97837,0.00016,0.00014,0.01395,0.00738
93.61000,1.98000,0.97107,0.00020,0.00025,0.02043,0.00804
93.81000,1.98000,0.98635,0.00013,0.00022,0.01025,0.00305
94.01000,1.98000,0.99501,0.00003,0.00015,0.00401,0.00080
94.21000,1.98000,0.99826,0.00001,0.00009,0.00145,0.00018
94.41000,1.98000,0.99962,0.00000,0.00004,0.00031,0.00003
94.61000,1.98000,0.99989,0.00000,0.00002,0.00009,0.00001
94.81000,1.98000,0.99998,0.00000,0.00001,0.00002,0.00000
95.01000,1.98000,0.99996,0.00000,0.00001,0.00002,0.00000
95.21000,1.98000,0.99999,0.00000,0.00000,0.00000,0.00000
95.41000,1.98000,0.99998,0.00000,0.00001,0.00001,0.00000
95.61000,1.98000,0.99999,0.00000,0.00000,0.00001,0.00000
95.81000,1.98000,0.99999,0.00000,0.00000,0.00001,0.00000
96.01000,1.98000,0.99999,0.00000,0.00000,0.00001,0.00000
96.21000,1.98000,0.99999,0.00000,0.00000,0.00001,0.00000
96.41000,1.98000,0.99999,0.00000,0.00000,0.00001,0.00000
96.61000,1.98000,0.99998,0.00000,0.00001,0.00001,0.00000
96.81000,1.98000,0.99998,0.00000,0.00001,0.00001,0.00000
97.01000,1.98000,0.99998,0.00000,0.00001,0.00001,0.00000
97.21000,1.98000,0.99998,0.00000,0.00000,0.00001,0.00000
97.41000,1.98000,0.99999,0.00000,0.00000,0.00001,0.00000
97.61000,1.98000,0.99998,0.00000,0.00001,0.00001,0.00000
97.81000,1.98000,0.99999,0.00000,0.00001,0.00001,0.00000
98.01000,1.98000,0.99998,0.00000,0.00001,0.00001,0.00000
98.21000,1.98000,0.99998,0.00000,0.00001,0.00001,0.00000
98.41000,1.98000,0.99998,0.00000,0.00001,0.00001,0.00000
98.61000,1.98000,0.99999,0.00000,0.00000,0.00001,0.00000
98.81000,1.98000,0.99998,0.00000,0.00000,0.00001,0.00000
99.01000,1.98000,0.99998,0.00000,0.00001,0.00001,0.00000
99.21000,1.98000,0.99999,0.00000,0.00000,0.00001,0.00000
99.41000,1.98000,0.99999,0.00000,0.00000,0.00001,0.00000
99.61000,1.98000,0.99999,0.00000,0.00000,0.00001,0.00000
99.81000,1.98000,0.99999,0.00000,0.00000,0.00001,0.00000
100.01000,1.98000,0.99999,0.00000,0.00000,0.00001,0.00000
100.21000,1.98000,0.99998,0.00000,0.00000,0.00001,0.00000
100.41000,1.98000,0.99999,0.00000,0.00000,0.00001,0.00000
100.61000,1.98000,0.99999,0.00000,0.00000,0.00001,0.00000
100.81000,1.98000,0.99999,0.00000,0.00000,0.00001,0.00000
101.01000,1.98000,0.99999,0.00000,0.00000,0.00001,0.00000
101.21000,1.98000,0.99999,0.00000,0.00000,0.00001,0.00000
101.41000,1.98000,0.99999,0.00000,0.00000,0.00001,0.00000
101.61000,1.98000,0.99999,0.00000,0.00000,0.00001,0.00000
101.81000,1.98000,0.99998,0.00000,0.00000,0.00001,0.00000
102.01000,1.98000,0.99998,0.00000,0.00000,0.00001,0.00000
102.21000,1.98000,0.99998,0.00000,0.00000,0.00002,0.00000
102.41000,1.98000,0.99993,0.00000,0.00000,0.00007,0.00000
102.61000,1.98000,0.99970,0.00000,0.00001,0.00027,0.00002
102.81000,1.98000,0.99764,0.00002,0.00003,0.00212,0.00018
103.01000,1.98000,0.98440,0.00034,0.00009,0.01369,0.00148
103.21000,1.98000,0.94034,0.00213,0.00024,0.04932,0.00797
103.41000,1.98000,0.93836,0.00211,0.00014,0.04965,0.00975
103.61000,1.98000,0.87378,0.00476,0.00039,0.10620,0.01487
103.81000,1.98000,0.96626,0.00212,0.00020,0.02701,0.00442
104.01000,1.98000,0.99606,0.00021,0.00008,0.00316,0.00049
104.21000,1.98000,0.99956,0.00001,0.00002,0.00036,0.00004
104.41000,1.98000,0.99993,0.00000,0.00001,0.00006,0.00000
104.61000,1.98000,0.99996,0.00000,0.00001,0.00003,0.00000
104.81000,1.98000,0.99998,0.00000,0.00000,0.00002,0.00000
105.01000,1.98000,0.99998,0.00000,0.00001,0.00002,0.00000
105.21000,1.98000,0.99999,0.00000,0.00000,0.00001,0.00000
105.41000,1.98000,0.99999,0.00000,0.00000,0.00001,0.00000
105.61000,1.98000,0.99999,0.00000,0.00000,0.00001,0.00000
105.81000,1.98000,0.99999,0.00000,0.00000,0.00001,0.00000
106.01000,1.98000,0.99999,0.00000,0.00000,0.00001,0.00000
106.21000,1.98000,0.99999,0.00000,0.00000,0.00001,0.00000
106.41000,1.98000,0.99999,0.00000,0.00000,0.00001,0.00000
106.61000,1.98000,0.99999,0.00000,0.00000,0.00001,0.00000
106.81000,1.98000,0.99999,0.00000,0.00000,0.00001,0.00000
107.01000,1.98000,0.99999,0.00000,0.00000,0.00001,0.00000
107.21000,1.98000,0.99999,0.00000,0.00000,0.00001,0.00000
107.41000,1.98000,0.99999,0.00000,0.00000,0.00000,0.00000
107.61000,1.98000,0.99999,0.00000,0.00000,0.00001,0.00000
107.81000,1.98000,0.99999,0.00000,0.00000,0.00001,0.00000
108.01000,1.98000,0.99998,0.00000,0.00001,0.00001,0.00000
108.21000,1.98000,0.99997,0.00000,0.00001,0.00001,0.00000
108.41000,1.98000,0.99996,0.00000,0.00001,0.00002,0.00000
108.61000,1.98000,0.99997,0.00000,0.00001,0.00002,0.00000
108.81000,1.98000,0.99999,0.00000,0.00000,0.00001,0.00000
109.01000,1.98000,0.99997,0.00000,0.00001,0.00002,0.00000
109.21000,1.98000,0.99998,0.00000,0.00001,0.00001,0.00000
109.41000,1.98000,0.99998,0.00000,0.00001,0.00001,0.00000
109.61000,1.98000,0.99998,0.00000,0.00001,0.00002,0.00000
109.81000,1.98000,0.99999,0.00000,0.00000,0.00001,0.00000
110.01000,1.98000,0.99999,0.00000,0.00000,0.00001,0.00000
110.21000,1.98000,0.99998,0.00000,0.00000,0.00002,0.00000
110.41000,1.98000,0.99993,0.00000,0.00000,0.00006,0.00000
110.61000,1.98000,0.99959,0.00000,0.00001,0.00038,0.00001
110.81000,1.98000,0.99849,0.00003,0.00002,0.00141,0.00006
111.01000,1.98000,0.98877,0.00055,0.00008,0.01003,0.00058
111.21000,1.98000,0.87696,0.00575,0.00045,0.11143,0.00541
111.41000,1.98000,0.65632,0.01815,0.00152,0.31345,0.01056
111.61000,1.98000,0.82225,0.00918,0.00089,0.16150,0.00618
111.81000,1.98000,0.98624,0.00129,0.00022,0.01151,0.00075
112.01000,1.98000,0.99807,0.00009,0.00011,0.00163,0.00009
112.21000,1.98000,0.99955,0.00001,0.00010,0.00033,0.00002
112.41000,1.98000,0.99990,0.00000,0.00002,0.00008,0.00000
112.61000,1.98000,0.99995,0.00000,0.00001,0.00003,0.00000
112.81000,1.98000,0.99997,0.00000,0.00001,0.00002,0.00000
113.01000,1.98000,0.99998,0.00000,0.00001,0.00001,0.00000
113.21000,1.98000,0.99999,0.00000,0.00000,0.00001,0.00000
113.41000,1.98000,0.99999,0.00000,0.00000,0.00001,0.00000
113.61000,1.98000,0.99999,0.00000,0.00000,0.00001,0.00000
113.81000,1.98000,0.99999,0.00000,0.00000,0.00000,0.00000
114.01000,1.98000,0.99999,0.00000,0.00000,0.00000,0.00000
114.21000,1.98000,0.99999,0.00000,0.00000,0.00001,0.00000
114.41000,1.98000,0.99999,0.00000,0.00000,0.00000,0.00000
114.61000,1.98000,0.99999,0.00000,0.00000,0.00000,0.00000
114.81000,1.98000,0.99996,0.00000,0.00001,0.00002,0.00001
115.01000,1.98000,0.99995,0.00000,0.00002,0.00002,0.00001
115.21000,1.98000,0.99996,0.00000,0.00001,0.00002,0.00001
115.41000,1.98000,0.99996,0.00000,0.00002,0.00002,0.00000
115.61000,1.98000,0.99997,0.00000,0.00001,0.00002,0.00000
115.81000,1.98000,0.99998,0.00000,0.00001,0.00001,0.00000
116.01000,1.98000,0.99997,0.00000,0.00001,0.00002,0.00000
116.21000,1.98000,0.99997,0.00000,0.00001,0.00002,0.00000
116.41000,1.98000,0.99999,0.00000,0.00000,0.00001,0.00000
116.61000,1.98000,0.99998,0.00000,0.00001,0.00001,0.00000
116.81000,1.98000,0.99999,0.00000,0.00000,0.00001,0.00000
117.01000,1.98000,0.99998,0.00000,0.00000,0.00001,0.00000
117.21000,1.98000,0.99998,0.00000,0.00000,0.00002,0.00000
117.41000,1.98000,0.99984,0.00000,0.00001,0.00015,0.00001
117.61000,1.98000,0.99970,0.00000,0.00001,0.00027,0.00002
117.81000,1.98000,0.99830,0.00003,0.00002,0.00157,0.00008
118.01000,1.98000,0.98844,0.00073,0.00009,0.00988,0.00087
118.21000,1.98000,0.87755,0.01111,0.00036,0.10374,0.00724
118.41000,1.98000,0.49082,0.02795,0.00193,0.46250,0.01680
118.61000,1.98000,0.83500,0.01540,0.00049,0.13992,0.00919
118.81000,1.98000,0.98278,0.00261,0.00017,0.01300,0.00143
119.01000,1.98000,0.99838,0.00011,0.00008,0.00130,0.00013
119.21000,1.98000,0.99947,0.00001,0.00008,0.00040,0.00003
119.41000,1.98000,0.99992,0.00000,0.00002,0.00006,0.00001
119.61000,1.98000,0.99995,0.00000,0.00001,0.00003,0.00000
119.81000,1.98000,0.99999,0.00000,0.00000,0.00001,0.00000
120.01000,1.98000,0.99999,0.00000,0.00001,0.00001,0.00000
120.21000,1.98000,0.99999,0.00000,0.00000,0.00000,0.00000
120.41000,1.98000,0.99999,0.00000,0.00001,0.00001,0.00000
