Time (seconds), Duration (seconds),pred_(unlabeled),pred_On,pred_Off,pred_Dimmer,pred_Lighter
0.01000,1.98000,0.99996,0.00000,0.00000,0.00001,0.00003
0.21000,1.98000,0.99996,0.00000,0.00000,0.00001,0.00003
0.41000,1.98000,0.99996,0.00000,0.00000,0.00000,0.00003
0.61000,1.98000,0.99997,0.00000,0.00000,0.00000,0.00003
0.81000,1.98000,0.99996,0.00000,0.00000,0.00000,0.00003
1.01000,1.98000,0.99996,0.00000,0.00000,0.00000,0.00003
1.21000,1.98000,0.99996,0.00000,0.00000,0.00000,0.00003
1.41000,1.98000,0.99996,0.00000,0.00000,0.00000,0.00003
1.61000,1.98000,0.99997,0.00000,0.00000,0.00000,0.00003
1.81000,1.98000,0.99999,0.00000,0.00000,0.00000,0.00001
2.01000,1.98000,0.99998,0.00000,0.00000,0.00000,0.00001
2.21000,1.98000,0.99996,0.00000,0.00000,0.00000,0.00003
2.41000,1.98000,0.99983,0.00008,0.00000,0.00003,0.00006
2.61000,1.98000,0.99968,0.00026,0.00000,0.00003,0.00002
2.81000,1.98000,0.99811,0.00185,0.00000,0.00001,0.00002
3.01000,1.98000,0.98230,0.01754,0.00000,0.00006,0.00010
3.21000,1.98000,0.17488,0.82462,0.00005,0.00009,0.00036
3.41000,1.98000,0.44873,0.54946,0.00059,0.00050,0.00071
3.61000,1.98000,0.99637,0.00344,0.00011,0.00001,0.00007
3.81000,1.98000,0.99884,0.00094,0.00009,0.00003,0.00010
4.01000,1.98000,0.99985,0.00015,0.00000,0.00000,0.00000
4.21000,1.98000,0.99891,0.00107,0.00002,0.00000,0.00000
4.41000,1.98000,0.99947,0.00052,0.00001,0.00000,0.00000
4.61000,1.98000,0.99920,0.00078,0.00002,0.00000,0.00000
4.81000,1.98000,0.99453,0.00542,0.00001,0.00001,0.00003
5.01000,1.98000,0.95078,0.04917,0.00003,0.00000,0.00001
5.21000,1.98000,0.94764,0.05235,0.00000,0.00000,0.00000
5.41000,1.98000,0.47823,0.52174,0.00002,0.00000,0.00001
5.61000,1.98000,0.63247,0.36740,0.00009,0.00001,0.00002
5.81000,1.98000,0.98097,0.01845,0.00043,0.00004,0.00010
6.01000,1.98000,0.99764,0.00190,0.00008,0.00020,0.00018
6.21000,1.98000,0.99960,0.00029,0.00002,0.00003,0.00006
6.41000,1.98000,0.99991,0.00004,0.00002,0.00000,0.00002
6.61000,1.98000,0.99996,0.00001,0.00001,0.00000,0.00002
6.81000,1.98000,0.99997,0.00000,0.00001,0.00000,0.00002
7.01000,1.98000,0.99986,0.00000,0.00001,0.00003,0.00010
7.21000,1.98000,0.99996,0.00000,0.00000,0.00001,0.00003
7.41000,1.98000,0.99987,0.00000,0.00000,0.00006,0.00007
7.61000,1.98000,0.99966,0.00002,0.00000,0.00024,0.00008
7.81000,1.98000,0.99970,0.00019,0.00000,0.00008,0.00003
8.01000,1.98000,0.99975,0.00023,0.00000,0.00002,0.00001
8.21000,1.98000,0.99888,0.00110,0.00000,0.00001,0.00001
8.41000,1.98000,0.90193,0.09783,0.00000,0.00015,0.00010
8.61000,1.98000,0.17089,0.82893,0.00002,0.00007,0.00009
8.81000,1.98000,0.89776,0.10087,0.00073,0.00017,0.00048
9.01000,1.98000,0.99355,0.00615,0.00023,0.00001,0.00005
9.21000,1.98000,0.99881,0.00114,0.00002,0.00001,0.00002
9.41000,1.98000,0.99963,0.00033,0.00002,0.00000,0.00001
9.61000,1.98000,0.99996,0.00002,0.00001,0.00000,0.00001
9.81000,1.98000,0.99999,0.00000,0.00001,0.00000,0.00001
10.01000,1.98000,0.99998,0.00000,0.00000,0.00000,0.00001
10.21000,1.98000,1.00000,0.00000,0.00000,0.00000,0.00000
10.41000,1.98000,0.99998,0.00000,0.00000,0.00000,0.00001
10.61000,1.98000,0.99991,0.00006,0.00000,0.00001,0.00002
10.81000,1.98000,0.99992,0.00008,0.00000,0.00000,0.00000
11.01000,1.98000,0.99901,0.00098,0.00000,0.00000,0.00001
11.21000,1.98000,0.91820,0.08163,0.00002,0.00004,0.00011
11.41000,1.98000,0.18823,0.81151,0.00003,0.00006,0.00017
11.61000,1.98000,0.95375,0.04573,0.00041,0.00000,0.00010
11.81000,1.98000,0.99968,0.00025,0.00005,0.00000,0.00001
12.01000,1.98000,0.99946,0.00040,0.00009,0.00001,0.00005
12.21000,1.98000,0.99979,0.00012,0.00004,0.00000,0.00004
12.41000,1.98000,0.99998,0.00001,0.00001,0.00000,0.00001
12.61000,1.98000,0.99998,0.00000,0.00001,0.00000,0.00001
12.81000,1.98000,0.99995,0.00000,0.00000,0.00001,0.00004
13.01000,1.98000,0.99991,0.00000,0.00000,0.00002,0.00007
13.21000,1.98000,0.99996,0.00000,0.00000,0.00001,0.00003
13.41000,1.98000,0.99999,0.00000,0.00000,0.00000,0.00001
13.61000,1.98000,1.00000,0.00000,0.00000,0.00000,0.00000
13.81000,1.98000,0.99999,0.00000,0.00000,0.00000,0.00001
14.01000,1.98000,0.99989,0.00008,0.00001,0.00000,0.00002
14.21000,1.98000,0.99974,0.00025,0.00000,0.00000,0.00000
14.41000,1.98000,0.99311,0.00685,0.00003,0.00000,0.00001
14.61000,1.98000,0.93562,0.06437,0.00000,0.00000,0.00001
14.81000,1.98000,0.79253,0.20745,0.00002,0.00000,0.00001
15.01000,1.98000,0.26820,0.73162,0.00015,0.00000,0.00003
15.21000,1.98000,0.99683,0.00307,0.00010,0.00000,0.00000
15.41000,1.98000,0.99986,0.00011,0.00003,0.00000,0.00000
15.61000,1.98000,0.99976,0.00022,0.00001,0.00000,0.00001
15.81000,1.98000,0.99949,0.00050,0.00001,0.00000,0.00000
16.01000,1.98000,0.99983,0.00016,0.00000,0.00000,0.00000
16.21000,1.98000,0.99992,0.00006,0.00001,0.00000,0.00001
16.41000,1.98000,0.99970,0.00007,0.00001,0.00014,0.00007
16.61000,1.98000,0.99938,0.00003,0.00003,0.00031,0.00025
16.81000,1.98000,0.99957,0.00012,0.00003,0.00015,0.00013
17.01000,1.98000,0.99975,0.00003,0.00001,0.00010,0.00012
17.21000,1.98000,0.99995,0.00001,0.00000,0.00001,0.00003
17.41000,1.98000,0.99999,0.00000,0.00000,0.00000,0.00001
17.61000,1.98000,0.99999,0.00000,0.00000,0.00000,0.00001
17.81000,1.98000,0.99997,0.00000,0.00000,0.00001,0.00002
18.01000,1.98000,0.99980,0.00007,0.00000,0.00005,0.00008
18.21000,1.98000,0.99978,0.00014,0.00000,0.00006,0.00002
18.41000,1.98000,0.99784,0.00210,0.00000,0.00003,0.00003
18.61000,1.98000,0.95224,0.04753,0.00000,0.00010,0.00013
18.81000,1.98000,0.21551,0.78380,0.00007,0.00026,0.00036
19.01000,1.98000,0.96809,0.02996,0.00119,0.00017,0.00059
19.21000,1.98000,0.99950,0.00035,0.00010,0.00000,0.00004
19.41000,1.98000,0.99936,0.00056,0.00003,0.00001,0.00004
19.61000,1.98000,0.99989,0.00009,0.00001,0.00000,0.00001
19.81000,1.98000,0.99997,0.00001,0.00001,0.00000,0.00001
20.01000,1.98000,0.99998,0.00000,0.00001,0.00000,0.00001
20.21000,1.98000,0.99998,0.00000,0.00000,0.00000,0.00002
20.41000,1.98000,0.99999,0.00000,0.00000,0.00000,0.00000
20.61000,1.98000,0.99999,0.00000,0.00000,0.00000,0.00001
20.81000,1.98000,0.99997,0.00001,0.00000,0.00000,0.00002
21.01000,1.98000,0.99974,0.00019,0.00000,0.00001,0.00005
21.21000,1.98000,0.99877,0.00105,0.00001,0.00011,0.00006
21.41000,1.98000,0.99313,0.00682,0.00001,0.00002,0.00002
21.61000,1.98000,0.95548,0.04450,0.00000,0.00000,0.00002
21.81000,1.98000,0.16172,0.83824,0.00001,0.00000,0.00003
22.01000,1.98000,0.87016,0.12869,0.00083,0.00006,0.00027
22.21000,1.98000,0.99880,0.00107,0.00011,0.00000,0.00002
22.41000,1.98000,0.99900,0.00088,0.00006,0.00001,0.00004
22.61000,1.98000,0.99990,0.00009,0.00000,0.00000,0.00000
22.81000,1.98000,0.99994,0.00003,0.00002,0.00000,0.00001
23.01000,1.98000,0.99999,0.00000,0.00000,0.00000,0.00000
23.21000,1.98000,0.99999,0.00000,0.00000,0.00000,0.00000
23.41000,1.98000,0.99996,0.00000,0.00000,0.00000,0.00004
23.61000,1.98000,0.99995,0.00000,0.00000,0.00001,0.00004
23.81000,1.98000,0.99995,0.00000,0.00000,0.00001,0.00004
24.01000,1.98000,0.99995,0.00000,0.00000,0.00000,0.00004
24.21000,1.98000,0.99995,0.00000,0.00000,0.00000,0.00004
24.41000,1.98000,0.99995,0.00000,0.00000,0.00000,0.00004
24.61000,1.98000,0.99995,0.00000,0.00000,0.00000,0.00004
24.81000,1.98000,0.99995,0.00000,0.00000,0.00001,0.00004
25.01000,1.98000,0.99994,0.00000,0.00000,0.00001,0.00005
25.21000,1.98000,0.99994,0.00000,0.00000,0.00001,0.00005
25.41000,1.98000,0.99993,0.00000,0.00000,0.00001,0.00006
25.61000,1.98000,0.99993,0.00000,0.00000,0.00001,0.00005
25.81000,1.98000,0.99997,0.00000,0.00000,0.00000,0.00003
26.01000,1.98000,1.00000,0.00000,0.00000,0.00000,0.00000
26.21000,1.98000,0.99997,0.00000,0.00000,0.00000,0.00002
26.41000,1.98000,0.99986,0.00004,0.00000,0.00003,0.00006
26.61000,1.98000,0.99990,0.00009,0.00000,0.00000,0.00001
26.81000,1.98000,0.99910,0.00085,0.00000,0.00002,0.00003
27.01000,1.98000,0.98098,0.01899,0.00000,0.00000,0.00002
27.21000,1.98000,0.80635,0.19355,0.00000,0.00001,0.00008
27.41000,1.98000,0.21342,0.78612,0.00031,0.00001,0.00014
27.61000,1.98000,0.99736,0.00217,0.00038,0.00001,0.00008
27.81000,1.98000,0.99968,0.00024,0.00006,0.00000,0.00001
28.01000,1.98000,0.99991,0.00007,0.00001,0.00000,0.00001
28.21000,1.98000,0.99993,0.00006,0.00001,0.00000,0.00000
28.41000,1.98000,1.00000,0.00000,0.00000,0.00000,0.00000
28.61000,1.98000,0.99999,0.00001,0.00000,0.00000,0.00000
28.81000,1.98000,0.99984,0.00015,0.00000,0.00000,0.00001
29.01000,1.98000,0.99945,0.00053,0.00000,0.00000,0.00001
29.21000,1.98000,0.99423,0.00570,0.00002,0.00002,0.00004
29.41000,1.98000,0.97118,0.02880,0.00000,0.00000,0.00001
29.61000,1.98000,0.96137,0.03860,0.00000,0.00000,0.00002
29.81000,1.98000,0.10103,0.89891,0.00002,0.00000,0.00004
30.01000,1.98000,0.95979,0.03764,0.00189,0.00003,0.00066
30.21000,1.98000,0.99919,0.00060,0.00010,0.00000,0.00011
30.41000,1.98000,0.99945,0.00015,0.00007,0.00006,0.00026
30.61000,1.98000,0.99988,0.00004,0.00002,0.00001,0.00006
30.81000,1.98000,0.99992,0.00000,0.00002,0.00000,0.00006
31.01000,1.98000,0.99998,0.00000,0.00001,0.00000,0.00001
31.21000,1.98000,0.99999,0.00000,0.00000,0.00000,0.00001
31.41000,1.98000,0.99995,0.00000,0.00000,0.00001,0.00004
31.61000,1.98000,0.99995,0.00000,0.00000,0.00001,0.00004
31.81000,1.98000,0.99995,0.00000,0.00000,0.00001,0.00004
32.01000,1.98000,0.99995,0.00000,0.00000,0.00001,0.00004
32.21000,1.98000,0.99995,0.00000,0.00000,0.00001,0.00004
32.41000,1.98000,0.99996,0.00000,0.00000,0.00000,0.00004
32.61000,1.98000,1.00000,0.00000,0.00000,0.00000,0.00000
32.81000,1.98000,0.99999,0.00000,0.00000,0.00000,0.00001
33.01000,1.98000,0.99997,0.00002,0.00000,0.00000,0.00001
33.21000,1.98000,0.99990,0.00009,0.00000,0.00000,0.00001
33.41000,1.98000,0.99936,0.00063,0.00000,0.00000,0.00000
33.61000,1.98000,0.99010,0.00989,0.00001,0.00000,0.00001
33.81000,1.98000,0.96722,0.03278,0.00000,0.00000,0.00000
34.01000,1.98000,0.08579,0.91419,0.00001,0.00000,0.00001
34.21000,1.98000,0.78745,0.21243,0.00009,0.00000,0.00003
34.41000,1.98000,0.99312,0.00681,0.00005,0.00000,0.00002
34.61000,1.98000,0.99455,0.00527,0.00011,0.00001,0.00007
34.81000,1.98000,0.99844,0.00147,0.00006,0.00000,0.00003
35.01000,1.98000,0.99969,0.00029,0.00001,0.00000,0.00001
35.21000,1.98000,0.99992,0.00005,0.00001,0.00000,0.00001
35.41000,1.98000,0.99991,0.00005,0.00000,0.00001,0.00003
35.61000,1.98000,0.99906,0.00021,0.00001,0.00037,0.00035
35.81000,1.98000,0.99938,0.00013,0.00000,0.00007,0.00040
36.01000,1.98000,0.99795,0.00005,0.00000,0.00008,0.00192
36.21000,1.98000,0.99640,0.00007,0.00001,0.00018,0.00334
36.41000,1.98000,0.98158,0.00036,0.00003,0.00207,0.01595
36.61000,1.98000,0.98917,0.00007,0.00001,0.00125,0.00950
36.81000,1.98000,0.99480,0.00033,0.00001,0.00032,0.00453
37.01000,1.98000,0.99974,0.00013,0.00000,0.00000,0.00013
37.21000,1.98000,0.99713,0.00072,0.00000,0.00006,0.00209
37.41000,1.98000,0.99852,0.00068,0.00001,0.00001,0.00078
37.61000,1.98000,0.99975,0.00019,0.00000,0.00000,0.00006
37.81000,1.98000,0.99834,0.00165,0.00000,0.00000,0.00000
38.01000,1.98000,0.93291,0.06706,0.00000,0.00000,0.00002
38.21000,1.98000,0.13235,0.86764,0.00000,0.00000,0.00000
38.41000,1.98000,0.76637,0.23266,0.00078,0.00001,0.00018
38.61000,1.98000,0.99704,0.00283,0.00011,0.00000,0.00002
38.81000,1.98000,0.99949,0.00047,0.00003,0.00000,0.00001
39.01000,1.98000,0.99988,0.00011,0.00001,0.00000,0.00000
39.21000,1.98000,0.99998,0.00001,0.00001,0.00000,0.00000
39.41000,1.98000,0.99999,0.00000,0.00000,0.00000,0.00000
39.61000,1.98000,0.99999,0.00000,0.00000,0.00000,0.00000
39.81000,1.98000,0.99998,0.00000,0.00000,0.00001,0.00002
40.01000,1.98000,0.99997,0.00000,0.00000,0.00000,0.00002
40.21000,1.98000,1.00000,0.00000,0.00000,0.00000,0.00000
40.41000,1.98000,0.99998,0.00000,0.00000,0.00000,0.00001
40.61000,1.98000,0.99992,0.00006,0.00000,0.00001,0.00001
40.81000,1.98000,0.99992,0.00007,0.00000,0.00000,0.00000
41.01000,1.98000,0.99801,0.00195,0.00001,0.00001,0.00002
41.21000,1.98000,0.96577,0.03422,0.00000,0.00000,0.00000
41.41000,1.98000,0.78683,0.21316,0.00000,0.00000,0.00001
41.61000,1.98000,0.28043,0.71954,0.00003,0.00000,0.00001
41.81000,1.98000,0.93126,0.06774,0.00090,0.00001,0.00008
42.01000,1.98000,0.99471,0.00518,0.00007,0.00001,0.00003
42.21000,1.98000,0.99963,0.00032,0.00002,0.00001,0.00002
42.41000,1.98000,0.99991,0.00007,0.00002,0.00000,0.00001
42.61000,1.98000,0.99998,0.00001,0.00001,0.00000,0.00000
42.81000,1.98000,0.99999,0.00000,0.00000,0.00000,0.00000
43.01000,1.98000,0.99998,0.00000,0.00000,0.00001,0.00002
43.21000,1.98000,1.00000,0.00000,0.00000,0.00000,0.00000
43.41000,1.98000,1.00000,0.00000,0.00000,0.00000,0.00000
43.61000,1.98000,0.99999,0.00000,0.00000,0.00000,0.00000
43.81000,1.98000,0.99983,0.00016,0.00001,0.00000,0.00000
44.01000,1.98000,0.99897,0.00102,0.00001,0.00000,0.00000
44.21000,1.98000,0.97913,0.02077,0.00009,0.00000,0.00001
44.41000,1.98000,0.92369,0.07631,0.00000,0.00000,0.00000
44.61000,1.98000,0.82316,0.17684,0.00000,0.00000,0.00000
44.81000,1.98000,0.61362,0.38631,0.00007,0.00000,0.00000
45.01000,1.98000,0.87722,0.12150,0.00123,0.00000,0.00005
45.21000,1.98000,0.97099,0.02812,0.00054,0.00001,0.00035
45.41000,1.98000,0.96749,0.03238,0.00003,0.00001,0.00009
45.61000,1.98000,0.98930,0.01051,0.00010,0.00002,0.00007
45.81000,1.98000,0.99946,0.00019,0.00016,0.00000,0.00018
46.01000,1.98000,0.99992,0.00001,0.00003,0.00000,0.00004
46.21000,1.98000,0.99997,0.00000,0.00000,0.00000,0.00002
46.41000,1.98000,0.99985,0.00000,0.00001,0.00003,0.00010
46.61000,1.98000,0.99995,0.00000,0.00000,0.00002,0.00002
46.81000,1.98000,0.99999,0.00000,0.00000,0.00000,0.00000
47.01000,1.98000,0.99998,0.00000,0.00000,0.00001,0.00001
47.21000,1.98000,0.99995,0.00000,0.00000,0.00002,0.00003
47.41000,1.98000,0.99985,0.00000,0.00001,0.00006,0.00008
47.61000,1.98000,0.99985,0.00001,0.00000,0.00003,0.00010
47.81000,1.98000,0.99994,0.00001,0.00000,0.00002,0.00003
48.01000,1.98000,0.99946,0.00008,0.00000,0.00030,0.00016
48.21000,1.98000,0.99900,0.00062,0.00000,0.00030,0.00008
48.41000,1.98000,0.99914,0.00073,0.00000,0.00011,0.00001
48.61000,1.98000,0.99643,0.00356,0.00000,0.00001,0.00000
48.81000,1.98000,0.97119,0.02875,0.00000,0.00003,0.00003
49.01000,1.98000,0.34322,0.65642,0.00001,0.00010,0.00025
49.21000,1.98000,0.48679,0.51181,0.00075,0.00017,0.00049
49.41000,1.98000,0.99775,0.00194,0.00019,0.00001,0.00011
49.61000,1.98000,0.99897,0.00094,0.00005,0.00001,0.00003
49.81000,1.98000,0.99989,0.00009,0.00001,0.00000,0.00001
50.01000,1.98000,0.99995,0.00003,0.00001,0.00000,0.00001
50.21000,1.98000,0.99999,0.00000,0.00000,0.00000,0.00000
50.41000,1.98000,0.99999,0.00000,0.00000,0.00000,0.00000
50.61000,1.98000,0.99996,0.00000,0.00000,0.00001,0.00003
50.81000,1.98000,0.99995,0.00000,0.00000,0.00001,0.00004
51.01000,1.98000,0.99995,0.00000,0.00000,0.00001,0.00004
51.21000,1.98000,0.99995,0.00000,0.00000,0.00001,0.00004
51.41000,1.98000,0.99996,0.00000,0.00000,0.00000,0.00003
51.61000,1.98000,0.99995,0.00000,0.00000,0.00000,0.00004
51.81000,1.98000,0.99999,0.00000,0.00000,0.00000,0.00001
52.01000,1.98000,1.00000,0.00000,0.00000,0.00000,0.00000
52.21000,1.98000,0.99999,0.00000,0.00000,0.00000,0.00000
52.41000,1.98000,0.99983,0.00015,0.00000,0.00000,0.00001
52.61000,1.98000,0.99906,0.00092,0.00001,0.00000,0.00001
52.81000,1.98000,0.99085,0.00906,0.00005,0.00001,0.00003
53.01000,1.98000,0.96524,0.03476,0.00000,0.00000,0.00000
53.21000,1.98000,0.89635,0.10364,0.00000,0.00000,0.00000
53.41000,1.98000,0.50827,0.49163,0.00010,0.00000,0.00000
53.61000,1.98000,0.92407,0.07521,0.00067,0.00000,0.00005
53.81000,1.98000,0.99312,0.00642,0.00023,0.00004,0.00018
54.01000,1.98000,0.99923,0.00058,0.00006,0.00003,0.00010
54.21000,1.98000,0.99978,0.00015,0.00004,0.00000,0.00002
54.41000,1.98000,0.99996,0.00001,0.00002,0.00000,0.00002
54.61000,1.98000,0.99998,0.00000,0.00001,0.00000,0.00000
54.81000,1.98000,0.99999,0.00000,0.00000,0.00000,0.00001
55.01000,1.98000,0.99996,0.00000,0.00000,0.00001,0.00003
55.21000,1.98000,0.99995,0.00000,0.00000,0.00000,0.00004
55.41000,1.98000,0.99997,0.00000,0.00000,0.00000,0.00003
55.61000,1.98000,0.99999,0.00000,0.00000,0.00000,0.00001
55.81000,1.98000,0.99997,0.00001,0.00000,0.00000,0.00002
56.01000,1.98000,0.99990,0.00004,0.00000,0.00000,0.00005
56.21000,1.98000,0.99955,0.00039,0.00000,0.00001,0.00005
56.41000,1.98000,0.99954,0.00045,0.00000,0.00000,0.00001
56.61000,1.98000,0.98965,0.01033,0.00000,0.00000,0.00001
56.81000,1.98000,0.98596,0.01404,0.00000,0.00000,0.00000
57.01000,1.98000,0.78964,0.21033,0.00001,0.00000,0.00002
57.21000,1.98000,0.86839,0.13153,0.00006,0.00000,0.00002
57.41000,1.98000,0.95626,0.04189,0.00075,0.00003,0.00108
57.61000,1.98000,0.99395,0.00478,0.00108,0.00000,0.00019
57.81000,1.98000,0.99578,0.00421,0.00001,0.00000,0.00000
58.01000,1.98000,0.99671,0.00310,0.00019,0.00000,0.00001
58.21000,1.98000,0.99030,0.00949,0.00011,0.00000,0.00009
58.41000,1.98000,0.99523,0.00166,0.00280,0.00009,0.00022
58.61000,1.98000,0.99627,0.00197,0.00018,0.00108,0.00050
58.81000,1.98000,0.99996,0.00001,0.00002,0.00000,0.00001
59.01000,1.98000,0.99995,0.00002,0.00002,0.00000,0.00001
59.21000,1.98000,0.99996,0.00001,0.00003,0.00000,0.00001
59.41000,1.98000,0.99741,0.00256,0.00000,0.00001,0.00002
59.61000,1.98000,0.99880,0.00106,0.00000,0.00004,0.00009
59.81000,1.98000,0.98484,0.01095,0.00003,0.00296,0.00122
60.01000,1.98000,0.99862,0.00044,0.00002,0.00036,0.00056
60.21000,1.98000,0.99797,0.00034,0.00006,0.00064,0.00100
60.41000,1.98000,0.99980,0.00008,0.00000,0.00004,0.00007
60.61000,1.98000,0.99993,0.00004,0.00000,0.00001,0.00003
60.81000,1.98000,0.99999,0.00000,0.00000,0.00000,0.00000
61.01000,1.98000,0.99999,0.00001,0.00000,0.00000,0.00000
61.21000,1.98000,0.99996,0.00003,0.00000,0.00000,0.00001
61.41000,1.98000,0.99991,0.00008,0.00000,0.00000,0.00000
61.61000,1.98000,0.99979,0.00021,0.00000,0.00000,0.00000
61.81000,1.98000,0.99199,0.00800,0.00001,0.00000,0.00000
62.01000,1.98000,0.91115,0.08885,0.00000,0.00000,0.00000
62.21000,1.98000,0.20469,0.79530,0.00001,0.00000,0.00000
62.41000,1.98000,0.93630,0.06344,0.00025,0.00000,0.00001
62.61000,1.98000,0.99970,0.00028,0.00002,0.00000,0.00000
62.81000,1.98000,0.99944,0.00053,0.00002,0.00000,0.00002
63.01000,1.98000,0.99991,0.00008,0.00001,0.00000,0.00000
63.21000,1.98000,0.99999,0.00000,0.00001,0.00000,0.00000
63.41000,1.98000,0.99999,0.00000,0.00001,0.00000,0.00000
63.61000,1.98000,0.99997,0.00000,0.00000,0.00001,0.00002
63.81000,1.98000,0.99995,0.00000,0.00000,0.00001,0.00003
64.01000,1.98000,0.99992,0.00000,0.00001,0.00001,0.00006
64.21000,1.98000,0.99992,0.00000,0.00001,0.00001,0.00006
64.41000,1.98000,0.99996,0.00000,0.00000,0.00001,0.00003
64.61000,1.98000,1.00000,0.00000,0.00000,0.00000,0.00000
64.81000,1.98000,0.99995,0.00001,0.00000,0.00001,0.00003
65.01000,1.98000,0.99994,0.00004,0.00000,0.00001,0.00001
65.21000,1.98000,0.99990,0.00009,0.00000,0.00000,0.00000
65.41000,1.98000,0.99970,0.00030,0.00000,0.00000,0.00000
65.61000,1.98000,0.98014,0.01981,0.00000,0.00002,0.00004
65.81000,1.98000,0.50014,0.49981,0.00001,0.00001,0.00003
66.01000,1.98000,0.72065,0.27775,0.00099,0.00005,0.00057
66.21000,1.98000,0.99974,0.00025,0.00001,0.00000,0.00000
66.41000,1.98000,0.99970,0.00027,0.00002,0.00000,0.00001
66.61000,1.98000,0.99994,0.00005,0.00001,0.00000,0.00000
66.81000,1.98000,0.99997,0.00000,0.00001,0.00000,0.00002
67.01000,1.98000,0.99996,0.00000,0.00001,0.00000,0.00003
67.21000,1.98000,0.99959,0.00000,0.00002,0.00004,0.00035
67.41000,1.98000,0.99754,0.00000,0.00005,0.00022,0.00219
67.61000,1.98000,0.99895,0.00000,0.00003,0.00010,0.00092
67.81000,1.98000,0.99926,0.00000,0.00001,0.00003,0.00069
68.01000,1.98000,0.99998,0.00000,0.00000,0.00000,0.00002
68.21000,1.98000,0.99983,0.00001,0.00000,0.00000,0.00016
68.41000,1.98000,0.99994,0.00004,0.00000,0.00000,0.00001
68.61000,1.98000,0.99998,0.00002,0.00000,0.00000,0.00000
68.81000,1.98000,0.99976,0.00024,0.00000,0.00000,0.00000
69.01000,1.98000,0.94970,0.05020,0.00002,0.00001,0.00007
69.21000,1.98000,0.32463,0.67535,0.00000,0.00000,0.00001
69.41000,1.98000,0.87210,0.12680,0.00084,0.00000,0.00025
69.61000,1.98000,0.99959,0.00035,0.00005,0.00000,0.00000
69.81000,1.98000,0.99991,0.00007,0.00001,0.00000,0.00001
70.01000,1.98000,0.99990,0.00007,0.00002,0.00000,0.00000
70.21000,1.98000,1.00000,0.00000,0.00000,0.00000,0.00000
70.41000,1.98000,0.99999,0.00000,0.00000,0.00000,0.00000
70.61000,1.98000,0.99998,0.00000,0.00000,0.00000,0.00001
70.81000,1.98000,0.99997,0.00000,0.00000,0.00000,0.00002
71.01000,1.98000,0.99997,0.00000,0.00000,0.00000,0.00003
71.21000,1.98000,1.00000,0.00000,0.00000,0.00000,0.00000
71.41000,1.98000,0.99999,0.00000,0.00000,0.00000,0.00000
71.61000,1.98000,0.99996,0.00003,0.00000,0.00000,0.00001
71.81000,1.98000,0.99982,0.00017,0.00000,0.00000,0.00000
72.01000,1.98000,0.99695,0.00298,0.00002,0.00002,0.00004
72.21000,1.98000,0.98130,0.01868,0.00001,0.00000,0.00001
72.41000,1.98000,0.98002,0.01998,0.00000,0.00000,0.00000
72.61000,1.98000,0.43961,0.56036,0.00001,0.00000,0.00002
72.81000,1.98000,0.38664,0.61327,0.00007,0.00000,0.00002
73.01000,1.98000,0.96291,0.03554,0.00103,0.00007,0.00045
73.21000,1.98000,0.99790,0.00175,0.00010,0.00009,0.00016
73.41000,1.98000,0.99979,0.00017,0.00001,0.00001,0.00002
73.61000,1.98000,0.99993,0.00002,0.00002,0.00000,0.00002
73.81000,1.98000,0.99998,0.00000,0.00001,0.00000,0.00001
74.01000,1.98000,0.99999,0.00000,0.00000,0.00000,0.00000
74.21000,1.98000,0.99998,0.00000,0.00000,0.00001,0.00002
74.41000,1.98000,0.99997,0.00000,0.00000,0.00000,0.00002
74.61000,1.98000,0.99998,0.00000,0.00000,0.00000,0.00001
74.81000,1.98000,0.99999,0.00000,0.00000,0.00000,0.00000
75.01000,1.98000,0.99998,0.00000,0.00000,0.00000,0.00001
75.21000,1.98000,0.99988,0.00002,0.00000,0.00005,0.00005
75.41000,1.98000,0.99985,0.00010,0.00000,0.00004,0.00002
75.61000,1.98000,0.99869,0.00113,0.00001,0.00012,0.00006
75.81000,1.98000,0.98257,0.01739,0.00000,0.00002,0.00002
76.01000,1.98000,0.90315,0.09682,0.00000,0.00001,0.00003
76.21000,1.98000,0.23701,0.76276,0.00010,0.00003,0.00010
76.41000,1.98000,0.93114,0.06767,0.00080,0.00010,0.00028
76.61000,1.98000,0.99277,0.00705,0.00015,0.00000,0.00002
76.81000,1.98000,0.99770,0.00223,0.00003,0.00001,0.00003
77.01000,1.98000,0.99962,0.00035,0.00002,0.00000,0.00001
77.21000,1.98000,0.99995,0.00002,0.00001,0.00000,0.00002
77.41000,1.98000,0.99999,0.00000,0.00001,0.00000,0.00000
77.61000,1.98000,0.99998,0.00000,0.00000,0.00000,0.00001
77.81000,1.98000,0.99997,0.00000,0.00000,0.00000,0.00002
78.01000,1.98000,0.99996,0.00000,0.00000,0.00000,0.00003
78.21000,1.98000,0.99996,0.00000,0.00000,0.00000,0.00003
78.41000,1.98000,0.99996,0.00000,0.00000,0.00001,0.00003
78.61000,1.98000,0.99996,0.00000,0.00000,0.00001,0.00003
78.81000,1.98000,0.99995,0.00000,0.00000,0.00001,0.00004
79.01000,1.98000,0.99996,0.00000,0.00000,0.00000,0.00003
79.21000,1.98000,0.99999,0.00000,0.00000,0.00000,0.00000
79.41000,1.98000,0.99997,0.00002,0.00000,0.00000,0.00001
79.61000,1.98000,0.99953,0.00041,0.00000,0.00001,0.00005
79.81000,1.98000,0.99762,0.00234,0.00000,0.00001,0.00003
80.01000,1.98000,0.96866,0.03121,0.00001,0.00004,0.00007
80.21000,1.98000,0.90577,0.09419,0.00000,0.00001,0.00003
80.41000,1.98000,0.98647,0.01352,0.00000,0.00000,0.00001
80.61000,1.98000,0.71906,0.28074,0.00011,0.00000,0.00009
80.81000,1.98000,0.80498,0.19439,0.00040,0.00008,0.00015
81.01000,1.98000,0.96316,0.02580,0.00686,0.00189,0.00228
81.21000,1.98000,0.99837,0.00078,0.00021,0.00041,0.00024
81.41000,1.98000,0.99939,0.00033,0.00008,0.00010,0.00011
81.61000,1.98000,0.99981,0.00001,0.00014,0.00001,0.00003
81.81000,1.98000,0.99981,0.00000,0.00008,0.00001,0.00009
82.01000,1.98000,0.99999,0.00000,0.00001,0.00000,0.00001
82.21000,1.98000,0.99997,0.00000,0.00000,0.00001,0.00002
82.41000,1.98000,0.99994,0.00000,0.00000,0.00001,0.00005
82.61000,1.98000,0.99995,0.00000,0.00000,0.00001,0.00004
82.81000,1.98000,0.99995,0.00000,0.00000,0.00001,0.00004
83.01000,1.98000,0.99994,0.00000,0.00000,0.00001,0.00004
83.21000,1.98000,0.99996,0.00000,0.00000,0.00001,0.00003
83.41000,1.98000,0.99996,0.00000,0.00000,0.00000,0.00003
83.61000,1.98000,0.99999,0.00000,0.00000,0.00000,0.00001
83.81000,1.98000,0.99999,0.00000,0.00000,0.00000,0.00000
84.01000,1.98000,0.99997,0.00001,0.00000,0.00000,0.00002
84.21000,1.98000,0.99986,0.00008,0.00000,0.00001,0.00005
84.41000,1.98000,0.99968,0.00030,0.00000,0.00000,0.00001
84.61000,1.98000,0.99581,0.00415,0.00001,0.00002,0.00002
84.81000,1.98000,0.98855,0.01143,0.00000,0.00000,0.00001
85.01000,1.98000,0.79422,0.20576,0.00001,0.00000,0.00001
85.21000,1.98000,0.35614,0.64352,0.00024,0.00001,0.00009
85.41000,1.98000,0.99622,0.00363,0.00014,0.00000,0.00000
85.61000,1.98000,0.99758,0.00232,0.00006,0.00001,0.00004
85.81000,1.98000,0.99870,0.00128,0.00002,0.00000,0.00001
86.01000,1.98000,0.99967,0.00031,0.00002,0.00000,0.00001
86.21000,1.98000,0.99995,0.00002,0.00002,0.00000,0.00001
86.41000,1.98000,0.99998,0.00000,0.00001,0.00000,0.00001
86.61000,1.98000,0.99999,0.00000,0.00000,0.00000,0.00001
86.81000,1.98000,0.99993,0.00000,0.00001,0.00001,0.00005
87.01000,1.98000,0.99993,0.00000,0.00000,0.00001,0.00005
87.21000,1.98000,0.99997,0.00000,0.00000,0.00001,0.00003
87.41000,1.98000,0.99996,0.00000,0.00000,0.00000,0.00003
87.61000,1.98000,0.99999,0.00000,0.00000,0.00000,0.00001
87.81000,1.98000,0.99999,0.00000,0.00000,0.00000,0.00001
88.01000,1.98000,0.99996,0.00001,0.00000,0.00000,0.00002
88.21000,1.98000,0.99974,0.00015,0.00000,0.00003,0.00008
88.41000,1.98000,0.99888,0.00099,0.00000,0.00007,0.00005
88.61000,1.98000,0.98902,0.01076,0.00001,0.00014,0.00007
88.81000,1.98000,0.98605,0.01395,0.00000,0.00000,0.00000
89.01000,1.98000,0.75503,0.24489,0.00001,0.00000,0.00006
89.21000,1.98000,0.49788,0.50204,0.00004,0.00000,0.00004
89.41000,1.98000,0.91229,0.08680,0.00064,0.00005,0.00021
89.61000,1.98000,0.99747,0.00234,0.00009,0.00001,0.00009
89.81000,1.98000,0.99896,0.00098,0.00002,0.00001,0.00003
90.01000,1.98000,0.99990,0.00009,0.00001,0.00000,0.00000
90.21000,1.98000,0.99994,0.00002,0.00002,0.00000,0.00002
90.41000,1.98000,0.99999,0.00000,0.00000,0.00000,0.00000
90.61000,1.98000,0.99999,0.00000,0.00000,0.00000,0.00001
90.81000,1.98000,0.99988,0.00000,0.00000,0.00003,0.00009
91.01000,1.98000,0.99961,0.00000,0.00002,0.00005,0.00032
91.21000,1.98000,0.99967,0.00000,0.00002,0.00003,0.00028
91.41000,1.98000,0.99996,0.00000,0.00000,0.00000,0.00003
91.61000,1.98000,0.99994,0.00001,0.00000,0.00001,0.00004
91.81000,1.98000,0.99991,0.00004,0.00001,0.00000,0.00004
92.01000,1.98000,0.99971,0.00018,0.00001,0.00002,0.00008
92.21000,1.98000,0.99982,0.00016,0.00001,0.00000,0.00001
92.41000,1.98000,0.99825,0.00170,0.00002,0.00000,0.00003
92.61000,1.98000,0.99142,0.00857,0.00000,0.00000,0.00001
92.81000,1.98000,0.32280,0.67696,0.00014,0.00001,0.00009
93.01000,1.98000,0.88240,0.11547,0.00178,0.00002,0.00034
93.21000,1.98000,0.99972,0.00019,0.00007,0.00000,0.00002
93.41000,1.98000,0.99948,0.00038,0.00005,0.00002,0.00007
93.61000,1.98000,0.99994,0.00004,0.00001,0.00000,0.00001
93.81000,1.98000,0.99995,0.00001,0.00002,0.00000,0.00003
94.01000,1.98000,0.99999,0.00000,0.00001,0.00000,0.00001
94.21000,1.98000,0.99999,0.00000,0.00000,0.00000,0.00000
94.41000,1.98000,0.99996,0.00000,0.00000,0.00001,0.00003
94.61000,1.98000,0.99995,0.00000,0.00000,0.00001,0.00004
94.81000,1.98000,0.99995,0.00000,0.00000,0.00000,0.00004
95.01000,1.98000,1.00000,0.00000,0.00000,0.00000,0.00000
95.21000,1.98000,0.99998,0.00000,0.00000,0.00000,0.00002
95.41000,1.98000,0.99995,0.00002,0.00000,0.00001,0.00002
95.61000,1.98000,0.99993,0.00005,0.00000,0.00001,0.00001
95.81000,1.98000,0.99986,0.00014,0.00000,0.00000,0.00000
96.01000,1.98000,0.99620,0.00379,0.00000,0.00000,0.00000
96.21000,1.98000,0.95118,0.04881,0.00000,0.00000,0.00001
96.41000,1.98000,0.15243,0.84743,0.00007,0.00000,0.00006
96.61000,1.98000,0.77745,0.22244,0.00009,0.00000,0.00002
96.81000,1.98000,0.96758,0.03197,0.00040,0.00001,0.00004
97.01000,1.98000,0.99446,0.00535,0.00012,0.00000,0.00006
97.21000,1.98000,0.99870,0.00127,0.00003,0.00000,0.00001
97.41000,1.98000,0.99992,0.00004,0.00002,0.00000,0.00002
97.61000,1.98000,0.99998,0.00001,0.00001,0.00000,0.00000
97.81000,1.98000,0.99998,0.00000,0.00000,0.00000,0.00001
98.01000,1.98000,0.99996,0.00000,0.00000,0.00001,0.00002
98.21000,1.98000,0.99997,0.00000,0.00000,0.00001,0.00003
98.41000,1.98000,0.99996,0.00000,0.00000,0.00001,0.00003
98.61000,1.98000,0.99997,0.00000,0.00000,0.00001,0.00003
98.81000,1.98000,0.99997,0.00000,0.00000,0.00001,0.00002
99.01000,1.98000,0.99998,0.00000,0.00000,0.00000,0.00001
99.21000,1.98000,1.00000,0.00000,0.00000,0.00000,0.00000
99.41000,1.98000,0.99999,0.00001,0.00000,0.00000,0.00000
99.61000,1.98000,0.99991,0.00008,0.00000,0.00000,0.00000
99.81000,1.98000,0.99991,0.00008,0.00000,0.00000,0.00000
100.01000,1.98000,0.99646,0.00352,0.00002,0.00000,0.00000
100.21000,1.98000,0.97240,0.02759,0.00000,0.00000,0.00000
100.41000,1.98000,0.90936,0.09064,0.00000,0.00000,0.00000
100.61000,1.98000,0.18298,0.81700,0.00002,0.00000,0.00000
100.81000,1.98000,0.95465,0.04507,0.00028,0.00000,0.00001
101.01000,1.98000,0.99519,0.00464,0.00012,0.00001,0.00004
101.21000,1.98000,0.99869,0.00127,0.00002,0.00000,0.00001
101.41000,1.98000,0.99973,0.00024,0.00002,0.00000,0.00001
101.61000,1.98000,0.99997,0.00001,0.00001,0.00000,0.00001
101.81000,1.98000,0.99999,0.00000,0.00001,0.00000,0.00000
102.01000,1.98000,0.99999,0.00000,0.00000,0.00000,0.00001
102.21000,1.98000,0.99997,0.00000,0.00000,0.00000,0.00002
102.41000,1.98000,0.99996,0.00000,0.00000,0.00000,0.00003
102.61000,1.98000,0.99996,0.00000,0.00000,0.00000,0.00003
102.81000,1.98000,0.99996,0.00000,0.00000,0.00000,0.00003
103.01000,1.98000,0.99999,0.00000,0.00000,0.00000,0.00001
103.21000,1.98000,0.99998,0.00000,0.00000,0.00000,0.00001
103.41000,1.98000,0.99997,0.00001,0.00000,0.00000,0.00002
103.61000,1.98000,0.99978,0.00011,0.00000,0.00004,0.00006
103.81000,1.98000,0.99903,0.00086,0.00000,0.00006,0.00005
104.01000,1.98000,0.99106,0.00851,0.00001,0.00033,0.00010
104.21000,1.98000,0.97634,0.02364,0.00000,0.00001,0.00001
104.41000,1.98000,0.75274,0.24710,0.00001,0.00001,0.00013
104.61000,1.98000,0.48817,0.51170,0.00007,0.00001,0.00004
104.81000,1.98000,0.89603,0.10288,0.00073,0.00007,0.00028
105.01000,1.98000,0.99758,0.00226,0.00008,0.00001,0.00007
105.21000,1.98000,0.99890,0.00099,0.00004,0.00002,0.00005
105.41000,1.98000,0.99985,0.00014,0.00001,0.00000,0.00000
105.61000,1.98000,0.99995,0.00001,0.00002,0.00000,0.00002
105.81000,1.98000,0.99999,0.00000,0.00000,0.00000,0.00000
106.01000,1.98000,0.99999,0.00000,0.00000,0.00000,0.00000
106.21000,1.98000,0.99997,0.00000,0.00000,0.00000,0.00002
106.41000,1.98000,0.99999,0.00000,0.00000,0.00000,0.00000
106.61000,1.98000,0.99999,0.00000,0.00000,0.00000,0.00000
106.81000,1.98000,0.99999,0.00001,0.00000,0.00000,0.00000
107.01000,1.98000,0.99993,0.00007,0.00000,0.00000,0.00000
107.21000,1.98000,0.99971,0.00029,0.00000,0.00000,0.00000
107.41000,1.98000,0.99133,0.00866,0.00001,0.00000,0.00001
107.61000,1.98000,0.96912,0.03087,0.00000,0.00000,0.00000
107.81000,1.98000,0.45232,0.54766,0.00001,0.00000,0.00001
108.01000,1.98000,0.46792,0.53204,0.00003,0.00000,0.00000
108.21000,1.98000,0.95226,0.04697,0.00069,0.00001,0.00007
108.41000,1.98000,0.99439,0.00553,0.00005,0.00001,0.00003
108.61000,1.98000,0.99834,0.00160,0.00005,0.00000,0.00002
108.81000,1.98000,0.99986,0.00008,0.00004,0.00000,0.00002
109.01000,1.98000,0.99993,0.00002,0.00002,0.00000,0.00003
109.21000,1.98000,0.99998,0.00000,0.00001,0.00000,0.00001
109.41000,1.98000,0.99998,0.00000,0.00000,0.00000,0.00002
109.61000,1.98000,0.99997,0.00000,0.00000,0.00000,0.00002
109.81000,1.98000,0.99996,0.00000,0.00000,0.00000,0.00003
110.01000,1.98000,0.99997,0.00000,0.00000,0.00000,0.00002
110.21000,1.98000,0.99999,0.00000,0.00000,0.00000,0.00001
110.41000,1.98000,0.99996,0.00000,0.00000,0.00001,0.00003
110.61000,1.98000,0.99983,0.00004,0.00000,0.00006,0.00007
110.81000,1.98000,0.99973,0.00011,0.00000,0.00013,0.00003
111.01000,1.98000,0.99877,0.00113,0.00000,0.00007,0.00002
111.21000,1.98000,0.99273,0.00705,0.00000,0.00016,0.00006
111.41000,1.98000,0.56280,0.43626,0.00005,0.00017,0.00072
111.61000,1.98000,0.35731,0.64014,0.00069,0.00070,0.00116
111.81000,1.98000,0.99610,0.00360,0.00017,0.00001,0.00011
112.01000,1.98000,0.99931,0.00046,0.00010,0.00003,0.00011
112.21000,1.98000,0.99993,0.00005,0.00001,0.00000,0.00001
112.41000,1.98000,0.99993,0.00004,0.00002,0.00000,0.00002
112.61000,1.98000,0.99999,0.00000,0.00000,0.00000,0.00000
112.81000,1.98000,0.99999,0.00000,0.00000,0.00000,0.00001
113.01000,1.98000,0.99992,0.00000,0.00000,0.00001,0.00007
113.21000,1.98000,0.99968,0.00000,0.00001,0.00004,0.00027
113.41000,1.98000,0.99952,0.00000,0.00001,0.00008,0.00038
113.61000,1.98000,0.99975,0.00002,0.00000,0.00001,0.00022
113.81000,1.98000,0.99997,0.00002,0.00000,0.00000,0.00001
114.01000,1.98000,0.99946,0.00025,0.00000,0.00003,0.00025
114.21000,1.98000,0.99855,0.00122,0.00001,0.00001,0.00021
114.41000,1.98000,0.99916,0.00083,0.00000,0.00000,0.00001
114.61000,1.98000,0.99822,0.00178,0.00000,0.00000,0.00000
114.81000,1.98000,0.95775,0.04225,0.00000,0.00000,0.00000
115.01000,1.98000,0.36525,0.63474,0.00001,0.00000,0.00000
115.21000,1.98000,0.41299,0.58694,0.00007,0.00000,0.00000
115.41000,1.98000,0.99886,0.00110,0.00004,0.00000,0.00000
115.61000,1.98000,0.99916,0.00082,0.00002,0.00000,0.00000
115.81000,1.98000,0.99986,0.00012,0.00002,0.00000,0.00001
116.01000,1.98000,0.99997,0.00002,0.00001,0.00000,0.00000
116.21000,1.98000,1.00000,0.00000,0.00000,0.00000,0.00000
116.41000,1.98000,0.99999,0.00000,0.00000,0.00000,0.00000
116.61000,1.98000,0.99997,0.00000,0.00000,0.00001,0.00001
116.81000,1.98000,0.99963,0.00005,0.00001,0.00010,0.00021
117.01000,1.98000,0.99961,0.00004,0.00002,0.00017,0.00016
117.21000,1.98000,0.99896,0.00001,0.00005,0.00028,0.00069
117.41000,1.98000,0.99968,0.00001,0.00002,0.00010,0.00019
117.61000,1.98000,0.99939,0.00002,0.00002,0.00013,0.00044
117.81000,1.98000,0.99995,0.00001,0.00000,0.00001,0.00003
118.01000,1.98000,0.99997,0.00000,0.00000,0.00001,0.00002
118.21000,1.98000,0.99997,0.00000,0.00000,0.00001,0.00002
118.41000,1.98000,0.99997,0.00000,0.00000,0.00000,0.00003
118.61000,1.98000,0.99996,0.00000,0.00000,0.00001,0.00003
118.81000,1.98000,0.99999,0.00000,0.00000,0.00000,0.00000
119.01000,1.98000,1.00000,0.00000,0.00000,0.00000,0.00000
119.21000,1.98000,0.99999,0.00000,0.00000,0.00000,0.00000
119.41000,1.98000,0.99998,0.00002,0.00000,0.00000,0.00000
119.61000,1.98000,0.99973,0.00027,0.00000,0.00000,0.00000
119.81000,1.98000,0.99318,0.00680,0.00001,0.00000,0.00000
120.01000,1.98000,0.96721,0.03278,0.00000,0.00000,0.00000
120.21000,1.98000,0.28730,0.71269,0.00001,0.00000,0.00001
120.41000,1.98000,0.76086,0.23908,0.00005,0.00000,0.00000
120.61000,1.98000,0.99404,0.00542,0.00052,0.00000,0.00002
120.81000,1.98000,0.99740,0.00212,0.00032,0.00004,0.00012
121.01000,1.98000,0.99968,0.00029,0.00002,0.00000,0.00000
121.21000,1.98000,0.99681,0.00313,0.00005,0.00000,0.00001
121.41000,1.98000,0.99991,0.00008,0.00000,0.00000,0.00000
121.61000,1.98000,0.99943,0.00056,0.00000,0.00000,0.00000
121.81000,1.98000,0.99917,0.00079,0.00001,0.00000,0.00003
122.01000,1.98000,0.48259,0.51506,0.00112,0.00097,0.00026
122.21000,1.98000,0.97944,0.02036,0.00002,0.00008,0.00010
122.41000,1.98000,0.99777,0.00222,0.00000,0.00000,0.00000
122.61000,1.98000,0.99987,0.00013,0.00000,0.00000,0.00000
122.81000,1.98000,0.99989,0.00010,0.00001,0.00000,0.00000
123.01000,1.98000,0.99998,0.00000,0.00001,0.00000,0.00001
123.21000,1.98000,0.99999,0.00000,0.00000,0.00000,0.00000
123.41000,1.98000,1.00000,0.00000,0.00000,0.00000,0.00000
123.61000,1.98000,0.99999,0.00000,0.00000,0.00000,0.00000
123.81000,1.98000,0.99994,0.00006,0.00000,0.00000,0.00000
124.01000,1.98000,0.99979,0.00020,0.00000,0.00000,0.00001
124.21000,1.98000,0.99713,0.00285,0.00001,0.00000,0.00001
124.41000,1.98000,0.97803,0.02195,0.00001,0.00000,0.00001
124.61000,1.98000,0.94594,0.05406,0.00000,0.00000,0.00000
124.81000,1.98000,0.23259,0.76735,0.00002,0.00000,0.00003
125.01000,1.98000,0.89469,0.10487,0.00036,0.00001,0.00007
125.21000,1.98000,0.99515,0.00456,0.00019,0.00001,0.00009
125.41000,1.98000,0.99956,0.00023,0.00003,0.00005,0.00012
125.61000,1.98000,0.99963,0.00028,0.00003,0.00001,0.00005
125.81000,1.98000,0.99981,0.00006,0.00003,0.00000,0.00009
126.01000,1.98000,0.99997,0.00001,0.00001,0.00000,0.00001
126.21000,1.98000,0.99990,0.00006,0.00000,0.00000,0.00003
126.41000,1.98000,0.99986,0.00002,0.00003,0.00002,0.00008
126.61000,1.98000,0.99996,0.00002,0.00000,0.00000,0.00002
126.81000,1.98000,0.99897,0.00092,0.00001,0.00001,0.00009
127.01000,1.98000,0.99825,0.00170,0.00000,0.00001,0.00005
127.21000,1.98000,0.99983,0.00017,0.00000,0.00000,0.00000
127.41000,1.98000,0.99989,0.00009,0.00000,0.00000,0.00002
127.61000,1.98000,0.99629,0.00370,0.00000,0.00000,0.00000
127.81000,1.98000,0.99814,0.00186,0.00000,0.00000,0.00000
128.00999,1.98001,0.98573,0.01426,0.00000,0.00000,0.00000
128.21001,1.98000,0.94038,0.05960,0.00000,0.00000,0.00001
128.41000,1.98000,0.34469,0.65513,0.00001,0.00003,0.00014
128.61000,1.98000,0.82783,0.16878,0.00219,0.00021,0.00099
128.81000,1.98000,0.99685,0.00219,0.00064,0.00003,0.00029
129.00999,1.98001,0.99915,0.00070,0.00007,0.00002,0.00005
129.21001,1.98000,0.99987,0.00011,0.00001,0.00000,0.00001
129.41000,1.98000,0.99995,0.00002,0.00002,0.00000,0.00002
129.61000,1.98000,0.99999,0.00000,0.00000,0.00000,0.00000
129.81000,1.98000,1.00000,0.00000,0.00000,0.00000,0.00000
130.00999,1.98001,0.99997,0.00000,0.00000,0.00001,0.00002
130.21001,1.98000,0.99997,0.00000,0.00000,0.00000,0.00002
130.41000,1.98000,0.99997,0.00000,0.00000,0.00000,0.00002
130.61000,1.98000,0.99999,0.00000,0.00000,0.00000,0.00001
130.81000,1.98000,1.00000,0.00000,0.00000,0.00000,0.00000
131.00999,1.98001,0.99998,0.00001,0.00000,0.00000,0.00001
131.21001,1.98000,0.99989,0.00011,0.00000,0.00000,0.00000
131.41000,1.98000,0.99984,0.00016,0.00000,0.00000,0.00000
131.61000,1.98000,0.99644,0.00355,0.00000,0.00000,0.00001
131.81000,1.98000,0.85537,0.14457,0.00001,0.00000,0.00005
132.00999,1.98001,0.10640,0.89349,0.00003,0.00001,0.00007
132.21001,1.98000,0.95845,0.04114,0.00034,0.00000,0.00006
132.41000,1.98000,0.99975,0.00020,0.00004,0.00000,0.00001
132.61000,1.98000,0.99972,0.00020,0.00003,0.00001,0.00004
132.81000,1.98000,0.99989,0.00007,0.00002,0.00000,0.00002
133.00999,1.98001,0.99998,0.00000,0.00001,0.00000,0.00001
133.21001,1.98000,0.99998,0.00000,0.00001,0.00000,0.00001
133.41000,1.98000,0.99998,0.00000,0.00000,0.00000,0.00001
133.61000,1.98000,0.99997,0.00000,0.00000,0.00000,0.00002
133.81000,1.98000,0.99997,0.00000,0.00000,0.00000,0.00003
134.00999,1.98001,0.99997,0.00000,0.00000,0.00000,0.00003
134.21001,1.98000,0.99997,0.00000,0.00000,0.00000,0.00003
134.41000,1.98000,0.99997,0.00000,0.00000,0.00000,0.00003
134.61000,1.98000,0.99998,0.00000,0.00000,0.00000,0.00002
134.81000,1.98000,1.00000,0.00000,0.00000,0.00000,0.00000
135.00999,1.98001,0.99999,0.00000,0.00000,0.00000,0.00001
135.21001,1.98000,0.99990,0.00005,0.00000,0.00001,0.00003
135.41000,1.98000,0.99985,0.00013,0.00000,0.00001,0.00001
135.61000,1.98000,0.99783,0.00210,0.00000,0.00003,0.00004
135.81000,1.98000,0.96319,0.03673,0.00001,0.00003,0.00004
136.00999,1.98001,0.90102,0.09894,0.00000,0.00001,0.00003
136.21001,1.98000,0.14618,0.85356,0.00008,0.00002,0.00016
136.41000,1.98000,0.97339,0.02609,0.00038,0.00003,0.00012
136.61000,1.98000,0.99922,0.00068,0.00005,0.00001,0.00005
136.81000,1.98000,0.99931,0.00060,0.00002,0.00001,0.00005
137.00999,1.98001,0.99986,0.00009,0.00002,0.00000,0.00003
137.21001,1.98000,0.99997,0.00001,0.00001,0.00000,0.00001
137.41000,1.98000,0.99998,0.00000,0.00001,0.00000,0.00001
137.61000,1.98000,1.00000,0.00000,0.00000,0.00000,0.00000
137.81000,1.98000,1.00000,0.00000,0.00000,0.00000,0.00000
138.00999,1.98001,0.99998,0.00001,0.00000,0.00000,0.00001
138.21001,1.98000,0.99971,0.00026,0.00000,0.00000,0.00002
138.41000,1.98000,0.99942,0.00057,0.00000,0.00000,0.00001
138.61000,1.98000,0.99471,0.00527,0.00001,0.00000,0.00001
138.81000,1.98000,0.94758,0.05240,0.00000,0.00000,0.00001
139.00999,1.98001,0.36009,0.63987,0.00001,0.00000,0.00003
139.21001,1.98000,0.28435,0.71552,0.00009,0.00001,0.00004
139.41000,1.98000,0.99671,0.00310,0.00017,0.00000,0.00001
139.61000,1.98000,0.99872,0.00115,0.00006,0.00002,0.00005
139.81000,1.98000,0.99980,0.00017,0.00001,0.00000,0.00002
140.00999,1.98001,0.99993,0.00005,0.00001,0.00000,0.00001
140.21001,1.98000,0.99999,0.00000,0.00001,0.00000,0.00000
140.41000,1.98000,0.99999,0.00000,0.00000,0.00000,0.00000
140.61000,1.98000,0.99997,0.00000,0.00000,0.00000,0.00002
140.81000,1.98000,0.99996,0.00000,0.00000,0.00000,0.00003
141.00999,1.98001,0.99999,0.00000,0.00000,0.00000,0.00001
141.21001,1.98000,0.99999,0.00000,0.00000,0.00000,0.00001
141.41000,1.98000,0.99996,0.00001,0.00000,0.00000,0.00002
141.61000,1.98000,0.99987,0.00010,0.00000,0.00001,0.00002
141.81000,1.98000,0.99981,0.00017,0.00000,0.00001,0.00001
142.00999,1.98001,0.99609,0.00386,0.00000,0.00002,0.00003
142.21001,1.98000,0.97041,0.02954,0.00000,0.00001,0.00004
142.41000,1.98000,0.16431,0.83546,0.00004,0.00003,0.00016
142.61000,1.98000,0.80376,0.19570,0.00034,0.00006,0.00014
142.81000,1.98000,0.99903,0.00085,0.00009,0.00000,0.00003
143.00999,1.98001,0.99869,0.00119,0.00005,0.00002,0.00005
143.21001,1.98000,0.99978,0.00020,0.00001,0.00000,0.00001
143.41000,1.98000,0.99992,0.00002,0.00003,0.00000,0.00002
143.61000,1.98000,0.99999,0.00000,0.00001,0.00000,0.00000
143.81000,1.98000,0.99999,0.00000,0.00000,0.00000,0.00001
144.00999,1.98001,0.99996,0.00000,0.00000,0.00001,0.00003
144.21001,1.98000,0.99997,0.00000,0.00000,0.00000,0.00003
144.41000,1.98000,0.99997,0.00000,0.00000,0.00000,0.00003
144.61000,1.98000,0.99999,0.00000,0.00000,0.00000,0.00001
144.81000,1.98000,1.00000,0.00000,0.00000,0.00000,0.00000
145.00999,1.98001,0.99998,0.00001,0.00000,0.00000,0.00001
145.21001,1.98000,0.99983,0.00015,0.00000,0.00000,0.00002
145.41000,1.98000,0.99967,0.00033,0.00000,0.00000,0.00000
145.61000,1.98000,0.99675,0.00324,0.00001,0.00000,0.00001
145.81000,1.98000,0.94599,0.05399,0.00000,0.00000,0.00001
146.00999,1.98001,0.61779,0.38219,0.00001,0.00000,0.00002
146.21001,1.98000,0.19305,0.80688,0.00005,0.00000,0.00002
146.41000,1.98000,0.98652,0.01322,0.00023,0.00000,0.00003
146.61000,1.98000,0.99818,0.00175,0.00003,0.00001,0.00003
146.81000,1.98000,0.99950,0.00043,0.00002,0.00001,0.00004
147.00999,1.98001,0.99991,0.00006,0.00002,0.00000,0.00001
147.21001,1.98000,0.99998,0.00001,0.00001,0.00000,0.00001
147.41000,1.98000,0.99999,0.00000,0.00001,0.00000,0.00001
147.61000,1.98000,0.99998,0.00000,0.00000,0.00000,0.00002
147.81000,1.98000,0.99996,0.00000,0.00000,0.00000,0.00003
148.00999,1.98001,0.99996,0.00000,0.00000,0.00001,0.00004
148.21001,1.98000,0.99996,0.00000,0.00000,0.00001,0.00003
148.41000,1.98000,0.99995,0.00000,0.00000,0.00001,0.00004
148.61000,1.98000,0.99996,0.00000,0.00000,0.00001,0.00003
148.81000,1.98000,0.99996,0.00000,0.00000,0.00000,0.00003
149.00999,1.98001,0.99996,0.00000,0.00000,0.00000,0.00003
149.21001,1.98000,0.99996,0.00000,0.00000,0.00000,0.00003
149.41000,1.98000,0.99996,0.00000,0.00000,0.00000,0.00003
149.61000,1.98000,0.99996,0.00000,0.00000,0.00001,0.00003
149.81000,1.98000,0.99996,0.00000,0.00000,0.00000,0.00003
150.00999,1.98001,0.99996,0.00000,0.00000,0.00001,0.00003
150.21001,1.98000,0.99996,0.00000,0.00000,0.00001,0.00003
150.41000,1.98000,0.99996,0.00000,0.00000,0.00000,0.00003
150.61000,1.98000,0.99996,0.00000,0.00000,0.00000,0.00003
150.81000,1.98000,0.99996,0.00000,0.00000,0.00000,0.00003
151.00999,1.98001,0.99996,0.00000,0.00000,0.00000,0.00003
151.21001,1.98000,0.99996,0.00000,0.00000,0.00000,0.00003
151.41000,1.98000,0.99998,0.00000,0.00000,0.00000,0.00002
151.61000,1.98000,1.00000,0.00000,0.00000,0.00000,0.00000
151.81000,1.98000,0.99995,0.00001,0.00000,0.00001,0.00003
152.00999,1.98001,0.99991,0.00005,0.00000,0.00001,0.00003
152.21001,1.98000,0.99989,0.00009,0.00000,0.00000,0.00001
152.41000,1.98000,0.99926,0.00072,0.00000,0.00001,0.00001
152.61000,1.98000,0.97121,0.02864,0.00000,0.00007,0.00007
152.81000,1.98000,0.19184,0.80739,0.00004,0.00020,0.00052
153.00999,1.98001,0.84983,0.14921,0.00055,0.00010,0.00030
153.21001,1.98000,0.99936,0.00046,0.00011,0.00000,0.00007
153.41000,1.98000,0.99915,0.00065,0.00008,0.00004,0.00009
153.61000,1.98000,0.99991,0.00006,0.00001,0.00000,0.00002
153.81000,1.98000,0.99993,0.00001,0.00003,0.00000,0.00002
154.00999,1.98001,0.99999,0.00000,0.00001,0.00000,0.00001
154.21001,1.98000,0.99999,0.00000,0.00000,0.00000,0.00001
154.41000,1.98000,0.99995,0.00000,0.00000,0.00001,0.00004
154.61000,1.98000,0.99995,0.00000,0.00000,0.00001,0.00004
154.81000,1.98000,0.99996,0.00000,0.00000,0.00000,0.00003
155.00999,1.98001,0.99995,0.00000,0.00000,0.00001,0.00004
155.21001,1.98000,0.99996,0.00000,0.00000,0.00000,0.00003
155.41000,1.98000,0.99996,0.00000,0.00000,0.00000,0.00003
155.61000,1.98000,0.99996,0.00000,0.00000,0.00000,0.00003
155.81000,1.98000,0.99996,0.00000,0.00000,0.00000,0.00003
156.00999,1.98001,0.99996,0.00000,0.00000,0.00000,0.00003
156.21001,1.98000,0.99999,0.00000,0.00000,0.00000,0.00001
156.41000,1.98000,0.99999,0.00000,0.00000,0.00000,0.00001
156.61000,1.98000,0.99995,0.00002,0.00000,0.00000,0.00002
156.81000,1.98000,0.99982,0.00015,0.00000,0.00001,0.00002
157.00999,1.98001,0.99941,0.00056,0.00000,0.00002,0.00001
157.21001,1.98000,0.99568,0.00425,0.00000,0.00004,0.00003
157.41000,1.98000,0.91639,0.08326,0.00001,0.00010,0.00024
157.61000,1.98000,0.11885,0.88046,0.00003,0.00029,0.00036
157.81000,1.98000,0.96368,0.03408,0.00129,0.00018,0.00076
158.00999,1.98001,0.99898,0.00058,0.00022,0.00003,0.00020
158.21001,1.98000,0.99956,0.00028,0.00004,0.00003,0.00009
158.41000,1.98000,0.99991,0.00003,0.00002,0.00000,0.00003
158.61000,1.98000,0.99997,0.00000,0.00001,0.00000,0.00002
158.81000,1.98000,0.99998,0.00000,0.00001,0.00000,0.00001
159.00999,1.98001,0.99999,0.00000,0.00000,0.00000,0.00001
159.21001,1.98000,0.99997,0.00000,0.00000,0.00000,0.00003
159.41000,1.98000,0.99999,0.00000,0.00000,0.00000,0.00001
159.61000,1.98000,1.00000,0.00000,0.00000,0.00000,0.00000
159.81000,1.98000,0.99998,0.00001,0.00000,0.00000,0.00001
160.00999,1.98001,0.99996,0.00004,0.00000,0.00000,0.00000
160.21001,1.98000,0.99992,0.00008,0.00000,0.00000,0.00000
160.41000,1.98000,0.99916,0.00084,0.00000,0.00000,0.00001
160.61000,1.98000,0.95404,0.04593,0.00000,0.00000,0.00002
160.81000,1.98000,0.17813,0.82180,0.00002,0.00000,0.00005
161.00999,1.98001,0.35322,0.64639,0.00031,0.00000,0.00007
161.21001,1.98000,0.98169,0.01807,0.00020,0.00000,0.00004
161.41000,1.98000,0.99613,0.00374,0.00010,0.00001,0.00003
161.61000,1.98000,0.99909,0.00078,0.00008,0.00000,0.00004
161.81000,1.98000,0.99991,0.00004,0.00004,0.00000,0.00002
162.00999,1.98001,0.99998,0.00001,0.00001,0.00000,0.00000
162.21001,1.98000,0.99999,0.00000,0.00000,0.00000,0.00000
162.41000,1.98000,0.99996,0.00000,0.00000,0.00001,0.00003
162.61000,1.98000,0.99997,0.00000,0.00000,0.00001,0.00003
162.81000,1.98000,0.99996,0.00000,0.00000,0.00000,0.00003
163.00999,1.98001,0.99995,0.00000,0.00000,0.00001,0.00004
163.21001,1.98000,0.99997,0.00000,0.00000,0.00000,0.00003
163.41000,1.98000,0.99999,0.00000,0.00000,0.00000,0.00001
163.61000,1.98000,0.99995,0.00000,0.00000,0.00001,0.00003
163.81000,1.98000,0.99985,0.00004,0.00000,0.00005,0.00006
164.00999,1.98001,0.99978,0.00014,0.00000,0.00006,0.00003
164.21001,1.98000,0.99730,0.00210,0.00000,0.00047,0.00013
164.41000,1.98000,0.99379,0.00572,0.00000,0.00042,0.00007
164.61000,1.98000,0.94684,0.05283,0.00001,0.00013,0.00019
164.81000,1.98000,0.43498,0.56402,0.00012,0.00026,0.00062
165.00999,1.98001,0.66481,0.33360,0.00072,0.00032,0.00055
165.21001,1.98000,0.99394,0.00482,0.00043,0.00020,0.00061
165.41000,1.98000,0.99896,0.00092,0.00002,0.00004,0.00006
165.61000,1.98000,0.99985,0.00008,0.00003,0.00001,0.00004
165.81000,1.98000,0.99992,0.00001,0.00004,0.00000,0.00002
166.00999,1.98001,0.99999,0.00000,0.00001,0.00000,0.00000
166.21001,1.98000,1.00000,0.00000,0.00000,0.00000,0.00000
166.41000,1.98000,0.99997,0.00000,0.00000,0.00000,0.00002
166.61000,1.98000,0.99997,0.00000,0.00000,0.00000,0.00002
166.81000,1.98000,0.99998,0.00000,0.00000,0.00000,0.00002
167.00999,1.98001,1.00000,0.00000,0.00000,0.00000,0.00000
167.21001,1.98000,0.99998,0.00000,0.00000,0.00000,0.00002
167.41000,1.98000,0.99990,0.00004,0.00000,0.00002,0.00004
167.61000,1.98000,0.99978,0.00018,0.00000,0.00002,0.00002
167.81000,1.98000,0.99465,0.00498,0.00001,0.00022,0.00014
168.00999,1.98001,0.97855,0.02139,0.00000,0.00003,0.00002
168.21001,1.98000,0.94250,0.05744,0.00000,0.00001,0.00005
168.41000,1.98000,0.23880,0.76076,0.00015,0.00003,0.00026
168.61000,1.98000,0.94297,0.05541,0.00106,0.00007,0.00049
168.81000,1.98000,0.99781,0.00178,0.00019,0.00002,0.00020
169.00999,1.98001,0.99933,0.00056,0.00002,0.00002,0.00006
169.21001,1.98000,0.99987,0.00009,0.00002,0.00000,0.00002
169.41000,1.98000,0.99993,0.00001,0.00002,0.00000,0.00004
169.61000,1.98000,0.99999,0.00000,0.00000,0.00000,0.00001
169.81000,1.98000,0.99999,0.00000,0.00000,0.00000,0.00001
170.00999,1.98001,0.99997,0.00000,0.00000,0.00000,0.00003
170.21001,1.98000,0.99998,0.00000,0.00000,0.00000,0.00001
170.41000,1.98000,1.00000,0.00000,0.00000,0.00000,0.00000
170.61000,1.98000,0.99998,0.00000,0.00000,0.00000,0.00001
170.81000,1.98000,0.99979,0.00016,0.00000,0.00001,0.00004
171.00999,1.98001,0.99922,0.00076,0.00000,0.00000,0.00001
171.21001,1.98000,0.98592,0.01371,0.00002,0.00022,0.00012
171.41000,1.98000,0.93886,0.06113,0.00000,0.00001,0.00001
171.61000,1.98000,0.91953,0.08047,0.00000,0.00000,0.00000
171.81000,1.98000,0.51531,0.48468,0.00000,0.00000,0.00000
172.00999,1.98001,0.61663,0.38332,0.00004,0.00000,0.00000
172.21001,1.98000,0.51978,0.47930,0.00079,0.00003,0.00010
172.41000,1.98000,0.96947,0.03025,0.00008,0.00005,0.00015
172.61000,1.98000,0.99752,0.00247,0.00001,0.00000,0.00000
172.81000,1.98000,0.99968,0.00027,0.00005,0.00000,0.00001
173.00999,1.98001,0.99997,0.00002,0.00001,0.00000,0.00000
173.21001,1.98000,0.99999,0.00000,0.00000,0.00000,0.00000
173.41000,1.98000,0.99998,0.00000,0.00000,0.00000,0.00001
173.61000,1.98000,0.99997,0.00000,0.00000,0.00000,0.00002
173.81000,1.98000,0.99997,0.00000,0.00000,0.00000,0.00002
174.00999,1.98001,0.99998,0.00000,0.00000,0.00000,0.00002
174.21001,1.98000,1.00000,0.00000,0.00000,0.00000,0.00000
174.41000,1.98000,0.99998,0.00000,0.00000,0.00000,0.00002
174.61000,1.98000,0.99992,0.00003,0.00000,0.00002,0.00004
174.81000,1.98000,0.99995,0.00005,0.00000,0.00000,0.00000
175.00999,1.98001,0.99906,0.00091,0.00000,0.00001,0.00002
175.21001,1.98000,0.98238,0.01754,0.00000,0.00002,0.00006
175.41000,1.98000,0.94169,0.05824,0.00000,0.00000,0.00006
175.61000,1.98000,0.48367,0.51529,0.00052,0.00001,0.00052
175.81000,1.98000,0.91734,0.08227,0.00021,0.00001,0.00016
176.00999,1.98001,0.92445,0.07489,0.00027,0.00007,0.00032
176.21001,1.98000,0.98145,0.01718,0.00036,0.00014,0.00087
176.41000,1.98000,0.99891,0.00092,0.00011,0.00000,0.00005
176.61000,1.98000,0.99871,0.00035,0.00012,0.00001,0.00082
176.81000,1.98000,0.99849,0.00056,0.00017,0.00012,0.00066
177.00999,1.98001,0.99726,0.00008,0.00024,0.00021,0.00221
177.21001,1.98000,0.99962,0.00006,0.00001,0.00015,0.00016
177.41000,1.98000,0.99956,0.00007,0.00001,0.00018,0.00018
177.61000,1.98000,0.99688,0.00031,0.00008,0.00174,0.00099
177.81000,1.98000,0.99899,0.00004,0.00003,0.00027,0.00067
