Time (seconds), Duration (seconds),pred_unlabelled,pred_circle,pred_shaking
0.01000,1.98000,1.00000,0.00000,0.00000
0.21000,1.98000,1.00000,0.00000,0.00000
0.41000,1.98000,0.99999,0.00001,0.00000
0.61000,1.98000,0.99997,0.00002,0.00000
0.81000,1.98000,0.99997,0.00002,0.00000
1.01000,1.98000,0.99995,0.00004,0.00001
1.21000,1.98000,0.99984,0.00014,0.00002
1.41000,1.98000,0.99981,0.00016,0.00003
1.61000,1.98000,0.99985,0.00013,0.00003
1.81000,1.98000,0.99977,0.00018,0.00005
2.01000,1.98000,0.99996,0.00003,0.00001
2.21000,1.98000,0.99999,0.00000,0.00000
2.41000,1.98000,1.00000,0.00000,0.00000
2.61000,1.98000,1.00000,0.00000,0.00000
2.81000,1.98000,1.00000,0.00000,0.00000
3.01000,1.98000,1.00000,0.00000,0.00000
3.21000,1.98000,1.00000,0.00000,0.00000
3.41000,1.98000,1.00000,0.00000,0.00000
3.61000,1.98000,1.00000,0.00000,0.00000
3.81000,1.98000,1.00000,0.00000,0.00000
4.01000,1.98000,1.00000,0.00000,0.00000
4.21000,1.98000,1.00000,0.00000,0.00000
4.41000,1.98000,1.00000,0.00000,0.00000
4.61000,1.98000,1.00000,0.00000,0.00000
4.81000,1.98000,1.00000,0.00000,0.00000
5.01000,1.98000,1.00000,0.00000,0.00000
5.21000,1.98000,0.99998,0.00002,0.00000
5.41000,1.98000,0.99994,0.00004,0.00002
5.61000,1.98000,0.99960,0.00021,0.00019
5.81000,1.98000,0.99725,0.00086,0.00189
6.01000,1.98000,0.97546,0.00574,0.01880
6.21000,1.98000,0.78281,0.05227,0.16492
6.41000,1.98000,0.26233,0.04713,0.69054
6.61000,1.98000,0.02804,0.00482,0.96714
6.81000,1.98000,0.02671,0.00125,0.97203
7.01000,1.98000,0.03509,0.00018,0.96473
7.21000,1.98000,0.04109,0.00018,0.95874
7.41000,1.98000,0.05345,0.00049,0.94607
7.61000,1.98000,0.05492,0.00016,0.94492
7.81000,1.98000,0.05042,0.00004,0.94954
8.01000,1.98000,0.07231,0.00001,0.92769
8.21000,1.98000,0.06820,0.00000,0.93180
8.41000,1.98000,0.09515,0.00000,0.90485
8.61000,1.98000,0.22537,0.00000,0.77463
8.81000,1.98000,0.20644,0.00000,0.79356
9.01000,1.98000,0.24155,0.00000,0.75845
9.21000,1.98000,0.24219,0.00000,0.75781
9.41000,1.98000,0.15799,0.00000,0.84201
9.61000,1.98000,0.21751,0.00000,0.78249
9.81000,1.98000,0.14667,0.00000,0.85333
10.01000,1.98000,0.15762,0.00000,0.84238
10.21000,1.98000,0.18188,0.00000,0.81812
10.41000,1.98000,0.11364,0.00000,0.88636
10.61000,1.98000,0.08416,0.00000,0.91584
10.81000,1.98000,0.12990,0.00006,0.87004
11.01000,1.98000,0.07680,0.00011,0.92309
11.21000,1.98000,0.08304,0.00003,0.91693
11.41000,1.98000,0.05393,0.00001,0.94606
11.61000,1.98000,0.05513,0.00001,0.94486
11.81000,1.98000,0.07053,0.00002,0.92945
12.01000,1.98000,0.10471,0.00009,0.89520
12.21000,1.98000,0.06227,0.00014,0.93759
12.41000,1.98000,0.09043,0.00002,0.90955
12.61000,1.98000,0.06036,0.00000,0.93964
12.81000,1.98000,0.07103,0.00000,0.92896
13.01000,1.98000,0.07316,0.00000,0.92684
13.21000,1.98000,0.04637,0.00000,0.95363
13.41000,1.98000,0.07656,0.00000,0.92343
13.61000,1.98000,0.07987,0.00002,0.92010
13.81000,1.98000,0.09647,0.00001,0.90351
14.01000,1.98000,0.06439,0.00000,0.93560
14.21000,1.98000,0.09797,0.00002,0.90202
14.41000,1.98000,0.06638,0.00001,0.93361
14.61000,1.98000,0.13727,0.00003,0.86270
14.81000,1.98000,0.07981,0.00005,0.92014
15.01000,1.98000,0.04285,0.00002,0.95712
15.21000,1.98000,0.07018,0.00008,0.92974
15.41000,1.98000,0.01784,0.00001,0.98216
15.61000,1.98000,0.02056,0.00000,0.97943
15.81000,1.98000,0.02228,0.00001,0.97771
16.01000,1.98000,0.02630,0.00001,0.97369
16.21000,1.98000,0.02090,0.00001,0.97909
16.41000,1.98000,0.05990,0.00007,0.94003
16.61000,1.98000,0.02061,0.00001,0.97938
16.81000,1.98000,0.04766,0.00003,0.95231
17.01000,1.98000,0.09963,0.00020,0.90017
17.21000,1.98000,0.47627,0.00074,0.52299
17.41000,1.98000,0.32308,0.02686,0.65005
17.61000,1.98000,0.37473,0.00892,0.61635
17.81000,1.98000,0.43533,0.01914,0.54553
18.01000,1.98000,0.57037,0.03824,0.39139
18.21000,1.98000,0.40172,0.02856,0.56972
18.41000,1.98000,0.41459,0.00621,0.57920
18.61000,1.98000,0.50255,0.00058,0.49687
18.81000,1.98000,0.38252,0.00025,0.61723
19.01000,1.98000,0.15545,0.00005,0.84450
19.21000,1.98000,0.09150,0.00003,0.90848
19.41000,1.98000,0.03945,0.00010,0.96044
19.61000,1.98000,0.04688,0.00000,0.95312
19.81000,1.98000,0.00998,0.00000,0.99002
20.01000,1.98000,0.00637,0.00000,0.99363
20.21000,1.98000,0.00707,0.00006,0.99287
20.41000,1.98000,0.00042,0.00015,0.99943
20.61000,1.98000,0.00093,0.00013,0.99893
20.81000,1.98000,0.00042,0.00008,0.99949
21.01000,1.98000,0.00009,0.00009,0.99982
21.21000,1.98000,0.00020,0.00067,0.99913
21.41000,1.98000,0.00026,0.00428,0.99546
21.61000,1.98000,0.00057,0.00421,0.99523
21.81000,1.98000,0.00110,0.00277,0.99613
22.01000,1.98000,0.00054,0.00047,0.99899
22.21000,1.98000,0.00512,0.00124,0.99364
22.41000,1.98000,0.00818,0.00030,0.99152
22.61000,1.98000,0.00507,0.00044,0.99449
22.81000,1.98000,0.02881,0.00004,0.97115
23.01000,1.98000,0.02143,0.00001,0.97856
23.21000,1.98000,0.01612,0.00000,0.98387
23.41000,1.98000,0.01521,0.00000,0.98479
23.61000,1.98000,0.06699,0.00000,0.93300
23.81000,1.98000,0.04793,0.00000,0.95207
24.01000,1.98000,0.05421,0.00001,0.94578
24.21000,1.98000,0.01640,0.00002,0.98358
24.41000,1.98000,0.02673,0.00002,0.97325
24.61000,1.98000,0.02130,0.00008,0.97863
24.81000,1.98000,0.01652,0.00027,0.98321
25.01000,1.98000,0.01288,0.00013,0.98699
25.21000,1.98000,0.01495,0.00013,0.98492
25.41000,1.98000,0.01069,0.00048,0.98883
25.61000,1.98000,0.00632,0.00001,0.99368
25.81000,1.98000,0.00602,0.00001,0.99397
26.01000,1.98000,0.00892,0.00000,0.99108
26.21000,1.98000,0.01571,0.00000,0.98429
26.41000,1.98000,0.02700,0.00001,0.97299
26.61000,1.98000,0.03849,0.00001,0.96150
26.81000,1.98000,0.03805,0.00002,0.96193
27.01000,1.98000,0.07264,0.00001,0.92735
27.21000,1.98000,0.04394,0.00000,0.95606
27.41000,1.98000,0.13042,0.00000,0.86958
27.61000,1.98000,0.17910,0.00002,0.82088
27.81000,1.98000,0.12964,0.00000,0.87036
28.01000,1.98000,0.11141,0.00000,0.88859
28.21000,1.98000,0.10461,0.00000,0.89538
28.41000,1.98000,0.10032,0.00001,0.89968
28.61000,1.98000,0.09740,0.00001,0.90259
28.81000,1.98000,0.03276,0.00005,0.96719
29.01000,1.98000,0.03912,0.00000,0.96087
29.21000,1.98000,0.02815,0.00000,0.97185
29.41000,1.98000,0.03543,0.00024,0.96433
29.61000,1.98000,0.02234,0.00028,0.97738
29.81000,1.98000,0.03144,0.00133,0.96723
30.01000,1.98000,0.03711,0.00265,0.96024
30.21000,1.98000,0.03132,0.00058,0.96810
30.41000,1.98000,0.00851,0.00012,0.99137
30.61000,1.98000,0.00348,0.00005,0.99647
30.81000,1.98000,0.02586,0.02472,0.94942
31.01000,1.98000,0.02598,0.02093,0.95310
31.21000,1.98000,0.01746,0.03035,0.95219
31.41000,1.98000,0.01477,0.32343,0.66180
31.61000,1.98000,0.00640,0.83981,0.15379
31.81000,1.98000,0.00184,0.98657,0.01158
32.01000,1.98000,0.00172,0.99486,0.00342
32.21000,1.98000,0.00145,0.99832,0.00022
32.41000,1.98000,0.00135,0.99855,0.00010
32.61000,1.98000,0.00043,0.99953,0.00005
32.81000,1.98000,0.00028,0.99968,0.00004
33.01000,1.98000,0.00015,0.99985,0.00001
33.21000,1.98000,0.00097,0.99902,0.00001
33.41000,1.98000,0.01083,0.98898,0.00019
33.61000,1.98000,0.04814,0.95043,0.00143
33.81000,1.98000,0.05193,0.94551,0.00256
34.01000,1.98000,0.03725,0.95682,0.00592
34.21000,1.98000,0.00781,0.99166,0.00053
34.41000,1.98000,0.00691,0.99300,0.00009
34.61000,1.98000,0.00322,0.99676,0.00002
34.81000,1.98000,0.00203,0.99796,0.00001
35.01000,1.98000,0.00444,0.99551,0.00006
35.21000,1.98000,0.00196,0.99798,0.00006
35.41000,1.98000,0.00129,0.99869,0.00003
35.61000,1.98000,0.00092,0.99907,0.00001
35.81000,1.98000,0.00083,0.99916,0.00000
36.01000,1.98000,0.00436,0.99559,0.00004
36.21000,1.98000,0.00374,0.99618,0.00008
36.41000,1.98000,0.00384,0.99608,0.00007
36.61000,1.98000,0.00376,0.99614,0.00010
36.81000,1.98000,0.00600,0.99383,0.00017
37.01000,1.98000,0.00453,0.99527,0.00020
37.21000,1.98000,0.01476,0.98160,0.00365
37.41000,1.98000,0.01735,0.97123,0.01142
37.61000,1.98000,0.01766,0.96687,0.01546
