Time (seconds), Duration (seconds),pred_(unlabeled),pred_circle,pred_shaking
0.01000,1.98000,0.29233,0.70321,0.00445
0.21000,1.98000,0.26163,0.72067,0.01770
0.41000,1.98000,0.35428,0.61051,0.03521
0.61000,1.98000,0.17682,0.74453,0.07865
0.81000,1.98000,0.13626,0.78768,0.07606
1.01000,1.98000,0.14211,0.76972,0.08817
1.21000,1.98000,0.15012,0.80798,0.04190
1.41000,1.98000,0.20003,0.79411,0.00586
1.61000,1.98000,0.16839,0.81400,0.01761
1.81000,1.98000,0.18564,0.73937,0.07499
2.01000,1.98000,0.19557,0.75584,0.04859
2.21000,1.98000,0.15227,0.78301,0.06472
2.41000,1.98000,0.13045,0.82400,0.04555
2.61000,1.98000,0.15133,0.82654,0.02213
2.81000,1.98000,0.24340,0.72183,0.03477
3.01000,1.98000,0.20227,0.71973,0.07800
3.21000,1.98000,0.22135,0.64196,0.13668
3.41000,1.98000,0.17273,0.59941,0.22786
3.61000,1.98000,0.19823,0.57831,0.22346
3.81000,1.98000,0.20270,0.67358,0.12372
4.01000,1.98000,0.25433,0.71328,0.03239
4.21000,1.98000,0.35948,0.59230,0.04823
4.41000,1.98000,0.33364,0.58956,0.07680
4.61000,1.98000,0.31692,0.62570,0.05738
4.81000,1.98000,0.28742,0.68757,0.02500
5.01000,1.98000,0.26102,0.72129,0.01769
5.21000,1.98000,0.31450,0.67464,0.01086
5.41000,1.98000,0.20813,0.79010,0.00177
5.61000,1.98000,0.27322,0.72653,0.00025
5.81000,1.98000,0.78872,0.21126,0.00003
6.01000,1.98000,0.98967,0.01033,0.00000
6.21000,1.98000,0.99945,0.00055,0.00000
6.41000,1.98000,0.99998,0.00002,0.00000
6.61000,1.98000,1.00000,0.00000,0.00000
6.81000,1.98000,1.00000,0.00000,0.00000
7.01000,1.98000,1.00000,0.00000,0.00000
7.21000,1.98000,1.00000,0.00000,0.00000
7.41000,1.98000,1.00000,0.00000,0.00000
7.61000,1.98000,1.00000,0.00000,0.00000
7.81000,1.98000,1.00000,0.00000,0.00000
8.01000,1.98000,1.00000,0.00000,0.00000
8.21000,1.98000,1.00000,0.00000,0.00000
8.41000,1.98000,1.00000,0.00000,0.00000
8.61000,1.98000,1.00000,0.00000,0.00000
8.81000,1.98000,1.00000,0.00000,0.00000
9.01000,1.98000,1.00000,0.00000,0.00000
9.21000,1.98000,1.00000,0.00000,0.00000
9.41000,1.98000,1.00000,0.00000,0.00000
9.61000,1.98000,1.00000,0.00000,0.00000
9.81000,1.98000,1.00000,0.00000,0.00000
10.01000,1.98000,1.00000,0.00000,0.00000
10.21000,1.98000,1.00000,0.00000,0.00000
10.41000,1.98000,1.00000,0.00000,0.00000
10.61000,1.98000,1.00000,0.00000,0.00000
10.81000,1.98000,0.99992,0.00008,0.00000
11.01000,1.98000,0.99781,0.00219,0.00000
11.21000,1.98000,0.94221,0.05763,0.00016
11.41000,1.98000,0.53598,0.45434,0.00967
11.61000,1.98000,0.41945,0.53557,0.04498
11.81000,1.98000,0.41745,0.53111,0.05144
12.01000,1.98000,0.38628,0.60031,0.01342
12.21000,1.98000,0.44412,0.50132,0.05456
12.41000,1.98000,0.37385,0.59021,0.03594
12.61000,1.98000,0.30964,0.67587,0.01449
12.81000,1.98000,0.39195,0.59441,0.01365
13.01000,1.98000,0.33882,0.64544,0.01574
13.21000,1.98000,0.29040,0.70387,0.00573
13.41000,1.98000,0.16466,0.82971,0.00563
13.61000,1.98000,0.20731,0.78477,0.00792
13.81000,1.98000,0.22575,0.76588,0.00837
14.01000,1.98000,0.15271,0.84141,0.00587
14.21000,1.98000,0.11004,0.88595,0.00402
14.41000,1.98000,0.17589,0.81969,0.00442
14.61000,1.98000,0.21461,0.78010,0.00529
14.81000,1.98000,0.45447,0.54451,0.00101
15.01000,1.98000,0.95368,0.04631,0.00001
15.21000,1.98000,0.99845,0.00155,0.00000
15.41000,1.98000,0.99994,0.00006,0.00000
15.61000,1.98000,1.00000,0.00000,0.00000
15.81000,1.98000,1.00000,0.00000,0.00000
16.01000,1.98000,1.00000,0.00000,0.00000
16.21000,1.98000,1.00000,0.00000,0.00000
16.41000,1.98000,1.00000,0.00000,0.00000
16.61000,1.98000,1.00000,0.00000,0.00000
16.81000,1.98000,1.00000,0.00000,0.00000
17.01000,1.98000,1.00000,0.00000,0.00000
17.21000,1.98000,1.00000,0.00000,0.00000
17.41000,1.98000,1.00000,0.00000,0.00000
17.61000,1.98000,1.00000,0.00000,0.00000
17.81000,1.98000,1.00000,0.00000,0.00000
18.01000,1.98000,1.00000,0.00000,0.00000
18.21000,1.98000,1.00000,0.00000,0.00000
18.41000,1.98000,1.00000,0.00000,0.00000
18.61000,1.98000,1.00000,0.00000,0.00000
18.81000,1.98000,1.00000,0.00000,0.00000
19.01000,1.98000,1.00000,0.00000,0.00000
19.21000,1.98000,1.00000,0.00000,0.00000
19.41000,1.98000,1.00000,0.00000,0.00000
19.61000,1.98000,1.00000,0.00000,0.00000
19.81000,1.98000,1.00000,0.00000,0.00000
20.01000,1.98000,1.00000,0.00000,0.00000
20.21000,1.98000,1.00000,0.00000,0.00000
20.41000,1.98000,1.00000,0.00000,0.00000
20.61000,1.98000,1.00000,0.00000,0.00000
20.81000,1.98000,1.00000,0.00000,0.00000
21.01000,1.98000,1.00000,0.00000,0.00000
21.21000,1.98000,1.00000,0.00000,0.00000
21.41000,1.98000,1.00000,0.00000,0.00000
21.61000,1.98000,0.99990,0.00005,0.00005
21.81000,1.98000,0.98211,0.00090,0.01700
22.01000,1.98000,0.24134,0.01279,0.74587
22.21000,1.98000,0.20226,0.00548,0.79227
22.41000,1.98000,0.16191,0.00538,0.83271
22.61000,1.98000,0.16908,0.00569,0.82523
22.81000,1.98000,0.18195,0.00131,0.81674
23.01000,1.98000,0.16984,0.00194,0.82822
23.21000,1.98000,0.18606,0.00198,0.81196
23.41000,1.98000,0.15925,0.00080,0.83995
23.61000,1.98000,0.13320,0.00029,0.86651
23.81000,1.98000,0.14178,0.00023,0.85799
24.01000,1.98000,0.10804,0.00018,0.89179
24.21000,1.98000,0.11320,0.00009,0.88671
24.41000,1.98000,0.12148,0.00007,0.87845
24.61000,1.98000,0.09824,0.00004,0.90172
24.81000,1.98000,0.10261,0.00008,0.89731
25.01000,1.98000,0.09780,0.00009,0.90212
25.21000,1.98000,0.08353,0.00009,0.91638
25.41000,1.98000,0.10175,0.00021,0.89804
25.61000,1.98000,0.10027,0.00027,0.89946
25.81000,1.98000,0.08547,0.00016,0.91437
26.01000,1.98000,0.11717,0.00050,0.88234
26.21000,1.98000,0.06970,0.00063,0.92967
26.41000,1.98000,0.09515,0.00011,0.90473
26.61000,1.98000,0.08211,0.00046,0.91743
26.81000,1.98000,0.06942,0.00077,0.92981
27.01000,1.98000,0.08941,0.00014,0.91045
27.21000,1.98000,0.08346,0.00034,0.91620
27.41000,1.98000,0.09190,0.00052,0.90758
27.61000,1.98000,0.18095,0.00008,0.81897
27.81000,1.98000,0.94736,0.00022,0.05242
28.01000,1.98000,0.99984,0.00000,0.00015
28.21000,1.98000,1.00000,0.00000,0.00000
28.41000,1.98000,1.00000,0.00000,0.00000
28.61000,1.98000,1.00000,0.00000,0.00000
28.81000,1.98000,1.00000,0.00000,0.00000
29.01000,1.98000,1.00000,0.00000,0.00000
29.21000,1.98000,1.00000,0.00000,0.00000
29.41000,1.98000,1.00000,0.00000,0.00000
29.61000,1.98000,1.00000,0.00000,0.00000
29.81000,1.98000,1.00000,0.00000,0.00000
30.01000,1.98000,1.00000,0.00000,0.00000
30.21000,1.98000,1.00000,0.00000,0.00000
30.41000,1.98000,1.00000,0.00000,0.00000
30.61000,1.98000,1.00000,0.00000,0.00000
30.81000,1.98000,1.00000,0.00000,0.00000
31.01000,1.98000,1.00000,0.00000,0.00000
31.21000,1.98000,1.00000,0.00000,0.00000
31.41000,1.98000,1.00000,0.00000,0.00000
31.61000,1.98000,1.00000,0.00000,0.00000
31.81000,1.98000,1.00000,0.00000,0.00000
32.01000,1.98000,1.00000,0.00000,0.00000
32.21000,1.98000,1.00000,0.00000,0.00000
32.41000,1.98000,1.00000,0.00000,0.00000
32.61000,1.98000,1.00000,0.00000,0.00000
32.81000,1.98000,1.00000,0.00000,0.00000
33.01000,1.98000,1.00000,0.00000,0.00000
33.21000,1.98000,1.00000,0.00000,0.00000
33.41000,1.98000,1.00000,0.00000,0.00000
33.61000,1.98000,1.00000,0.00000,0.00000
33.81000,1.98000,1.00000,0.00000,0.00000
34.01000,1.98000,1.00000,0.00000,0.00000
34.21000,1.98000,1.00000,0.00000,0.00000
34.41000,1.98000,1.00000,0.00000,0.00000
34.61000,1.98000,1.00000,0.00000,0.00000
34.81000,1.98000,1.00000,0.00000,0.00000
35.01000,1.98000,1.00000,0.00000,0.00000
35.21000,1.98000,1.00000,0.00000,0.00000
35.41000,1.98000,1.00000,0.00000,0.00000
35.61000,1.98000,0.99943,0.00000,0.00057
35.81000,1.98000,0.87214,0.00000,0.12786
36.01000,1.98000,0.31646,0.00000,0.68354
36.21000,1.98000,0.31923,0.00000,0.68077
36.41000,1.98000,0.31977,0.00000,0.68023
36.61000,1.98000,0.48603,0.00000,0.51397
36.81000,1.98000,0.32870,0.00000,0.67130
37.01000,1.98000,0.32959,0.00000,0.67041
37.21000,1.98000,0.39146,0.00000,0.60854
37.41000,1.98000,0.36913,0.00000,0.63087
37.61000,1.98000,0.36664,0.00000,0.63336
37.81000,1.98000,0.38325,0.00000,0.61675
38.01000,1.98000,0.32666,0.00000,0.67334
38.21000,1.98000,0.35824,0.00000,0.64176
38.41000,1.98000,0.31911,0.00000,0.68089
38.61000,1.98000,0.32258,0.00000,0.67742
38.81000,1.98000,0.33237,0.00000,0.66763
39.01000,1.98000,0.27240,0.00000,0.72760
39.21000,1.98000,0.33891,0.00000,0.66109
39.41000,1.98000,0.32271,0.00000,0.67729
39.61000,1.98000,0.28265,0.00000,0.71735
39.81000,1.98000,0.73800,0.00000,0.26200
40.01000,1.98000,0.99585,0.00000,0.00415
40.21000,1.98000,0.99998,0.00000,0.00002
40.41000,1.98000,1.00000,0.00000,0.00000
40.61000,1.98000,1.00000,0.00000,0.00000
40.81000,1.98000,1.00000,0.00000,0.00000
41.01000,1.98000,1.00000,0.00000,0.00000
41.21000,1.98000,1.00000,0.00000,0.00000
41.41000,1.98000,1.00000,0.00000,0.00000
41.61000,1.98000,1.00000,0.00000,0.00000
41.81000,1.98000,1.00000,0.00000,0.00000
42.01000,1.98000,1.00000,0.00000,0.00000
42.21000,1.98000,1.00000,0.00000,0.00000
42.41000,1.98000,1.00000,0.00000,0.00000
42.61000,1.98000,1.00000,0.00000,0.00000
42.81000,1.98000,1.00000,0.00000,0.00000
43.01000,1.98000,1.00000,0.00000,0.00000
43.21000,1.98000,0.99988,0.00012,0.00000
43.41000,1.98000,0.99640,0.00360,0.00000
43.61000,1.98000,0.87937,0.12046,0.00017
43.81000,1.98000,0.33796,0.65506,0.00698
44.01000,1.98000,0.46007,0.53399,0.00593
44.21000,1.98000,0.32984,0.65495,0.01521
44.41000,1.98000,0.33740,0.64943,0.01317
44.61000,1.98000,0.45336,0.53835,0.00829
44.81000,1.98000,0.48379,0.50933,0.00688
45.01000,1.98000,0.48203,0.50415,0.01382
45.21000,1.98000,0.64043,0.33677,0.02280
45.41000,1.98000,0.65849,0.32167,0.01984
45.61000,1.98000,0.66898,0.32287,0.00815
45.81000,1.98000,0.64866,0.32710,0.02424
46.01000,1.98000,0.62147,0.36443,0.01410
46.21000,1.98000,0.72282,0.25514,0.02204
46.41000,1.98000,0.71444,0.25830,0.02726
46.61000,1.98000,0.77017,0.22146,0.00837
46.81000,1.98000,0.69586,0.29323,0.01091
47.01000,1.98000,0.51675,0.47700,0.00624
47.21000,1.98000,0.61963,0.37471,0.00565
47.41000,1.98000,0.71169,0.27524,0.01307
47.61000,1.98000,0.63843,0.35345,0.00812
47.81000,1.98000,0.60601,0.38762,0.00637
48.01000,1.98000,0.58190,0.41357,0.00453
48.21000,1.98000,0.58426,0.40491,0.01083
48.41000,1.98000,0.72817,0.26136,0.01046
48.61000,1.98000,0.64861,0.34581,0.00558
48.81000,1.98000,0.73907,0.25817,0.00276
49.01000,1.98000,0.67390,0.32145,0.00465
49.21000,1.98000,0.58932,0.40744,0.00324
49.41000,1.98000,0.83113,0.16828,0.00059
49.61000,1.98000,0.98962,0.01037,0.00001
