Time (seconds), Duration (seconds),pred_(unlabeled),pred_On,pred_Off,pred_Dimmer,pred_Lighter
0.01000,1.98000,0.99605,0.00001,0.00394,0.00000,0.00000
0.21000,1.98000,0.99978,0.00000,0.00022,0.00000,0.00000
0.41000,1.98000,0.99988,0.00000,0.00012,0.00000,0.00000
0.61000,1.98000,0.99988,0.00000,0.00012,0.00000,0.00000
0.81000,1.98000,0.99974,0.00000,0.00026,0.00000,0.00000
1.01000,1.98000,0.99942,0.00000,0.00058,0.00000,0.00000
1.21000,1.98000,0.99300,0.00000,0.00698,0.00000,0.00001
1.41000,1.98000,0.98347,0.00000,0.01653,0.00000,0.00000
1.61000,1.98000,0.99995,0.00000,0.00005,0.00000,0.00000
1.81000,1.98000,0.99996,0.00000,0.00004,0.00000,0.00000
2.01000,1.98000,0.99991,0.00000,0.00009,0.00000,0.00000
2.21000,1.98000,0.99980,0.00000,0.00020,0.00000,0.00000
2.41000,1.98000,0.99998,0.00000,0.00002,0.00000,0.00000
2.61000,1.98000,0.99985,0.00000,0.00014,0.00000,0.00001
2.81000,1.98000,0.99997,0.00000,0.00003,0.00000,0.00000
3.01000,1.98000,0.99997,0.00000,0.00002,0.00000,0.00001
3.21000,1.98000,0.99951,0.00000,0.00038,0.00000,0.00011
3.41000,1.98000,0.99979,0.00000,0.00016,0.00000,0.00005
3.61000,1.98000,0.99999,0.00000,0.00000,0.00000,0.00000
3.81000,1.98000,0.99972,0.00000,0.00019,0.00000,0.00008
4.01000,1.98000,0.99947,0.00000,0.00030,0.00002,0.00021
4.21000,1.98000,0.99989,0.00000,0.00006,0.00000,0.00005
4.41000,1.98000,0.99992,0.00000,0.00002,0.00000,0.00006
4.61000,1.98000,0.99986,0.00000,0.00001,0.00000,0.00013
4.81000,1.98000,0.99848,0.00000,0.00003,0.00003,0.00146
5.01000,1.98000,0.99910,0.00001,0.00001,0.00014,0.00074
5.21000,1.98000,0.99943,0.00000,0.00000,0.00011,0.00045
5.41000,1.98000,0.99935,0.00001,0.00001,0.00008,0.00055
5.61000,1.98000,0.99962,0.00000,0.00000,0.00003,0.00034
5.81000,1.98000,0.99981,0.00000,0.00000,0.00001,0.00018
6.01000,1.98000,0.99991,0.00000,0.00000,0.00000,0.00008
6.21000,1.98000,0.99996,0.00000,0.00000,0.00001,0.00003
6.41000,1.98000,0.99984,0.00000,0.00000,0.00006,0.00009
6.61000,1.98000,0.99941,0.00000,0.00000,0.00008,0.00050
6.81000,1.98000,0.99919,0.00000,0.00001,0.00008,0.00072
7.01000,1.98000,0.98618,0.00014,0.00001,0.00471,0.00896
7.21000,1.98000,0.92811,0.00028,0.00038,0.02359,0.04764
7.41000,1.98000,0.97766,0.00026,0.00013,0.00245,0.01950
7.61000,1.98000,0.99634,0.00006,0.00001,0.00005,0.00354
7.81000,1.98000,0.99855,0.00017,0.00001,0.00006,0.00122
8.01000,1.98000,0.99033,0.00028,0.00003,0.00044,0.00893
8.21000,1.98000,0.99844,0.00012,0.00001,0.00001,0.00141
8.41000,1.98000,0.99970,0.00000,0.00000,0.00000,0.00029
8.61000,1.98000,0.99739,0.00001,0.00007,0.00006,0.00246
8.81000,1.98000,0.99979,0.00001,0.00000,0.00000,0.00019
9.01000,1.98000,0.99995,0.00002,0.00000,0.00000,0.00002
9.21000,1.98000,1.00000,0.00000,0.00000,0.00000,0.00000
9.41000,1.98000,0.99998,0.00002,0.00000,0.00000,0.00000
9.61000,1.98000,0.99999,0.00000,0.00000,0.00000,0.00000
9.81000,1.98000,0.99895,0.00088,0.00006,0.00000,0.00010
10.01000,1.98000,0.77829,0.22041,0.00021,0.00017,0.00092
10.21000,1.98000,0.92547,0.07230,0.00026,0.00014,0.00183
10.41000,1.98000,0.99438,0.00411,0.00146,0.00000,0.00005
10.61000,1.98000,0.98941,0.01026,0.00033,0.00000,0.00001
10.81000,1.98000,0.99876,0.00044,0.00081,0.00000,0.00000
11.01000,1.98000,0.90779,0.09052,0.00152,0.00000,0.00017
11.21000,1.98000,0.99677,0.00184,0.00136,0.00000,0.00003
11.41000,1.98000,0.98871,0.00770,0.00078,0.00002,0.00280
11.61000,1.98000,0.97740,0.02260,0.00000,0.00000,0.00000
11.81000,1.98000,0.98660,0.01339,0.00000,0.00000,0.00001
12.01000,1.98000,0.99987,0.00012,0.00000,0.00000,0.00000
12.21000,1.98000,0.99960,0.00035,0.00000,0.00000,0.00004
12.41000,1.98000,0.99882,0.00117,0.00000,0.00000,0.00000
12.61000,1.98000,0.99812,0.00121,0.00000,0.00007,0.00060
12.81000,1.98000,0.99956,0.00016,0.00000,0.00005,0.00023
13.01000,1.98000,0.99978,0.00004,0.00000,0.00003,0.00015
13.21000,1.98000,0.99972,0.00002,0.00001,0.00005,0.00020
13.41000,1.98000,0.99836,0.00000,0.00001,0.00002,0.00160
13.61000,1.98000,0.99932,0.00000,0.00000,0.00001,0.00066
13.81000,1.98000,0.99980,0.00000,0.00000,0.00000,0.00019
14.01000,1.98000,0.99997,0.00000,0.00001,0.00000,0.00001
14.21000,1.98000,0.99999,0.00000,0.00000,0.00000,0.00000
14.41000,1.98000,0.99995,0.00000,0.00004,0.00000,0.00000
14.61000,1.98000,0.99974,0.00000,0.00025,0.00000,0.00001
14.81000,1.98000,0.92235,0.00000,0.07351,0.00000,0.00413
15.01000,1.98000,0.97719,0.00000,0.02270,0.00000,0.00011
15.21000,1.98000,0.99980,0.00000,0.00020,0.00000,0.00000
15.41000,1.98000,0.99939,0.00000,0.00061,0.00000,0.00000
15.61000,1.98000,0.99957,0.00000,0.00043,0.00000,0.00000
15.81000,1.98000,0.99989,0.00000,0.00010,0.00000,0.00001
16.01000,1.98000,0.99999,0.00000,0.00000,0.00000,0.00000
16.21000,1.98000,1.00000,0.00000,0.00000,0.00000,0.00000
16.41000,1.98000,1.00000,0.00000,0.00000,0.00000,0.00000
16.61000,1.98000,1.00000,0.00000,0.00000,0.00000,0.00000
16.81000,1.98000,1.00000,0.00000,0.00000,0.00000,0.00000
17.01000,1.98000,1.00000,0.00000,0.00000,0.00000,0.00000
17.21000,1.98000,1.00000,0.00000,0.00000,0.00000,0.00000
17.41000,1.98000,1.00000,0.00000,0.00000,0.00000,0.00000
17.61000,1.98000,1.00000,0.00000,0.00000,0.00000,0.00000
17.81000,1.98000,0.99999,0.00000,0.00000,0.00000,0.00000
18.01000,1.98000,0.99985,0.00002,0.00000,0.00000,0.00012
18.21000,1.98000,0.99996,0.00003,0.00000,0.00000,0.00001
18.41000,1.98000,0.99997,0.00001,0.00002,0.00000,0.00001
18.61000,1.98000,0.99952,0.00039,0.00001,0.00002,0.00007
18.81000,1.98000,0.99987,0.00010,0.00001,0.00000,0.00003
19.01000,1.98000,0.99981,0.00007,0.00002,0.00000,0.00009
19.21000,1.98000,0.99940,0.00001,0.00027,0.00001,0.00031
19.41000,1.98000,0.98690,0.00027,0.00076,0.00010,0.01197
19.61000,1.98000,0.99014,0.00011,0.00134,0.00002,0.00839
19.81000,1.98000,0.99969,0.00000,0.00001,0.00000,0.00030
20.01000,1.98000,0.99789,0.00000,0.00004,0.00001,0.00206
20.21000,1.98000,0.99875,0.00000,0.00004,0.00002,0.00119
20.41000,1.98000,0.99290,0.00000,0.00008,0.00004,0.00697
20.61000,1.98000,0.99490,0.00000,0.00006,0.00000,0.00504
20.81000,1.98000,0.99930,0.00000,0.00002,0.00000,0.00069
21.01000,1.98000,0.99995,0.00000,0.00000,0.00000,0.00004
21.21000,1.98000,0.99987,0.00000,0.00003,0.00000,0.00010
21.41000,1.98000,0.99995,0.00000,0.00000,0.00000,0.00005
21.61000,1.98000,0.99942,0.00000,0.00001,0.00004,0.00053
21.81000,1.98000,0.99934,0.00000,0.00002,0.00001,0.00063
22.01000,1.98000,0.99983,0.00000,0.00001,0.00001,0.00015
22.21000,1.98000,0.99988,0.00000,0.00001,0.00000,0.00011
22.41000,1.98000,0.99989,0.00000,0.00001,0.00000,0.00010
22.61000,1.98000,0.99966,0.00000,0.00001,0.00001,0.00032
22.81000,1.98000,0.99989,0.00000,0.00000,0.00000,0.00010
23.01000,1.98000,0.99994,0.00000,0.00000,0.00000,0.00006
23.21000,1.98000,0.99999,0.00000,0.00000,0.00000,0.00000
23.41000,1.98000,1.00000,0.00000,0.00000,0.00000,0.00000
23.61000,1.98000,0.99996,0.00000,0.00000,0.00001,0.00003
23.81000,1.98000,0.99953,0.00001,0.00000,0.00006,0.00039
24.01000,1.98000,0.98800,0.00013,0.00000,0.00162,0.01025
24.21000,1.98000,0.22871,0.00203,0.00068,0.00409,0.76450
24.41000,1.98000,0.97931,0.00004,0.00004,0.00001,0.02060
24.61000,1.98000,0.99905,0.00000,0.00000,0.00000,0.00095
24.81000,1.98000,0.99973,0.00000,0.00001,0.00000,0.00026
25.01000,1.98000,0.99639,0.00000,0.00029,0.00000,0.00332
25.21000,1.98000,0.99559,0.00000,0.00006,0.00000,0.00435
25.41000,1.98000,0.97287,0.00000,0.00056,0.00000,0.02657
25.61000,1.98000,0.99943,0.00000,0.00015,0.00000,0.00043
25.81000,1.98000,0.99993,0.00000,0.00000,0.00000,0.00006
26.01000,1.98000,0.99973,0.00000,0.00001,0.00000,0.00025
26.21000,1.98000,0.99943,0.00000,0.00002,0.00000,0.00055
26.41000,1.98000,0.99975,0.00000,0.00000,0.00000,0.00025
26.61000,1.98000,0.99974,0.00000,0.00001,0.00000,0.00025
26.81000,1.98000,0.99993,0.00000,0.00000,0.00000,0.00006
27.01000,1.98000,0.99998,0.00000,0.00000,0.00000,0.00002
27.21000,1.98000,0.99933,0.00000,0.00002,0.00012,0.00053
27.41000,1.98000,0.99756,0.00000,0.00003,0.00022,0.00218
27.61000,1.98000,0.99907,0.00000,0.00002,0.00001,0.00090
27.81000,1.98000,0.99922,0.00000,0.00001,0.00000,0.00076
28.01000,1.98000,0.99957,0.00000,0.00002,0.00000,0.00042
28.21000,1.98000,0.99904,0.00000,0.00002,0.00001,0.00093
28.41000,1.98000,0.99586,0.00000,0.00001,0.00010,0.00402
28.61000,1.98000,0.99897,0.00000,0.00001,0.00000,0.00102
28.81000,1.98000,0.99417,0.00006,0.00006,0.00032,0.00539
29.01000,1.98000,0.99989,0.00001,0.00000,0.00000,0.00009
29.21000,1.98000,0.99988,0.00005,0.00000,0.00000,0.00007
29.41000,1.98000,0.99994,0.00004,0.00000,0.00000,0.00002
29.61000,1.98000,0.99066,0.00692,0.00018,0.00002,0.00223
29.81000,1.98000,0.59908,0.07197,0.04341,0.00014,0.28539
30.01000,1.98000,0.88490,0.00128,0.03222,0.00000,0.08159
30.21000,1.98000,0.99976,0.00001,0.00009,0.00000,0.00014
30.41000,1.98000,0.99950,0.00002,0.00004,0.00000,0.00044
30.61000,1.98000,0.99934,0.00000,0.00005,0.00000,0.00060
30.81000,1.98000,0.99872,0.00000,0.00002,0.00000,0.00125
31.01000,1.98000,0.99850,0.00000,0.00004,0.00000,0.00146
31.21000,1.98000,0.99972,0.00000,0.00001,0.00001,0.00026
31.41000,1.98000,0.99975,0.00000,0.00002,0.00001,0.00023
31.61000,1.98000,0.99967,0.00000,0.00002,0.00003,0.00027
31.81000,1.98000,0.99987,0.00000,0.00002,0.00001,0.00011
32.01000,1.98000,0.99999,0.00000,0.00000,0.00000,0.00001
32.21000,1.98000,1.00000,0.00000,0.00000,0.00000,0.00000
32.41000,1.98000,1.00000,0.00000,0.00000,0.00000,0.00000
32.61000,1.98000,1.00000,0.00000,0.00000,0.00000,0.00000
32.81000,1.98000,1.00000,0.00000,0.00000,0.00000,0.00000
33.01000,1.98000,0.99998,0.00000,0.00001,0.00000,0.00001
33.21000,1.98000,1.00000,0.00000,0.00000,0.00000,0.00000
33.41000,1.98000,1.00000,0.00000,0.00000,0.00000,0.00000
33.61000,1.98000,1.00000,0.00000,0.00000,0.00000,0.00000
33.81000,1.98000,0.99990,0.00000,0.00010,0.00000,0.00000
34.01000,1.98000,0.81689,0.00000,0.18239,0.00000,0.00071
34.21000,1.98000,0.48778,0.00000,0.50619,0.00001,0.00602
34.41000,1.98000,0.99961,0.00000,0.00039,0.00000,0.00000
34.61000,1.98000,0.99986,0.00000,0.00013,0.00000,0.00001
34.81000,1.98000,0.99962,0.00000,0.00038,0.00000,0.00000
35.01000,1.98000,0.99995,0.00000,0.00002,0.00000,0.00003
35.21000,1.98000,0.99984,0.00000,0.00000,0.00000,0.00016
35.41000,1.98000,0.99998,0.00000,0.00000,0.00000,0.00002
35.61000,1.98000,0.99989,0.00000,0.00000,0.00000,0.00011
35.81000,1.98000,0.99982,0.00000,0.00000,0.00000,0.00018
36.01000,1.98000,0.99602,0.00001,0.00005,0.00010,0.00381
36.21000,1.98000,0.99809,0.00000,0.00001,0.00000,0.00190
36.41000,1.98000,0.99978,0.00000,0.00001,0.00000,0.00020
36.61000,1.98000,0.99995,0.00000,0.00000,0.00000,0.00005
36.81000,1.98000,0.99938,0.00000,0.00002,0.00000,0.00059
37.01000,1.98000,0.99878,0.00000,0.00003,0.00001,0.00118
37.21000,1.98000,0.99979,0.00000,0.00000,0.00000,0.00021
37.41000,1.98000,0.99998,0.00000,0.00000,0.00000,0.00002
37.61000,1.98000,0.99991,0.00000,0.00002,0.00000,0.00007
37.81000,1.98000,0.99996,0.00000,0.00000,0.00000,0.00003
38.01000,1.98000,0.99986,0.00000,0.00001,0.00001,0.00013
38.21000,1.98000,0.98769,0.00000,0.00311,0.00001,0.00919
38.41000,1.98000,0.99588,0.00001,0.00097,0.00010,0.00304
38.61000,1.98000,0.99997,0.00000,0.00000,0.00000,0.00003
38.81000,1.98000,0.99988,0.00000,0.00001,0.00000,0.00011
39.01000,1.98000,0.99568,0.00005,0.00019,0.00002,0.00406
39.21000,1.98000,0.08946,0.00024,0.04176,0.00032,0.86822
39.41000,1.98000,0.77715,0.00015,0.00429,0.00019,0.21822
39.61000,1.98000,0.99917,0.00000,0.00000,0.00000,0.00082
39.81000,1.98000,0.99792,0.00000,0.00000,0.00000,0.00207
40.01000,1.98000,0.96611,0.00000,0.00007,0.00000,0.03381
40.21000,1.98000,0.99892,0.00000,0.00002,0.00000,0.00107
40.41000,1.98000,0.99986,0.00000,0.00000,0.00000,0.00013
40.61000,1.98000,0.99964,0.00000,0.00000,0.00000,0.00036
40.81000,1.98000,0.99903,0.00000,0.00000,0.00000,0.00097
41.01000,1.98000,0.99946,0.00000,0.00001,0.00000,0.00054
41.21000,1.98000,0.99994,0.00000,0.00000,0.00000,0.00006
41.41000,1.98000,1.00000,0.00000,0.00000,0.00000,0.00000
41.61000,1.98000,1.00000,0.00000,0.00000,0.00000,0.00000
41.81000,1.98000,0.99999,0.00000,0.00000,0.00000,0.00000
42.01000,1.98000,1.00000,0.00000,0.00000,0.00000,0.00000
42.21000,1.98000,1.00000,0.00000,0.00000,0.00000,0.00000
42.41000,1.98000,1.00000,0.00000,0.00000,0.00000,0.00000
42.61000,1.98000,1.00000,0.00000,0.00000,0.00000,0.00000
42.81000,1.98000,1.00000,0.00000,0.00000,0.00000,0.00000
43.01000,1.98000,1.00000,0.00000,0.00000,0.00000,0.00000
43.21000,1.98000,1.00000,0.00000,0.00000,0.00000,0.00000
43.41000,1.98000,0.99999,0.00000,0.00001,0.00000,0.00000
43.61000,1.98000,1.00000,0.00000,0.00000,0.00000,0.00000
43.81000,1.98000,0.99997,0.00000,0.00002,0.00000,0.00001
44.01000,1.98000,0.99993,0.00000,0.00000,0.00001,0.00005
44.21000,1.98000,0.99999,0.00000,0.00000,0.00000,0.00001
44.41000,1.98000,0.99998,0.00000,0.00001,0.00000,0.00001
44.61000,1.98000,0.99995,0.00000,0.00003,0.00000,0.00002
44.81000,1.98000,0.99978,0.00000,0.00004,0.00000,0.00018
45.01000,1.98000,0.99921,0.00000,0.00008,0.00001,0.00070
45.21000,1.98000,0.96173,0.00011,0.00394,0.00015,0.03407
45.41000,1.98000,0.99893,0.00002,0.00026,0.00000,0.00080
45.61000,1.98000,0.99995,0.00001,0.00001,0.00000,0.00003
45.81000,1.98000,0.99998,0.00000,0.00001,0.00000,0.00001
46.01000,1.98000,0.99833,0.00013,0.00018,0.00000,0.00135
46.21000,1.98000,0.99908,0.00001,0.00009,0.00000,0.00082
46.41000,1.98000,0.99995,0.00001,0.00000,0.00000,0.00004
46.61000,1.98000,0.99998,0.00000,0.00000,0.00000,0.00002
46.81000,1.98000,0.99978,0.00000,0.00000,0.00000,0.00022
47.01000,1.98000,0.99950,0.00000,0.00000,0.00000,0.00050
47.21000,1.98000,0.99907,0.00000,0.00000,0.00000,0.00093
47.41000,1.98000,0.99984,0.00000,0.00000,0.00000,0.00016
47.61000,1.98000,0.99984,0.00000,0.00000,0.00000,0.00016
47.81000,1.98000,0.99695,0.00000,0.00000,0.00001,0.00303
48.01000,1.98000,0.99329,0.00000,0.00001,0.00005,0.00664
48.21000,1.98000,0.99936,0.00000,0.00000,0.00000,0.00063
48.41000,1.98000,0.99960,0.00000,0.00001,0.00000,0.00039
48.61000,1.98000,0.99972,0.00000,0.00001,0.00000,0.00027
48.81000,1.98000,0.99989,0.00004,0.00000,0.00000,0.00006
49.01000,1.98000,0.99996,0.00004,0.00000,0.00000,0.00001
49.21000,1.98000,0.99973,0.00024,0.00000,0.00000,0.00003
49.41000,1.98000,0.99802,0.00194,0.00000,0.00000,0.00004
49.61000,1.98000,0.98826,0.01161,0.00001,0.00001,0.00012
49.81000,1.98000,0.69631,0.29937,0.00013,0.00036,0.00383
50.01000,1.98000,0.53390,0.45813,0.00168,0.00034,0.00595
50.21000,1.98000,0.98868,0.00665,0.00283,0.00005,0.00179
50.41000,1.98000,0.99920,0.00050,0.00018,0.00001,0.00012
50.61000,1.98000,0.99988,0.00001,0.00004,0.00000,0.00007
50.81000,1.98000,0.99964,0.00000,0.00010,0.00001,0.00025
51.01000,1.98000,0.99873,0.00000,0.00009,0.00003,0.00115
51.21000,1.98000,0.99910,0.00000,0.00006,0.00004,0.00079
51.41000,1.98000,0.99974,0.00000,0.00001,0.00006,0.00018
51.61000,1.98000,0.99977,0.00000,0.00001,0.00005,0.00017
51.81000,1.98000,0.99984,0.00000,0.00000,0.00003,0.00012
52.01000,1.98000,0.99988,0.00000,0.00000,0.00001,0.00010
52.21000,1.98000,0.99994,0.00000,0.00000,0.00000,0.00005
52.41000,1.98000,0.99997,0.00000,0.00000,0.00000,0.00003
52.61000,1.98000,0.99998,0.00000,0.00000,0.00000,0.00001
52.81000,1.98000,0.99998,0.00000,0.00000,0.00000,0.00002
53.01000,1.98000,0.99995,0.00000,0.00000,0.00000,0.00004
53.21000,1.98000,0.99983,0.00000,0.00001,0.00000,0.00016
53.41000,1.98000,0.99994,0.00000,0.00001,0.00000,0.00005
53.61000,1.98000,0.99998,0.00000,0.00001,0.00000,0.00001
53.81000,1.98000,0.99998,0.00000,0.00002,0.00000,0.00000
54.01000,1.98000,1.00000,0.00000,0.00000,0.00000,0.00000
54.21000,1.98000,1.00000,0.00000,0.00000,0.00000,0.00000
54.41000,1.98000,0.99979,0.00000,0.00021,0.00000,0.00000
54.61000,1.98000,0.73759,0.00000,0.26165,0.00000,0.00076
54.81000,1.98000,0.92268,0.00000,0.07589,0.00000,0.00143
55.01000,1.98000,0.99888,0.00000,0.00105,0.00000,0.00006
55.21000,1.98000,0.99737,0.00000,0.00233,0.00000,0.00030
55.41000,1.98000,0.99910,0.00000,0.00059,0.00000,0.00032
55.61000,1.98000,0.99996,0.00000,0.00002,0.00000,0.00003
55.81000,1.98000,0.81203,0.00000,0.00453,0.00001,0.18342
56.01000,1.98000,0.99589,0.00000,0.00009,0.00000,0.00402
56.21000,1.98000,0.99946,0.00000,0.00003,0.00000,0.00051
56.41000,1.98000,0.99994,0.00000,0.00003,0.00000,0.00002
56.61000,1.98000,0.99961,0.00000,0.00008,0.00000,0.00032
56.81000,1.98000,0.99997,0.00000,0.00002,0.00000,0.00001
57.01000,1.98000,0.99997,0.00000,0.00002,0.00000,0.00001
57.21000,1.98000,0.99999,0.00000,0.00000,0.00000,0.00000
57.41000,1.98000,0.99999,0.00000,0.00001,0.00000,0.00000
57.61000,1.98000,1.00000,0.00000,0.00000,0.00000,0.00000
57.81000,1.98000,1.00000,0.00000,0.00000,0.00000,0.00000
58.01000,1.98000,1.00000,0.00000,0.00000,0.00000,0.00000
58.21000,1.98000,0.99998,0.00000,0.00002,0.00000,0.00000
58.41000,1.98000,0.99980,0.00000,0.00020,0.00000,0.00000
58.61000,1.98000,1.00000,0.00000,0.00000,0.00000,0.00000
58.81000,1.98000,0.99996,0.00000,0.00003,0.00000,0.00000
59.01000,1.98000,0.99996,0.00000,0.00004,0.00000,0.00000
59.21000,1.98000,0.99992,0.00001,0.00007,0.00000,0.00001
59.41000,1.98000,0.99995,0.00000,0.00001,0.00000,0.00004
59.61000,1.98000,0.99983,0.00000,0.00011,0.00000,0.00006
59.81000,1.98000,0.99845,0.00001,0.00034,0.00002,0.00118
60.01000,1.98000,0.99993,0.00000,0.00000,0.00000,0.00006
60.21000,1.98000,0.92804,0.00019,0.03964,0.00001,0.03212
60.41000,1.98000,0.99996,0.00001,0.00002,0.00000,0.00001
60.61000,1.98000,0.99999,0.00000,0.00000,0.00000,0.00000
60.81000,1.98000,0.99997,0.00000,0.00000,0.00000,0.00002
61.01000,1.98000,0.99995,0.00001,0.00001,0.00000,0.00003
61.21000,1.98000,0.99994,0.00002,0.00002,0.00000,0.00002
61.41000,1.98000,0.99987,0.00009,0.00001,0.00000,0.00003
61.61000,1.98000,0.99998,0.00000,0.00001,0.00000,0.00000
61.81000,1.98000,0.99998,0.00001,0.00001,0.00000,0.00000
62.01000,1.98000,0.99999,0.00000,0.00000,0.00000,0.00000
62.21000,1.98000,0.99999,0.00000,0.00000,0.00000,0.00001
62.41000,1.98000,0.99996,0.00000,0.00000,0.00000,0.00004
62.61000,1.98000,0.99986,0.00000,0.00000,0.00001,0.00013
62.81000,1.98000,0.99956,0.00000,0.00000,0.00025,0.00018
63.01000,1.98000,0.99864,0.00001,0.00001,0.00064,0.00071
63.21000,1.98000,0.98599,0.00005,0.00002,0.01236,0.00159
63.41000,1.98000,0.95889,0.00004,0.00010,0.02572,0.01524
63.61000,1.98000,0.82613,0.00021,0.00059,0.11243,0.06064
63.81000,1.98000,0.98986,0.00001,0.00028,0.00442,0.00543
64.01000,1.98000,0.99469,0.00000,0.00014,0.00227,0.00290
64.21000,1.98000,0.99212,0.00002,0.00017,0.00521,0.00248
64.41000,1.98000,0.99897,0.00000,0.00002,0.00032,0.00069
64.61000,1.98000,0.99987,0.00000,0.00000,0.00003,0.00011
64.81000,1.98000,0.99994,0.00000,0.00000,0.00000,0.00006
65.01000,1.98000,0.99824,0.00000,0.00000,0.00001,0.00174
65.21000,1.98000,0.99877,0.00000,0.00000,0.00000,0.00123
65.41000,1.98000,0.25545,0.00008,0.00685,0.00013,0.73749
65.61000,1.98000,0.99868,0.00001,0.00002,0.00000,0.00129
65.81000,1.98000,0.99996,0.00000,0.00000,0.00000,0.00004
66.01000,1.98000,0.99993,0.00000,0.00004,0.00000,0.00003
66.21000,1.98000,0.99999,0.00000,0.00001,0.00000,0.00000
66.41000,1.98000,0.99998,0.00000,0.00002,0.00000,0.00000
66.61000,1.98000,0.99992,0.00005,0.00002,0.00000,0.00000
66.81000,1.98000,0.99984,0.00014,0.00002,0.00000,0.00000
67.01000,1.98000,0.99979,0.00017,0.00003,0.00000,0.00000
67.21000,1.98000,0.99989,0.00010,0.00001,0.00000,0.00000
67.41000,1.98000,0.99999,0.00001,0.00000,0.00000,0.00000
67.61000,1.98000,0.99998,0.00002,0.00000,0.00000,0.00000
67.81000,1.98000,1.00000,0.00000,0.00000,0.00000,0.00000
68.01000,1.98000,0.99999,0.00001,0.00000,0.00000,0.00001
68.21000,1.98000,0.99996,0.00001,0.00000,0.00000,0.00002
68.41000,1.98000,0.99996,0.00000,0.00000,0.00000,0.00004
68.61000,1.98000,0.99993,0.00001,0.00000,0.00000,0.00005
68.81000,1.98000,0.99999,0.00000,0.00000,0.00000,0.00001
69.01000,1.98000,0.99997,0.00001,0.00000,0.00000,0.00003
69.21000,1.98000,0.99995,0.00004,0.00000,0.00000,0.00001
69.41000,1.98000,0.99996,0.00004,0.00000,0.00000,0.00000
69.61000,1.98000,0.99643,0.00313,0.00000,0.00001,0.00042
69.81000,1.98000,0.86307,0.13684,0.00000,0.00001,0.00008
70.01000,1.98000,0.46384,0.53571,0.00000,0.00024,0.00021
70.21000,1.98000,0.93751,0.06188,0.00051,0.00001,0.00009
70.41000,1.98000,0.99973,0.00012,0.00012,0.00000,0.00002
70.61000,1.98000,0.99983,0.00008,0.00007,0.00000,0.00002
70.81000,1.98000,0.99988,0.00003,0.00008,0.00000,0.00001
71.01000,1.98000,0.99989,0.00000,0.00004,0.00000,0.00007
71.21000,1.98000,0.99970,0.00000,0.00001,0.00001,0.00028
71.41000,1.98000,0.99866,0.00000,0.00002,0.00002,0.00130
71.61000,1.98000,0.99988,0.00000,0.00000,0.00000,0.00011
71.81000,1.98000,0.99984,0.00000,0.00000,0.00001,0.00015
72.01000,1.98000,0.99965,0.00000,0.00000,0.00002,0.00033
72.21000,1.98000,0.99965,0.00000,0.00000,0.00000,0.00035
72.41000,1.98000,0.99989,0.00000,0.00000,0.00000,0.00011
72.61000,1.98000,0.99989,0.00000,0.00001,0.00000,0.00010
72.81000,1.98000,0.99998,0.00000,0.00002,0.00000,0.00000
73.01000,1.98000,0.99999,0.00000,0.00001,0.00000,0.00000
73.21000,1.98000,1.00000,0.00000,0.00000,0.00000,0.00000
73.41000,1.98000,0.99994,0.00000,0.00006,0.00000,0.00000
73.61000,1.98000,0.23561,0.00000,0.76431,0.00000,0.00007
73.81000,1.98000,0.99837,0.00000,0.00163,0.00000,0.00000
74.01000,1.98000,0.99998,0.00000,0.00002,0.00000,0.00000
74.21000,1.98000,0.99995,0.00000,0.00005,0.00000,0.00000
74.41000,1.98000,0.99993,0.00000,0.00007,0.00000,0.00000
74.61000,1.98000,0.99998,0.00001,0.00001,0.00000,0.00000
74.81000,1.98000,1.00000,0.00000,0.00000,0.00000,0.00000
75.01000,1.98000,0.99999,0.00001,0.00000,0.00000,0.00000
75.21000,1.98000,1.00000,0.00000,0.00000,0.00000,0.00000
75.41000,1.98000,0.99999,0.00001,0.00000,0.00000,0.00000
75.61000,1.98000,1.00000,0.00000,0.00000,0.00000,0.00000
75.81000,1.98000,0.99967,0.00030,0.00003,0.00000,0.00000
76.01000,1.98000,0.99855,0.00001,0.00140,0.00001,0.00003
76.21000,1.98000,1.00000,0.00000,0.00000,0.00000,0.00000
76.41000,1.98000,1.00000,0.00000,0.00000,0.00000,0.00000
76.61000,1.98000,0.99998,0.00000,0.00000,0.00000,0.00002
76.81000,1.98000,0.99974,0.00000,0.00000,0.00001,0.00025
77.01000,1.98000,0.99891,0.00000,0.00000,0.00000,0.00109
77.21000,1.98000,0.99693,0.00000,0.00001,0.00002,0.00304
77.41000,1.98000,0.99983,0.00000,0.00000,0.00000,0.00017
77.61000,1.98000,0.99965,0.00000,0.00000,0.00001,0.00034
77.81000,1.98000,0.99973,0.00000,0.00000,0.00000,0.00026
78.01000,1.98000,0.99988,0.00000,0.00000,0.00001,0.00011
78.21000,1.98000,0.99995,0.00000,0.00000,0.00000,0.00004
78.41000,1.98000,0.99840,0.00000,0.00000,0.00003,0.00157
78.61000,1.98000,0.99471,0.00001,0.00001,0.00018,0.00510
78.81000,1.98000,0.04783,0.00001,0.00278,0.01970,0.92968
79.01000,1.98000,0.99509,0.00000,0.00000,0.00263,0.00228
79.21000,1.98000,0.99948,0.00000,0.00000,0.00006,0.00046
79.41000,1.98000,0.99829,0.00000,0.00003,0.00012,0.00156
79.61000,1.98000,0.99969,0.00000,0.00001,0.00001,0.00028
79.81000,1.98000,0.99979,0.00000,0.00001,0.00000,0.00019
80.01000,1.98000,0.99975,0.00000,0.00002,0.00000,0.00023
80.21000,1.98000,0.99978,0.00000,0.00001,0.00002,0.00019
80.41000,1.98000,0.99988,0.00000,0.00000,0.00002,0.00009
80.61000,1.98000,0.99994,0.00000,0.00000,0.00001,0.00004
80.81000,1.98000,0.99992,0.00001,0.00000,0.00001,0.00005
81.01000,1.98000,0.99996,0.00000,0.00000,0.00001,0.00003
81.21000,1.98000,0.99992,0.00000,0.00000,0.00001,0.00006
81.41000,1.98000,0.99988,0.00000,0.00001,0.00001,0.00010
81.61000,1.98000,0.99989,0.00000,0.00001,0.00001,0.00009
81.81000,1.98000,0.99991,0.00000,0.00000,0.00001,0.00007
82.01000,1.98000,0.99993,0.00000,0.00000,0.00000,0.00006
82.21000,1.98000,0.99994,0.00000,0.00000,0.00000,0.00005
82.41000,1.98000,0.99990,0.00000,0.00000,0.00002,0.00008
82.61000,1.98000,0.99968,0.00000,0.00000,0.00004,0.00028
82.81000,1.98000,0.99900,0.00001,0.00000,0.00013,0.00086
83.01000,1.98000,0.99485,0.00008,0.00001,0.00134,0.00372
83.21000,1.98000,0.98585,0.00009,0.00001,0.00371,0.01034
83.41000,1.98000,0.98379,0.00001,0.00001,0.00018,0.01600
83.61000,1.98000,0.98654,0.00010,0.00001,0.00080,0.01255
83.81000,1.98000,0.99884,0.00001,0.00000,0.00004,0.00111
84.01000,1.98000,0.99321,0.00001,0.00000,0.00001,0.00676
84.21000,1.98000,0.83949,0.00007,0.00008,0.00002,0.16035
84.41000,1.98000,0.05406,0.00004,0.01285,0.00010,0.93296
84.61000,1.98000,0.99905,0.00002,0.00000,0.00000,0.00093
84.81000,1.98000,0.99995,0.00000,0.00000,0.00000,0.00004
85.01000,1.98000,0.99959,0.00001,0.00012,0.00000,0.00029
85.21000,1.98000,0.99938,0.00000,0.00015,0.00000,0.00046
85.41000,1.98000,0.99706,0.00007,0.00012,0.00000,0.00274
85.61000,1.98000,0.99887,0.00001,0.00078,0.00002,0.00031
85.81000,1.98000,0.99902,0.00002,0.00033,0.00014,0.00049
86.01000,1.98000,0.99984,0.00000,0.00009,0.00001,0.00006
86.21000,1.98000,0.99884,0.00008,0.00009,0.00010,0.00089
86.41000,1.98000,0.99958,0.00000,0.00003,0.00002,0.00037
86.61000,1.98000,0.99953,0.00000,0.00001,0.00002,0.00043
86.81000,1.98000,0.99958,0.00000,0.00001,0.00003,0.00038
87.01000,1.98000,0.99992,0.00000,0.00000,0.00001,0.00007
87.21000,1.98000,0.99989,0.00000,0.00001,0.00001,0.00009
87.41000,1.98000,0.99992,0.00000,0.00001,0.00001,0.00007
87.61000,1.98000,0.99994,0.00000,0.00000,0.00001,0.00005
87.81000,1.98000,0.99987,0.00000,0.00000,0.00001,0.00012
88.01000,1.98000,0.99972,0.00001,0.00000,0.00004,0.00022
88.21000,1.98000,0.99173,0.00038,0.00004,0.00296,0.00488
88.41000,1.98000,0.99111,0.00020,0.00004,0.00122,0.00742
88.61000,1.98000,0.99723,0.00052,0.00001,0.00152,0.00073
88.81000,1.98000,0.99955,0.00044,0.00000,0.00000,0.00001
89.01000,1.98000,0.99775,0.00214,0.00000,0.00002,0.00009
89.21000,1.98000,0.99603,0.00367,0.00000,0.00001,0.00029
89.41000,1.98000,0.96894,0.01805,0.00055,0.00274,0.00972
89.61000,1.98000,0.70755,0.28058,0.00082,0.00444,0.00660
89.81000,1.98000,0.97642,0.00514,0.00055,0.00524,0.01264
90.01000,1.98000,0.99860,0.00046,0.00026,0.00006,0.00062
90.21000,1.98000,0.99968,0.00003,0.00013,0.00002,0.00014
90.41000,1.98000,0.99989,0.00000,0.00007,0.00000,0.00004
90.61000,1.98000,0.99923,0.00000,0.00014,0.00009,0.00054
90.81000,1.98000,0.99965,0.00000,0.00002,0.00003,0.00030
91.01000,1.98000,0.99971,0.00000,0.00001,0.00004,0.00024
91.21000,1.98000,0.99979,0.00000,0.00001,0.00004,0.00016
91.41000,1.98000,0.99986,0.00000,0.00001,0.00002,0.00012
91.61000,1.98000,0.99989,0.00000,0.00001,0.00001,0.00010
91.81000,1.98000,0.99985,0.00000,0.00001,0.00001,0.00013
92.01000,1.98000,0.99979,0.00000,0.00000,0.00001,0.00020
92.21000,1.98000,0.99984,0.00000,0.00000,0.00001,0.00014
92.41000,1.98000,0.99931,0.00000,0.00000,0.00010,0.00058
92.61000,1.98000,0.99272,0.00003,0.00002,0.00370,0.00352
92.81000,1.98000,0.99558,0.00003,0.00001,0.00144,0.00294
93.01000,1.98000,0.90457,0.00059,0.00011,0.06828,0.02645
93.21000,1.98000,0.87902,0.00333,0.00008,0.09436,0.02321
93.41000,1.98000,0.99728,0.00025,0.00001,0.00060,0.00187
93.61000,1.98000,0.99996,0.00000,0.00003,0.00000,0.00001
93.81000,1.98000,0.99991,0.00001,0.00004,0.00001,0.00003
94.01000,1.98000,0.99922,0.00001,0.00067,0.00000,0.00009
94.21000,1.98000,0.99205,0.00219,0.00070,0.00038,0.00469
94.41000,1.98000,0.40490,0.00008,0.56908,0.00000,0.02594
94.61000,1.98000,0.91091,0.00036,0.00838,0.00010,0.08024
94.81000,1.98000,0.99981,0.00000,0.00011,0.00000,0.00008
95.01000,1.98000,0.99979,0.00000,0.00000,0.00000,0.00020
95.21000,1.98000,0.99947,0.00000,0.00030,0.00000,0.00023
95.41000,1.98000,0.99992,0.00000,0.00000,0.00000,0.00007
95.61000,1.98000,0.99980,0.00000,0.00000,0.00000,0.00020
95.81000,1.98000,0.99990,0.00000,0.00000,0.00000,0.00010
96.01000,1.98000,0.99934,0.00000,0.00000,0.00000,0.00065
96.21000,1.98000,0.99911,0.00001,0.00000,0.00001,0.00088
96.41000,1.98000,0.99982,0.00000,0.00000,0.00002,0.00016
96.61000,1.98000,0.99997,0.00000,0.00000,0.00000,0.00003
96.81000,1.98000,0.99996,0.00000,0.00000,0.00000,0.00004
97.01000,1.98000,0.99999,0.00000,0.00000,0.00000,0.00000
97.21000,1.98000,0.99998,0.00000,0.00000,0.00000,0.00002
97.41000,1.98000,1.00000,0.00000,0.00000,0.00000,0.00000
97.61000,1.98000,1.00000,0.00000,0.00000,0.00000,0.00000
97.81000,1.98000,0.99988,0.00000,0.00001,0.00001,0.00009
98.01000,1.98000,0.99997,0.00000,0.00000,0.00000,0.00003
98.21000,1.98000,0.99994,0.00000,0.00000,0.00001,0.00005
98.41000,1.98000,0.99995,0.00000,0.00000,0.00003,0.00003
98.61000,1.98000,0.99975,0.00000,0.00000,0.00009,0.00015
98.81000,1.98000,0.99989,0.00000,0.00000,0.00000,0.00011
99.01000,1.98000,0.98388,0.00013,0.00009,0.00213,0.01377
99.21000,1.98000,0.98099,0.00025,0.00023,0.00248,0.01605
99.41000,1.98000,0.99980,0.00001,0.00000,0.00000,0.00019
99.61000,1.98000,0.99997,0.00000,0.00000,0.00000,0.00003
99.81000,1.98000,0.99983,0.00000,0.00011,0.00000,0.00005
100.01000,1.98000,0.99992,0.00001,0.00001,0.00000,0.00007
100.21000,1.98000,0.99975,0.00000,0.00020,0.00000,0.00005
100.41000,1.98000,0.99997,0.00000,0.00002,0.00000,0.00001
100.61000,1.98000,1.00000,0.00000,0.00000,0.00000,0.00000
100.81000,1.98000,0.99999,0.00001,0.00000,0.00000,0.00000
101.01000,1.98000,1.00000,0.00000,0.00000,0.00000,0.00000
101.21000,1.98000,1.00000,0.00000,0.00000,0.00000,0.00000
101.41000,1.98000,0.99999,0.00000,0.00000,0.00000,0.00001
101.61000,1.98000,1.00000,0.00000,0.00000,0.00000,0.00000
101.81000,1.98000,0.99993,0.00003,0.00000,0.00000,0.00003
102.01000,1.98000,0.99992,0.00004,0.00000,0.00000,0.00004
102.21000,1.98000,0.99993,0.00002,0.00000,0.00000,0.00005
102.41000,1.98000,0.99815,0.00002,0.00001,0.00028,0.00154
102.61000,1.98000,0.99513,0.00012,0.00000,0.00120,0.00356
102.81000,1.98000,0.99729,0.00001,0.00000,0.00016,0.00253
103.01000,1.98000,0.99957,0.00000,0.00000,0.00001,0.00041
103.21000,1.98000,0.99994,0.00000,0.00000,0.00000,0.00005
103.41000,1.98000,0.99998,0.00000,0.00000,0.00000,0.00002
103.61000,1.98000,0.99993,0.00000,0.00000,0.00000,0.00007
103.81000,1.98000,0.99306,0.00000,0.00000,0.00001,0.00693
104.01000,1.98000,0.89642,0.00009,0.00001,0.00007,0.10341
104.21000,1.98000,0.36807,0.00027,0.00028,0.00008,0.63129
104.41000,1.98000,0.99624,0.00001,0.00001,0.00000,0.00375
104.61000,1.98000,0.99948,0.00000,0.00000,0.00000,0.00051
104.81000,1.98000,0.99841,0.00000,0.00008,0.00000,0.00150
105.01000,1.98000,0.99993,0.00000,0.00001,0.00000,0.00006
105.21000,1.98000,0.98411,0.00000,0.00290,0.00000,0.01298
105.41000,1.98000,0.99946,0.00000,0.00023,0.00001,0.00030
105.61000,1.98000,0.99963,0.00000,0.00004,0.00001,0.00032
105.81000,1.98000,0.96002,0.00000,0.03307,0.00005,0.00685
106.01000,1.98000,0.99823,0.00000,0.00055,0.00001,0.00121
106.21000,1.98000,0.99992,0.00000,0.00003,0.00000,0.00005
106.41000,1.98000,0.99999,0.00000,0.00000,0.00000,0.00000
106.61000,1.98000,0.99999,0.00000,0.00001,0.00000,0.00000
106.81000,1.98000,0.99999,0.00000,0.00000,0.00000,0.00001
107.01000,1.98000,0.99999,0.00000,0.00000,0.00000,0.00001
107.21000,1.98000,1.00000,0.00000,0.00000,0.00000,0.00000
107.41000,1.98000,1.00000,0.00000,0.00000,0.00000,0.00000
107.61000,1.98000,0.99999,0.00000,0.00000,0.00000,0.00001
107.81000,1.98000,0.99997,0.00000,0.00000,0.00000,0.00002
108.01000,1.98000,0.99998,0.00000,0.00000,0.00000,0.00001
108.21000,1.98000,0.99999,0.00000,0.00000,0.00000,0.00001
108.41000,1.98000,1.00000,0.00000,0.00000,0.00000,0.00000
108.61000,1.98000,1.00000,0.00000,0.00000,0.00000,0.00000
108.81000,1.98000,0.99997,0.00002,0.00000,0.00000,0.00000
109.01000,1.98000,0.99996,0.00004,0.00000,0.00000,0.00000
109.21000,1.98000,0.99958,0.00041,0.00000,0.00000,0.00001
109.41000,1.98000,0.86780,0.12974,0.00057,0.00009,0.00180
109.61000,1.98000,0.66129,0.33857,0.00003,0.00001,0.00010
109.81000,1.98000,0.95359,0.04378,0.00161,0.00025,0.00077
110.01000,1.98000,0.99862,0.00061,0.00069,0.00000,0.00008
110.21000,1.98000,0.99988,0.00001,0.00009,0.00001,0.00002
110.41000,1.98000,0.99979,0.00002,0.00008,0.00002,0.00009
110.61000,1.98000,0.99974,0.00001,0.00013,0.00001,0.00011
110.81000,1.98000,0.99982,0.00000,0.00002,0.00002,0.00014
111.01000,1.98000,0.99983,0.00000,0.00001,0.00005,0.00011
111.21000,1.98000,0.99987,0.00000,0.00001,0.00002,0.00010
111.41000,1.98000,0.99988,0.00000,0.00001,0.00002,0.00010
111.61000,1.98000,0.99994,0.00000,0.00000,0.00000,0.00005
111.81000,1.98000,0.99990,0.00000,0.00000,0.00000,0.00010
112.01000,1.98000,0.99967,0.00000,0.00000,0.00001,0.00032
112.21000,1.98000,0.99944,0.00000,0.00001,0.00000,0.00055
112.41000,1.98000,0.99984,0.00000,0.00000,0.00000,0.00016
112.61000,1.98000,0.99991,0.00000,0.00000,0.00000,0.00008
112.81000,1.98000,0.99991,0.00000,0.00003,0.00000,0.00006
113.01000,1.98000,1.00000,0.00000,0.00000,0.00000,0.00000
113.21000,1.98000,0.99996,0.00000,0.00004,0.00000,0.00000
113.41000,1.98000,0.99950,0.00000,0.00050,0.00000,0.00000
113.61000,1.98000,0.99991,0.00000,0.00009,0.00000,0.00000
113.81000,1.98000,0.60219,0.00000,0.39781,0.00000,0.00001
114.01000,1.98000,0.99981,0.00000,0.00019,0.00000,0.00000
114.21000,1.98000,0.99980,0.00000,0.00020,0.00000,0.00000
114.41000,1.98000,1.00000,0.00000,0.00000,0.00000,0.00000
114.61000,1.98000,0.99980,0.00000,0.00020,0.00000,0.00000
114.81000,1.98000,1.00000,0.00000,0.00000,0.00000,0.00000
115.01000,1.98000,0.99999,0.00000,0.00001,0.00000,0.00000
115.21000,1.98000,1.00000,0.00000,0.00000,0.00000,0.00000
115.41000,1.98000,0.99999,0.00000,0.00001,0.00000,0.00000
115.61000,1.98000,0.99999,0.00000,0.00001,0.00000,0.00000
115.81000,1.98000,1.00000,0.00000,0.00000,0.00000,0.00000
116.01000,1.98000,0.99999,0.00000,0.00000,0.00000,0.00000
116.21000,1.98000,1.00000,0.00000,0.00000,0.00000,0.00000
116.41000,1.98000,0.99998,0.00000,0.00000,0.00000,0.00001
116.61000,1.98000,0.99996,0.00000,0.00001,0.00000,0.00002
116.81000,1.98000,0.99988,0.00000,0.00000,0.00000,0.00012
117.01000,1.98000,0.99994,0.00000,0.00002,0.00000,0.00004
117.21000,1.98000,0.99990,0.00000,0.00005,0.00000,0.00004
117.41000,1.98000,0.99998,0.00000,0.00002,0.00000,0.00000
117.61000,1.98000,0.99999,0.00000,0.00001,0.00000,0.00000
117.81000,1.98000,1.00000,0.00000,0.00000,0.00000,0.00000
118.01000,1.98000,0.99998,0.00000,0.00001,0.00000,0.00001
118.21000,1.98000,0.99997,0.00000,0.00000,0.00000,0.00003
118.41000,1.98000,0.87907,0.00003,0.06216,0.00001,0.05873
118.61000,1.98000,0.99645,0.00000,0.00031,0.00000,0.00324
118.81000,1.98000,0.99989,0.00000,0.00000,0.00000,0.00011
119.01000,1.98000,0.99944,0.00000,0.00002,0.00000,0.00054
119.21000,1.98000,0.99984,0.00000,0.00004,0.00000,0.00012
119.41000,1.98000,0.99991,0.00000,0.00005,0.00000,0.00005
119.61000,1.98000,0.99995,0.00000,0.00004,0.00000,0.00001
119.81000,1.98000,0.99984,0.00000,0.00015,0.00000,0.00001
120.01000,1.98000,0.99976,0.00000,0.00023,0.00000,0.00001
120.21000,1.98000,0.99990,0.00000,0.00010,0.00000,0.00000
120.41000,1.98000,0.99975,0.00000,0.00025,0.00000,0.00000
120.61000,1.98000,0.99991,0.00000,0.00009,0.00000,0.00000
120.81000,1.98000,0.99931,0.00000,0.00069,0.00000,0.00000
121.01000,1.98000,0.99969,0.00000,0.00031,0.00000,0.00000
121.21000,1.98000,0.99951,0.00000,0.00049,0.00000,0.00000
121.41000,1.98000,0.99956,0.00000,0.00044,0.00000,0.00000
121.61000,1.98000,0.99977,0.00000,0.00023,0.00000,0.00000
121.81000,1.98000,0.99987,0.00000,0.00013,0.00000,0.00000
122.01000,1.98000,0.99999,0.00000,0.00001,0.00000,0.00000
122.21000,1.98000,0.99999,0.00000,0.00000,0.00000,0.00000
122.41000,1.98000,0.99980,0.00019,0.00000,0.00000,0.00001
122.61000,1.98000,0.99907,0.00002,0.00010,0.00001,0.00080
122.81000,1.98000,0.99861,0.00006,0.00001,0.00005,0.00128
123.01000,1.98000,0.99960,0.00003,0.00000,0.00002,0.00035
123.21000,1.98000,0.99881,0.00002,0.00001,0.00000,0.00116
123.41000,1.98000,0.99321,0.00354,0.00005,0.00029,0.00293
123.61000,1.98000,0.96622,0.00301,0.00157,0.00302,0.02618
123.81000,1.98000,0.99959,0.00022,0.00001,0.00002,0.00016
124.01000,1.98000,0.99998,0.00001,0.00001,0.00000,0.00000
124.21000,1.98000,0.99973,0.00010,0.00017,0.00000,0.00000
124.41000,1.98000,0.99949,0.00005,0.00046,0.00000,0.00000
124.61000,1.98000,0.99966,0.00012,0.00021,0.00000,0.00000
124.81000,1.98000,0.99990,0.00008,0.00002,0.00000,0.00000
125.01000,1.98000,0.98613,0.01364,0.00023,0.00000,0.00000
125.21000,1.98000,0.99853,0.00143,0.00003,0.00000,0.00000
125.41000,1.98000,0.99724,0.00274,0.00002,0.00000,0.00000
125.61000,1.98000,0.99183,0.00811,0.00005,0.00000,0.00000
125.81000,1.98000,0.92628,0.07370,0.00002,0.00000,0.00000
126.01000,1.98000,0.99606,0.00393,0.00001,0.00000,0.00000
126.21000,1.98000,0.98819,0.01177,0.00003,0.00000,0.00000
126.41000,1.98000,0.95860,0.04135,0.00005,0.00000,0.00000
126.61000,1.98000,0.59164,0.40835,0.00001,0.00000,0.00000
126.81000,1.98000,0.99259,0.00740,0.00002,0.00000,0.00000
127.01000,1.98000,0.99754,0.00244,0.00002,0.00000,0.00000
127.21000,1.98000,0.99970,0.00028,0.00002,0.00000,0.00000
127.41000,1.98000,0.99954,0.00046,0.00001,0.00000,0.00000
127.61000,1.98000,0.99991,0.00006,0.00002,0.00000,0.00001
127.81000,1.98000,0.99998,0.00001,0.00001,0.00000,0.00001
128.00999,1.98001,0.99998,0.00000,0.00000,0.00000,0.00001
128.21001,1.98000,1.00000,0.00000,0.00000,0.00000,0.00000
128.41000,1.98000,0.99997,0.00000,0.00000,0.00000,0.00002
128.61000,1.98000,0.99997,0.00000,0.00000,0.00001,0.00002
128.81000,1.98000,0.99995,0.00000,0.00000,0.00001,0.00004
