Time(Seconds),Length(Seconds),Label(string),Confidence(double),Comment(string)
11.6417854,1.0468265,On,1,
13.4201293,1.1729502,On,1,
15.3245968,1.2107873,On,1,
17.2416768,1.1603378,On,1,
18.9317341,1.2486244,On,1,
20.7587731,0.7945791,On,1,
22.0073975,0.8954781,On,1,
23.3316962,0.9585399,On,1,
24.6433824,0.7945791,On,1,
25.8793945,0.9207028,On,1,
27.1027942,0.9585399,On,1,
28.4649299,0.9837646,On,1,
30.4130567,1.0342141,On,1,
32.103114,1.0720512,On,1,
33.8436208,1.1729502,On,1,
35.8111501,0.857641,On,1,
37.3120219,1.0468265,On,1,
39.2921637,1.0972759,On,1,
41.2074895,0.9333152,On,1,
43.9569857,1.1225007,On,1,
47.12269,0.7315173,On,1,
52.075056,1.1351131,On,1,
54.4966307,1.1603378,On,1,
58.7582166,1.1603378,On,1,
61.2428531,1.2864615,On,1,
63.4500175,1.0468265,On,1,
65.7231658,1.0342141,On,1,
67.6780829,0.9459275,On,1,
70.5537028,1.0594389,On,1,
72.3320466,1.1729502,On,1,
74.2344002,1.0594388,On,1,
76.0884183,0.8828657,On,1,
78.06856,0.9333152,On,1,
79.9225781,1.0846636,On,1,
81.8018209,0.9333152,On,1,
83.7236438,1.0468265,On,1,
85.8425216,1.0089894,On,1,
87.8857252,1.0089894,On,1,
90.1937885,1.1225007,On,1,
92.476627,0.8450286,On,1,
95.1825751,0.857641,On,1,
96.9735313,1.236012,On,1,
99.1176339,0.9837646,On,1,
101.009489,1.236012,On,1,
103.0905297,1.1981749,On,1,
105.0134095,1.0468265,On,1,
106.8043657,1.2233996,On,1,
108.6079343,1.0846636,On,1,
109.9826824,0.996377,On,1,
