Time(Seconds),Length(Seconds),Label(string),Confidence(double),Comment(string)
4.1273895,1.6686868,On,1,
6.4304199,1.4828282,On,1,
8.3049654,1.4424242,On,1,
12.0629128,1.4989898,On,1,
15.1988319,1.4949494,On,1,
17.2392279,1.6686868,On,1,
19.7473491,1.6525252,On,1,
22.7106864,1.450505,On,1,
24.9469449,1.7252525,On,1,
28.1900317,1.5313131,On,1,
31.7347993,1.660606,On,1,
35.056577,1.6161616,On,1,
38.5580558,1.5919191,On,1,
41.7162942,1.5919191,On,1,
44.8068073,1.7737373,On,1,
49.2302658,1.7010101,On,1,
54.1895547,1.6565656,On,1,
57.3881971,1.5636363,On,1,
61.7166092,1.7090909,On,1,
64.6768678,1.5232323,On,1,
67.1626697,1.6484848,On,1,
69.5828636,1.5999999,On,1,
72.8742414,1.7939393,On,1,
76.5969807,1.6080808,On,1,
79.9541605,1.7252525,On,1,
82.7528029,1.410101,On,1,
86.2654412,1.450505,On,1,
88.5765437,1.7050505,On,1,
90.9876957,1.5393939,On,1,
93.9146694,1.6121212,On,1,
96.5911381,1.5070707,On,1,
99.5204229,1.680808,On,1,
102.4593238,1.470707,On,1,
104.7594611,1.5393939,On,1,
108.5002853,1.5595959,On,1,
111.2119618,1.6929292,On,1,
114.697085,1.5272727,On,1,
117.3156466,1.240404,On,1,
120.4121236,1.5595959,On,1,
124.0425071,1.3454545,On,1,
127.7887213,1.4626262,On,1,
