Time (seconds), Duration (seconds),pred_unlabelled,pred_circle,pred_shaking
0.01000,1.98000,0.17072,0.00148,0.82780
0.21000,1.98000,0.25404,0.00247,0.74349
0.41000,1.98000,0.19707,0.00208,0.80084
0.61000,1.98000,0.22313,0.00446,0.77241
0.81000,1.98000,0.10693,0.00156,0.89152
1.01000,1.98000,0.13292,0.00364,0.86344
1.21000,1.98000,0.09987,0.00369,0.89645
1.41000,1.98000,0.10317,0.00075,0.89607
1.61000,1.98000,0.10867,0.00189,0.88944
1.81000,1.98000,0.09620,0.00292,0.90088
2.01000,1.98000,0.08555,0.00321,0.91124
2.21000,1.98000,0.06195,0.00081,0.93724
2.41000,1.98000,0.06443,0.00023,0.93534
2.61000,1.98000,0.06395,0.00003,0.93603
2.81000,1.98000,0.08926,0.00018,0.91056
3.01000,1.98000,0.13907,0.00038,0.86055
3.21000,1.98000,0.12560,0.00095,0.87345
3.41000,1.98000,0.09255,0.00078,0.90667
3.61000,1.98000,0.09933,0.00083,0.89983
3.81000,1.98000,0.10337,0.00093,0.89570
4.01000,1.98000,0.09223,0.00189,0.90588
4.21000,1.98000,0.10201,0.00305,0.89494
4.41000,1.98000,0.10892,0.02934,0.86174
4.61000,1.98000,0.07015,0.03145,0.89840
4.81000,1.98000,0.12180,0.01741,0.86078
5.01000,1.98000,0.11990,0.01208,0.86801
5.21000,1.98000,0.21992,0.03461,0.74547
5.41000,1.98000,0.26773,0.04059,0.69168
5.61000,1.98000,0.19226,0.04088,0.76685
5.81000,1.98000,0.33720,0.10110,0.56171
6.01000,1.98000,0.30981,0.08994,0.60025
6.21000,1.98000,0.29614,0.13094,0.57293
6.41000,1.98000,0.34827,0.15676,0.49496
6.61000,1.98000,0.27170,0.28857,0.43973
6.81000,1.98000,0.08517,0.43334,0.48149
7.01000,1.98000,0.09967,0.29349,0.60685
7.21000,1.98000,0.08037,0.07239,0.84724
7.41000,1.98000,0.09895,0.05747,0.84358
7.61000,1.98000,0.09566,0.02526,0.87908
7.81000,1.98000,0.08459,0.00894,0.90647
8.01000,1.98000,0.07993,0.00381,0.91625
8.21000,1.98000,0.08790,0.00222,0.90988
8.41000,1.98000,0.10393,0.00197,0.89410
8.61000,1.98000,0.23270,0.00131,0.76599
8.81000,1.98000,0.19645,0.00116,0.80239
9.01000,1.98000,0.13610,0.00105,0.86285
9.21000,1.98000,0.11905,0.00178,0.87917
9.41000,1.98000,0.08005,0.00119,0.91876
9.61000,1.98000,0.12733,0.01602,0.85664
9.81000,1.98000,0.09133,0.01399,0.89468
10.01000,1.98000,0.08132,0.02096,0.89772
10.21000,1.98000,0.03188,0.00941,0.95871
10.41000,1.98000,0.02780,0.02443,0.94777
10.61000,1.98000,0.01189,0.02344,0.96468
10.81000,1.98000,0.01346,0.00799,0.97855
11.01000,1.98000,0.00455,0.00499,0.99047
11.21000,1.98000,0.00565,0.01255,0.98180
11.41000,1.98000,0.00544,0.01033,0.98423
11.61000,1.98000,0.00521,0.00091,0.99387
11.81000,1.98000,0.00515,0.00051,0.99434
12.01000,1.98000,0.01145,0.00024,0.98831
12.21000,1.98000,0.01782,0.00066,0.98152
12.41000,1.98000,0.03409,0.00058,0.96533
12.61000,1.98000,0.03904,0.00131,0.95965
12.81000,1.98000,0.16075,0.00325,0.83600
13.01000,1.98000,0.22098,0.00377,0.77525
13.21000,1.98000,0.15703,0.00141,0.84156
13.41000,1.98000,0.29350,0.00148,0.70502
13.61000,1.98000,0.20575,0.01727,0.77698
13.81000,1.98000,0.25862,0.04176,0.69962
14.01000,1.98000,0.14795,0.01755,0.83450
14.21000,1.98000,0.12687,0.00507,0.86806
14.41000,1.98000,0.13078,0.00544,0.86378
14.61000,1.98000,0.06893,0.00058,0.93049
14.81000,1.98000,0.07971,0.00106,0.91923
15.01000,1.98000,0.14566,0.00121,0.85313
15.21000,1.98000,0.09080,0.00025,0.90895
15.41000,1.98000,0.07301,0.00047,0.92652
15.61000,1.98000,0.07225,0.00042,0.92734
15.81000,1.98000,0.07605,0.00008,0.92386
16.01000,1.98000,0.05778,0.00060,0.94162
16.21000,1.98000,0.05644,0.00078,0.94278
16.41000,1.98000,0.06563,0.00249,0.93188
16.61000,1.98000,0.07764,0.00320,0.91917
16.81000,1.98000,0.03464,0.00080,0.96456
17.01000,1.98000,0.02922,0.00145,0.96933
17.21000,1.98000,0.02407,0.00098,0.97494
17.41000,1.98000,0.04335,0.00152,0.95513
17.61000,1.98000,0.02305,0.00030,0.97665
17.81000,1.98000,0.02392,0.00029,0.97579
18.01000,1.98000,0.03946,0.00035,0.96018
18.21000,1.98000,0.02597,0.00015,0.97388
18.41000,1.98000,0.03704,0.00013,0.96283
18.61000,1.98000,0.03104,0.00006,0.96890
18.81000,1.98000,0.03381,0.00016,0.96603
19.01000,1.98000,0.03986,0.00027,0.95987
19.21000,1.98000,0.03194,0.00009,0.96797
19.41000,1.98000,0.04115,0.00041,0.95845
19.61000,1.98000,0.05450,0.00064,0.94486
19.81000,1.98000,0.06166,0.00068,0.93765
20.01000,1.98000,0.05766,0.00086,0.94147
20.21000,1.98000,0.02808,0.00020,0.97173
20.41000,1.98000,0.05432,0.00056,0.94512
20.61000,1.98000,0.03442,0.00061,0.96497
20.81000,1.98000,0.03429,0.00055,0.96516
21.01000,1.98000,0.05099,0.00026,0.94875
21.21000,1.98000,0.04562,0.00033,0.95405
21.41000,1.98000,0.05386,0.00013,0.94600
21.61000,1.98000,0.05763,0.00026,0.94211
21.81000,1.98000,0.05024,0.00002,0.94974
22.01000,1.98000,0.05720,0.00001,0.94279
22.21000,1.98000,0.07841,0.00013,0.92147
22.41000,1.98000,0.06921,0.00008,0.93071
22.61000,1.98000,0.11359,0.00001,0.88640
22.81000,1.98000,0.13311,0.00007,0.86683
23.01000,1.98000,0.07152,0.00007,0.92841
23.21000,1.98000,0.11453,0.00024,0.88523
23.41000,1.98000,0.10327,0.00007,0.89665
23.61000,1.98000,0.08684,0.00021,0.91295
23.81000,1.98000,0.09117,0.00149,0.90735
24.01000,1.98000,0.07875,0.00064,0.92061
24.21000,1.98000,0.05828,0.00014,0.94159
24.41000,1.98000,0.02786,0.00073,0.97141
24.61000,1.98000,0.02572,0.00112,0.97316
24.81000,1.98000,0.01947,0.00029,0.98024
25.01000,1.98000,0.03903,0.00106,0.95991
25.21000,1.98000,0.03054,0.00064,0.96883
25.41000,1.98000,0.02855,0.00134,0.97011
25.61000,1.98000,0.02757,0.00048,0.97195
25.81000,1.98000,0.03452,0.00023,0.96525
26.01000,1.98000,0.05476,0.00182,0.94343
26.21000,1.98000,0.03228,0.00115,0.96658
26.41000,1.98000,0.10233,0.00073,0.89694
26.61000,1.98000,0.08761,0.00042,0.91197
26.81000,1.98000,0.12067,0.00186,0.87747
27.01000,1.98000,0.12906,0.00328,0.86766
27.21000,1.98000,0.15867,0.00146,0.83988
27.41000,1.98000,0.18084,0.00097,0.81819
27.61000,1.98000,0.16274,0.00121,0.83605
27.81000,1.98000,0.13398,0.00036,0.86566
28.01000,1.98000,0.09285,0.00008,0.90707
28.21000,1.98000,0.18281,0.00069,0.81651
28.41000,1.98000,0.21441,0.00097,0.78462
28.61000,1.98000,0.13323,0.00203,0.86474
28.81000,1.98000,0.05782,0.00017,0.94200
29.01000,1.98000,0.09550,0.00042,0.90408
29.21000,1.98000,0.07814,0.00052,0.92134
29.41000,1.98000,0.04053,0.00021,0.95926
29.61000,1.98000,0.03900,0.00105,0.95994
29.81000,1.98000,0.04794,0.00111,0.95095
30.01000,1.98000,0.04832,0.00528,0.94640
30.21000,1.98000,0.03290,0.00613,0.96096
30.41000,1.98000,0.01829,0.00214,0.97957
30.61000,1.98000,0.01311,0.00029,0.98660
30.81000,1.98000,0.01998,0.00140,0.97862
31.01000,1.98000,0.02091,0.00112,0.97797
31.21000,1.98000,0.03769,0.00132,0.96100
31.41000,1.98000,0.04273,0.00151,0.95576
31.61000,1.98000,0.04398,0.00018,0.95584
31.81000,1.98000,0.08682,0.00004,0.91314
32.01000,1.98000,0.09878,0.00003,0.90119
32.21000,1.98000,0.05473,0.00001,0.94526
32.41000,1.98000,0.07080,0.00001,0.92918
32.61000,1.98000,0.05011,0.00003,0.94986
32.81000,1.98000,0.05128,0.00002,0.94869
33.01000,1.98000,0.04631,0.00006,0.95363
33.21000,1.98000,0.02461,0.00005,0.97534
33.41000,1.98000,0.01950,0.00023,0.98027
33.61000,1.98000,0.01320,0.00298,0.98382
33.81000,1.98000,0.00618,0.00353,0.99029
34.01000,1.98000,0.00750,0.00681,0.98569
34.21000,1.98000,0.00954,0.01210,0.97837
34.41000,1.98000,0.03783,0.03466,0.92751
34.61000,1.98000,0.02399,0.13148,0.84452
34.81000,1.98000,0.02230,0.07947,0.89823
35.01000,1.98000,0.02177,0.05444,0.92379
35.21000,1.98000,0.03131,0.08312,0.88557
35.41000,1.98000,0.03460,0.01296,0.95243
35.61000,1.98000,0.04487,0.01121,0.94392
35.81000,1.98000,0.14843,0.04283,0.80874
36.01000,1.98000,0.16518,0.00684,0.82799
36.21000,1.98000,0.07090,0.00218,0.92692
36.41000,1.98000,0.04033,0.00112,0.95855
36.61000,1.98000,0.03916,0.00158,0.95926
36.81000,1.98000,0.06039,0.00344,0.93618
37.01000,1.98000,0.04894,0.00333,0.94773
37.21000,1.98000,0.09680,0.01891,0.88429
37.41000,1.98000,0.05221,0.01393,0.93386
37.61000,1.98000,0.05703,0.02757,0.91540
37.81000,1.98000,0.07956,0.00871,0.91173
38.01000,1.98000,0.06126,0.00459,0.93415
38.21000,1.98000,0.07358,0.01322,0.91320
38.41000,1.98000,0.06359,0.01707,0.91934
38.61000,1.98000,0.05100,0.00218,0.94682
38.81000,1.98000,0.02342,0.00143,0.97516
39.01000,1.98000,0.03136,0.00140,0.96724
39.21000,1.98000,0.03366,0.00011,0.96623
39.41000,1.98000,0.02765,0.00004,0.97231
39.61000,1.98000,0.02259,0.00072,0.97669
39.81000,1.98000,0.01705,0.00030,0.98265
40.01000,1.98000,0.01537,0.00025,0.98438
40.21000,1.98000,0.01301,0.00025,0.98674
40.41000,1.98000,0.00988,0.00021,0.98991
40.61000,1.98000,0.01347,0.00016,0.98637
40.81000,1.98000,0.01577,0.00021,0.98402
41.01000,1.98000,0.00850,0.00146,0.99005
41.21000,1.98000,0.00911,0.00060,0.99029
41.41000,1.98000,0.00892,0.00060,0.99049
41.61000,1.98000,0.01066,0.00065,0.98870
41.81000,1.98000,0.01730,0.00100,0.98170
42.01000,1.98000,0.01584,0.00045,0.98371
42.21000,1.98000,0.01558,0.00031,0.98412
42.41000,1.98000,0.01587,0.00002,0.98411
42.61000,1.98000,0.04965,0.00004,0.95031
42.81000,1.98000,0.05194,0.00002,0.94804
43.01000,1.98000,0.07493,0.00007,0.92500
43.21000,1.98000,0.06111,0.00002,0.93887
43.41000,1.98000,0.06055,0.00003,0.93942
43.61000,1.98000,0.05547,0.00004,0.94449
43.81000,1.98000,0.04261,0.00003,0.95736
44.01000,1.98000,0.07497,0.00008,0.92495
44.21000,1.98000,0.07085,0.00005,0.92910
44.41000,1.98000,0.05710,0.00077,0.94212
44.61000,1.98000,0.03764,0.00050,0.96186
44.81000,1.98000,0.03713,0.00057,0.96230
45.01000,1.98000,0.03523,0.00059,0.96418
45.21000,1.98000,0.02810,0.00096,0.97093
45.41000,1.98000,0.03203,0.00071,0.96726
45.61000,1.98000,0.02834,0.00062,0.97104
45.81000,1.98000,0.04837,0.00080,0.95083
46.01000,1.98000,0.04820,0.00195,0.94985
46.21000,1.98000,0.04864,0.00285,0.94852
46.41000,1.98000,0.06036,0.00373,0.93591
46.61000,1.98000,0.05142,0.00325,0.94532
46.81000,1.98000,0.04643,0.01032,0.94325
47.01000,1.98000,0.04919,0.00364,0.94716
47.21000,1.98000,0.06556,0.01257,0.92187
47.41000,1.98000,0.04617,0.00812,0.94571
47.61000,1.98000,0.04517,0.02830,0.92653
47.81000,1.98000,0.02782,0.01687,0.95531
48.01000,1.98000,0.02178,0.01350,0.96473
48.21000,1.98000,0.02499,0.00664,0.96837
48.41000,1.98000,0.02278,0.00624,0.97098
48.61000,1.98000,0.02414,0.00198,0.97387
48.81000,1.98000,0.02557,0.01241,0.96203
49.01000,1.98000,0.04166,0.02977,0.92857
49.21000,1.98000,0.03327,0.01554,0.95118
49.41000,1.98000,0.02545,0.01437,0.96018
49.61000,1.98000,0.04114,0.01599,0.94287
49.81000,1.98000,0.05504,0.01041,0.93455
50.01000,1.98000,0.03493,0.00688,0.95819
50.21000,1.98000,0.02809,0.00454,0.96737
50.41000,1.98000,0.02349,0.00481,0.97170
50.61000,1.98000,0.02814,0.00235,0.96951
50.81000,1.98000,0.01445,0.00019,0.98536
51.01000,1.98000,0.01309,0.00006,0.98685
51.21000,1.98000,0.01219,0.00007,0.98774
51.41000,1.98000,0.01820,0.00012,0.98167
51.61000,1.98000,0.01163,0.00000,0.98836
51.81000,1.98000,0.02613,0.00001,0.97386
52.01000,1.98000,0.02199,0.00000,0.97800
52.21000,1.98000,0.02350,0.00000,0.97650
52.41000,1.98000,0.02131,0.00000,0.97868
52.61000,1.98000,0.03303,0.00001,0.96697
52.81000,1.98000,0.04443,0.00000,0.95557
53.01000,1.98000,0.05207,0.00000,0.94793
53.21000,1.98000,0.02420,0.00000,0.97580
53.41000,1.98000,0.01834,0.00000,0.98166
53.61000,1.98000,0.03677,0.00000,0.96323
53.81000,1.98000,0.01597,0.00000,0.98403
54.01000,1.98000,0.02593,0.00000,0.97407
54.21000,1.98000,0.02726,0.00000,0.97274
54.41000,1.98000,0.02463,0.00001,0.97536
54.61000,1.98000,0.02276,0.00003,0.97722
54.81000,1.98000,0.03054,0.00006,0.96940
55.01000,1.98000,0.01942,0.00007,0.98051
55.21000,1.98000,0.02221,0.00016,0.97763
55.41000,1.98000,0.01256,0.00087,0.98657
55.61000,1.98000,0.01649,0.00074,0.98277
55.81000,1.98000,0.00627,0.00559,0.98815
56.01000,1.98000,0.00517,0.00556,0.98927
56.21000,1.98000,0.00166,0.00128,0.99706
56.41000,1.98000,0.00005,0.00005,0.99990
56.61000,1.98000,0.00003,0.00005,0.99992
56.81000,1.98000,0.00004,0.00010,0.99986
57.01000,1.98000,0.00006,0.00002,0.99992
57.21000,1.98000,0.00011,0.00004,0.99985
57.41000,1.98000,0.00010,0.00002,0.99988
57.61000,1.98000,0.00051,0.00001,0.99948
57.81000,1.98000,0.00091,0.00001,0.99908
58.01000,1.98000,0.00168,0.00001,0.99832
58.21000,1.98000,0.02051,0.00001,0.97948
58.41000,1.98000,0.11024,0.00015,0.88962
58.61000,1.98000,0.12323,0.00013,0.87665
58.81000,1.98000,0.12387,0.00049,0.87564
59.01000,1.98000,0.23656,0.00224,0.76120
59.21000,1.98000,0.34862,0.00701,0.64437
59.41000,1.98000,0.23032,0.00821,0.76147
59.61000,1.98000,0.21744,0.00159,0.78097
59.81000,1.98000,0.15553,0.00170,0.84277
60.01000,1.98000,0.18058,0.00444,0.81499
60.21000,1.98000,0.12431,0.00090,0.87479
60.41000,1.98000,0.07521,0.00306,0.92173
60.61000,1.98000,0.07842,0.00256,0.91902
60.81000,1.98000,0.04852,0.00147,0.95001
61.01000,1.98000,0.03513,0.00122,0.96366
61.21000,1.98000,0.01149,0.00042,0.98809
61.41000,1.98000,0.01696,0.01992,0.96312
61.61000,1.98000,0.01599,0.00612,0.97789
61.81000,1.98000,0.01435,0.00285,0.98280
62.01000,1.98000,0.01773,0.02716,0.95511
62.21000,1.98000,0.10347,0.06343,0.83310
62.41000,1.98000,0.07132,0.02792,0.90077
62.61000,1.98000,0.20622,0.11837,0.67541
62.81000,1.98000,0.14232,0.04069,0.81699
63.01000,1.98000,0.12955,0.01506,0.85539
63.21000,1.98000,0.08875,0.01196,0.89929
63.41000,1.98000,0.14276,0.01411,0.84313
63.61000,1.98000,0.10804,0.00279,0.88917
63.81000,1.98000,0.25355,0.01322,0.73323
64.01000,1.98000,0.12470,0.00181,0.87348
64.21000,1.98000,0.10052,0.00274,0.89674
64.41000,1.98000,0.05523,0.00138,0.94338
64.61000,1.98000,0.03607,0.00126,0.96266
64.81000,1.98000,0.02477,0.00056,0.97467
65.01000,1.98000,0.02172,0.00026,0.97801
65.21000,1.98000,0.02658,0.00074,0.97269
65.41000,1.98000,0.02793,0.00027,0.97180
65.61000,1.98000,0.03979,0.00032,0.95989
65.81000,1.98000,0.04339,0.00064,0.95597
66.01000,1.98000,0.02556,0.00021,0.97424
66.21000,1.98000,0.02521,0.00011,0.97468
66.41000,1.98000,0.03000,0.00013,0.96986
66.61000,1.98000,0.03913,0.00014,0.96074
66.81000,1.98000,0.05345,0.00025,0.94631
67.01000,1.98000,0.04950,0.00009,0.95041
67.21000,1.98000,0.06409,0.00011,0.93580
67.41000,1.98000,0.08547,0.00050,0.91403
67.61000,1.98000,0.06143,0.00025,0.93832
67.81000,1.98000,0.06641,0.00015,0.93344
68.01000,1.98000,0.07660,0.00029,0.92311
68.21000,1.98000,0.06944,0.00060,0.92996
68.41000,1.98000,0.07158,0.00022,0.92820
68.61000,1.98000,0.03900,0.00014,0.96086
68.81000,1.98000,0.04657,0.00004,0.95339
69.01000,1.98000,0.04009,0.00017,0.95973
69.21000,1.98000,0.04431,0.00015,0.95554
69.41000,1.98000,0.02640,0.00006,0.97354
69.61000,1.98000,0.03287,0.00021,0.96692
69.81000,1.98000,0.05227,0.00023,0.94750
70.01000,1.98000,0.05512,0.00011,0.94477
70.21000,1.98000,0.04420,0.00025,0.95554
70.41000,1.98000,0.04348,0.00037,0.95614
70.61000,1.98000,0.05380,0.00142,0.94478
70.81000,1.98000,0.04686,0.00239,0.95075
71.01000,1.98000,0.05075,0.00041,0.94883
71.21000,1.98000,0.04371,0.00203,0.95426
71.41000,1.98000,0.03138,0.00081,0.96782
71.61000,1.98000,0.02505,0.00086,0.97409
71.81000,1.98000,0.02454,0.00015,0.97531
72.01000,1.98000,0.02687,0.00009,0.97304
72.21000,1.98000,0.02855,0.00001,0.97144
72.41000,1.98000,0.02803,0.00002,0.97195
72.61000,1.98000,0.02079,0.00000,0.97920
72.81000,1.98000,0.04427,0.00000,0.95572
73.01000,1.98000,0.04795,0.00000,0.95205
73.21000,1.98000,0.06620,0.00000,0.93380
73.41000,1.98000,0.08899,0.00000,0.91101
73.61000,1.98000,0.12506,0.00000,0.87493
73.81000,1.98000,0.09775,0.00001,0.90225
74.01000,1.98000,0.12281,0.00002,0.87716
74.21000,1.98000,0.08879,0.00002,0.91119
74.41000,1.98000,0.09864,0.00008,0.90129
74.61000,1.98000,0.12941,0.00203,0.86857
74.81000,1.98000,0.08498,0.00163,0.91339
75.01000,1.98000,0.06185,0.00064,0.93751
75.21000,1.98000,0.06356,0.00554,0.93090
75.41000,1.98000,0.07004,0.00700,0.92296
75.61000,1.98000,0.05611,0.00183,0.94205
75.81000,1.98000,0.05594,0.01858,0.92547
76.01000,1.98000,0.06617,0.03203,0.90180
76.21000,1.98000,0.07435,0.04094,0.88471
76.41000,1.98000,0.10731,0.07294,0.81975
76.61000,1.98000,0.10486,0.16688,0.72826
76.81000,1.98000,0.10983,0.15172,0.73845
77.01000,1.98000,0.13056,0.26166,0.60779
77.21000,1.98000,0.14865,0.19549,0.65586
77.41000,1.98000,0.13957,0.06744,0.79299
77.61000,1.98000,0.11698,0.07706,0.80596
77.81000,1.98000,0.14824,0.04155,0.81021
78.01000,1.98000,0.10137,0.02683,0.87180
78.21000,1.98000,0.07304,0.01550,0.91146
78.41000,1.98000,0.05437,0.00290,0.94272
78.61000,1.98000,0.05479,0.00314,0.94207
78.81000,1.98000,0.05528,0.00195,0.94277
79.01000,1.98000,0.03306,0.00150,0.96543
79.21000,1.98000,0.06500,0.00424,0.93076
79.41000,1.98000,0.06175,0.00378,0.93448
79.61000,1.98000,0.06081,0.00644,0.93274
79.81000,1.98000,0.06079,0.01101,0.92820
80.01000,1.98000,0.08111,0.01387,0.90502
80.21000,1.98000,0.04637,0.01523,0.93840
80.41000,1.98000,0.06218,0.05450,0.88333
80.61000,1.98000,0.05979,0.02781,0.91240
80.81000,1.98000,0.04239,0.00890,0.94871
81.01000,1.98000,0.04294,0.01265,0.94440
81.21000,1.98000,0.05122,0.00123,0.94754
81.41000,1.98000,0.04751,0.00045,0.95204
81.61000,1.98000,0.04984,0.00008,0.95008
81.81000,1.98000,0.03071,0.00003,0.96926
82.01000,1.98000,0.04806,0.00006,0.95187
82.21000,1.98000,0.05471,0.00007,0.94521
82.41000,1.98000,0.03908,0.00002,0.96089
82.61000,1.98000,0.03971,0.00002,0.96027
82.81000,1.98000,0.04075,0.00007,0.95917
83.01000,1.98000,0.02647,0.00032,0.97321
83.21000,1.98000,0.02404,0.00096,0.97500
83.41000,1.98000,0.02100,0.00132,0.97768
83.61000,1.98000,0.02375,0.00295,0.97329
83.81000,1.98000,0.04543,0.00538,0.94919
84.01000,1.98000,0.03392,0.00245,0.96363
84.21000,1.98000,0.03383,0.00109,0.96509
84.41000,1.98000,0.05160,0.00379,0.94461
84.61000,1.98000,0.06618,0.00268,0.93114
84.81000,1.98000,0.14046,0.00885,0.85069
85.01000,1.98000,0.08483,0.00150,0.91367
85.21000,1.98000,0.09644,0.00172,0.90184
85.41000,1.98000,0.08189,0.00070,0.91741
85.61000,1.98000,0.14972,0.00110,0.84918
85.81000,1.98000,0.18288,0.00260,0.81453
86.01000,1.98000,0.28288,0.00829,0.70883
86.21000,1.98000,0.38832,0.00217,0.60951
86.41000,1.98000,0.21233,0.00192,0.78575
86.61000,1.98000,0.08853,0.00016,0.91131
86.81000,1.98000,0.10262,0.00015,0.89723
87.01000,1.98000,0.08278,0.00016,0.91706
87.21000,1.98000,0.15789,0.00049,0.84162
87.41000,1.98000,0.14447,0.00284,0.85269
87.61000,1.98000,0.08940,0.00161,0.90899
87.81000,1.98000,0.07368,0.00052,0.92580
88.01000,1.98000,0.03984,0.00010,0.96006
88.21000,1.98000,0.04912,0.00009,0.95079
88.41000,1.98000,0.07041,0.00012,0.92947
88.61000,1.98000,0.06778,0.00123,0.93099
88.81000,1.98000,0.03595,0.00200,0.96205
89.01000,1.98000,0.06655,0.00343,0.93003
89.21000,1.98000,0.07421,0.00838,0.91741
89.41000,1.98000,0.03113,0.00146,0.96741
89.61000,1.98000,0.01378,0.00001,0.98621
89.81000,1.98000,0.02160,0.00001,0.97838
90.01000,1.98000,0.02911,0.00001,0.97088
90.21000,1.98000,0.02984,0.00001,0.97015
90.41000,1.98000,0.02780,0.00001,0.97220
90.61000,1.98000,0.05002,0.00000,0.94998
90.81000,1.98000,0.05780,0.00000,0.94220
91.01000,1.98000,0.02553,0.00000,0.97446
91.21000,1.98000,0.08039,0.00003,0.91958
91.41000,1.98000,0.05513,0.00010,0.94477
91.61000,1.98000,0.05427,0.00929,0.93644
91.81000,1.98000,0.01468,0.00179,0.98353
92.01000,1.98000,0.01352,0.00481,0.98168
92.21000,1.98000,0.01232,0.01159,0.97609
92.41000,1.98000,0.01045,0.01338,0.97617
92.61000,1.98000,0.00414,0.04188,0.95398
92.81000,1.98000,0.01832,0.00123,0.98045
93.01000,1.98000,0.01679,0.00229,0.98091
93.21000,1.98000,0.01511,0.00094,0.98395
93.41000,1.98000,0.01988,0.00056,0.97956
93.61000,1.98000,0.01598,0.00011,0.98392
93.81000,1.98000,0.01199,0.00012,0.98789
94.01000,1.98000,0.00630,0.00006,0.99365
94.21000,1.98000,0.00433,0.00001,0.99565
94.41000,1.98000,0.00164,0.00000,0.99836
94.61000,1.98000,0.00118,0.00001,0.99881
94.81000,1.98000,0.00144,0.00002,0.99854
95.01000,1.98000,0.00156,0.00001,0.99843
95.21000,1.98000,0.00220,0.00003,0.99777
95.41000,1.98000,0.00129,0.00002,0.99869
95.61000,1.98000,0.00228,0.00266,0.99507
95.81000,1.98000,0.02214,0.00337,0.97449
96.01000,1.98000,0.00900,0.00174,0.98926
96.21000,1.98000,0.05137,0.00631,0.94232
96.41000,1.98000,0.04451,0.00426,0.95124
96.61000,1.98000,0.04966,0.01117,0.93917
96.81000,1.98000,0.06992,0.00410,0.92599
97.01000,1.98000,0.00554,0.00086,0.99360
97.21000,1.98000,0.01171,0.00098,0.98731
97.41000,1.98000,0.01576,0.00048,0.98376
97.61000,1.98000,0.00182,0.00003,0.99814
97.81000,1.98000,0.00621,0.00005,0.99374
98.01000,1.98000,0.00514,0.00010,0.99477
98.21000,1.98000,0.01151,0.00006,0.98843
98.41000,1.98000,0.01135,0.00007,0.98858
98.61000,1.98000,0.00539,0.00004,0.99457
98.81000,1.98000,0.02665,0.00002,0.97334
99.01000,1.98000,0.01776,0.00001,0.98222
99.21000,1.98000,0.01581,0.00002,0.98417
99.41000,1.98000,0.00954,0.00002,0.99044
99.61000,1.98000,0.00729,0.00012,0.99259
99.81000,1.98000,0.00962,0.00011,0.99027
100.01000,1.98000,0.00269,0.00023,0.99708
100.21000,1.98000,0.00330,0.00026,0.99644
100.41000,1.98000,0.00179,0.00015,0.99805
100.61000,1.98000,0.00272,0.00155,0.99574
100.81000,1.98000,0.00153,0.00501,0.99346
101.01000,1.98000,0.00227,0.00346,0.99428
101.21000,1.98000,0.00210,0.00266,0.99524
101.41000,1.98000,0.00691,0.00599,0.98710
101.61000,1.98000,0.00249,0.00102,0.99649
101.81000,1.98000,0.00927,0.00349,0.98723
102.01000,1.98000,0.00834,0.00441,0.98725
102.21000,1.98000,0.01839,0.01589,0.96572
102.41000,1.98000,0.02020,0.04671,0.93309
102.61000,1.98000,0.03542,0.06263,0.90195
102.81000,1.98000,0.02329,0.07867,0.89804
103.01000,1.98000,0.03351,0.12515,0.84134
103.21000,1.98000,0.02257,0.08545,0.89198
103.41000,1.98000,0.01283,0.11921,0.86796
103.61000,1.98000,0.00563,0.03702,0.95736
103.81000,1.98000,0.00664,0.07118,0.92218
104.01000,1.98000,0.01072,0.06913,0.92015
104.21000,1.98000,0.00589,0.03782,0.95629
104.41000,1.98000,0.00311,0.01156,0.98533
104.61000,1.98000,0.00326,0.01222,0.98452
104.81000,1.98000,0.00129,0.00566,0.99304
105.01000,1.98000,0.00391,0.01689,0.97920
105.21000,1.98000,0.01096,0.02315,0.96589
105.41000,1.98000,0.00239,0.00693,0.99068
105.61000,1.98000,0.00250,0.00581,0.99168
105.81000,1.98000,0.00164,0.00393,0.99443
106.01000,1.98000,0.00316,0.00408,0.99276
106.21000,1.98000,0.00498,0.00775,0.98727
106.41000,1.98000,0.00815,0.01367,0.97818
106.61000,1.98000,0.01147,0.00715,0.98138
106.81000,1.98000,0.00157,0.00186,0.99657
107.01000,1.98000,0.00038,0.00120,0.99842
107.21000,1.98000,0.00066,0.00359,0.99575
107.41000,1.98000,0.00078,0.00495,0.99427
107.61000,1.98000,0.00070,0.00282,0.99648
107.81000,1.98000,0.00228,0.12451,0.87321
108.01000,1.98000,0.00104,0.04901,0.94994
108.21000,1.98000,0.00047,0.04424,0.95529
108.41000,1.98000,0.00040,0.02232,0.97728
108.61000,1.98000,0.00422,0.07470,0.92109
108.81000,1.98000,0.01192,0.06546,0.92262
109.01000,1.98000,0.02160,0.12277,0.85563
109.21000,1.98000,0.02350,0.18528,0.79121
109.41000,1.98000,0.04118,0.27668,0.68214
109.61000,1.98000,0.04233,0.09109,0.86658
109.81000,1.98000,0.02820,0.06325,0.90855
110.01000,1.98000,0.06712,0.09645,0.83643
110.21000,1.98000,0.09296,0.11004,0.79700
110.41000,1.98000,0.07073,0.27164,0.65762
110.61000,1.98000,0.04133,0.37330,0.58537
110.81000,1.98000,0.04209,0.67526,0.28265
111.01000,1.98000,0.04861,0.54917,0.40222
111.21000,1.98000,0.04650,0.63308,0.32041
111.41000,1.98000,0.04698,0.68958,0.26344
111.61000,1.98000,0.07326,0.69479,0.23195
111.81000,1.98000,0.08157,0.54732,0.37111
112.01000,1.98000,0.14480,0.51122,0.34399
112.21000,1.98000,0.22101,0.53914,0.23985
112.41000,1.98000,0.38091,0.41806,0.20103
112.61000,1.98000,0.48820,0.23915,0.27265
112.81000,1.98000,0.60951,0.29459,0.09590
113.01000,1.98000,0.66233,0.26310,0.07457
113.21000,1.98000,0.61753,0.25697,0.12551
113.41000,1.98000,0.71778,0.16206,0.12016
113.61000,1.98000,0.54346,0.19428,0.26225
113.81000,1.98000,0.69651,0.15346,0.15003
114.01000,1.98000,0.45388,0.21662,0.32950
114.21000,1.98000,0.56202,0.31441,0.12357
114.41000,1.98000,0.57153,0.34082,0.08765
114.61000,1.98000,0.53600,0.36919,0.09481
114.81000,1.98000,0.51761,0.40380,0.07858
115.01000,1.98000,0.53639,0.40684,0.05676
115.21000,1.98000,0.50479,0.42453,0.07068
115.41000,1.98000,0.44274,0.50711,0.05015
115.61000,1.98000,0.28583,0.68340,0.03077
115.81000,1.98000,0.28635,0.66350,0.05016
116.01000,1.98000,0.28197,0.63313,0.08490
116.21000,1.98000,0.16431,0.64142,0.19426
116.41000,1.98000,0.09699,0.76788,0.13513
116.61000,1.98000,0.09853,0.73981,0.16166
116.81000,1.98000,0.09971,0.53891,0.36138
117.01000,1.98000,0.10779,0.43588,0.45633
117.21000,1.98000,0.10889,0.40723,0.48388
117.41000,1.98000,0.12986,0.32172,0.54843
117.61000,1.98000,0.11867,0.19529,0.68604
117.81000,1.98000,0.10746,0.25199,0.64055
118.01000,1.98000,0.11624,0.19771,0.68604
118.21000,1.98000,0.13555,0.14654,0.71791
118.41000,1.98000,0.07533,0.07477,0.84989
118.61000,1.98000,0.04574,0.03585,0.91840
118.81000,1.98000,0.05960,0.06810,0.87230
119.01000,1.98000,0.04087,0.05188,0.90724
119.21000,1.98000,0.01805,0.02826,0.95369
119.41000,1.98000,0.01816,0.02730,0.95454
119.61000,1.98000,0.01424,0.01716,0.96860
119.81000,1.98000,0.00379,0.00578,0.99043
120.01000,1.98000,0.00254,0.00497,0.99249
120.21000,1.98000,0.00401,0.00581,0.99018
120.41000,1.98000,0.00939,0.01580,0.97481
120.61000,1.98000,0.01785,0.04697,0.93518
120.81000,1.98000,0.02696,0.06719,0.90586
121.01000,1.98000,0.04931,0.08767,0.86302
121.21000,1.98000,0.06345,0.20464,0.73191
121.41000,1.98000,0.04685,0.26211,0.69104
121.61000,1.98000,0.06174,0.17110,0.76716
121.81000,1.98000,0.13399,0.30810,0.55790
122.01000,1.98000,0.12772,0.39729,0.47499
122.21000,1.98000,0.09590,0.36303,0.54107
122.41000,1.98000,0.05981,0.32154,0.61865
122.61000,1.98000,0.04183,0.16160,0.79657
122.81000,1.98000,0.03161,0.08658,0.88181
123.01000,1.98000,0.02301,0.05992,0.91707
123.21000,1.98000,0.01959,0.03810,0.94230
123.41000,1.98000,0.03483,0.04427,0.92089
123.61000,1.98000,0.04193,0.09397,0.86410
123.81000,1.98000,0.04426,0.09353,0.86221
124.01000,1.98000,0.04768,0.06951,0.88281
124.21000,1.98000,0.03922,0.03387,0.92691
124.41000,1.98000,0.03157,0.02152,0.94691
124.61000,1.98000,0.00904,0.02430,0.96666
124.81000,1.98000,0.01073,0.03775,0.95152
125.01000,1.98000,0.01348,0.03072,0.95580
125.21000,1.98000,0.00920,0.02225,0.96855
125.41000,1.98000,0.01144,0.03070,0.95786
125.61000,1.98000,0.01504,0.02774,0.95723
125.81000,1.98000,0.02137,0.03735,0.94128
126.01000,1.98000,0.04353,0.12383,0.83264
126.21000,1.98000,0.07606,0.28618,0.63775
126.41000,1.98000,0.15087,0.46709,0.38203
126.61000,1.98000,0.25828,0.41613,0.32559
126.81000,1.98000,0.21569,0.52570,0.25861
127.01000,1.98000,0.17965,0.70839,0.11196
127.21000,1.98000,0.12636,0.84057,0.03307
127.41000,1.98000,0.23490,0.74617,0.01892
127.61000,1.98000,0.11291,0.86306,0.02403
127.81000,1.98000,0.11874,0.82429,0.05697
128.00999,1.98001,0.12933,0.66569,0.20498
128.21001,1.98000,0.14151,0.59502,0.26347
128.41000,1.98000,0.13661,0.52073,0.34266
128.61000,1.98000,0.05797,0.26242,0.67961
128.81000,1.98000,0.01850,0.13902,0.84248
129.00999,1.98001,0.00720,0.06017,0.93262
129.21001,1.98000,0.00340,0.01365,0.98295
129.41000,1.98000,0.00113,0.00589,0.99298
129.61000,1.98000,0.00051,0.00280,0.99670
129.81000,1.98000,0.00010,0.00084,0.99906
130.00999,1.98001,0.00017,0.00238,0.99744
130.21001,1.98000,0.00013,0.00117,0.99870
130.41000,1.98000,0.00027,0.00165,0.99808
130.61000,1.98000,0.00043,0.00136,0.99821
130.81000,1.98000,0.00037,0.00121,0.99842
131.00999,1.98001,0.00016,0.00130,0.99854
131.21001,1.98000,0.00034,0.00132,0.99834
131.41000,1.98000,0.00054,0.00184,0.99762
131.61000,1.98000,0.00096,0.00228,0.99675
131.81000,1.98000,0.00484,0.00307,0.99209
132.00999,1.98001,0.00721,0.00240,0.99039
132.21001,1.98000,0.00413,0.00204,0.99383
132.41000,1.98000,0.00770,0.00252,0.98978
132.61000,1.98000,0.00709,0.00171,0.99120
132.81000,1.98000,0.02362,0.00312,0.97327
133.00999,1.98001,0.01909,0.00273,0.97818
133.21001,1.98000,0.01228,0.00152,0.98620
133.41000,1.98000,0.02134,0.00148,0.97718
133.61000,1.98000,0.22776,0.00418,0.76807
133.81000,1.98000,0.41704,0.00440,0.57856
134.00999,1.98001,0.07236,0.00409,0.92355
134.21001,1.98000,0.01660,0.00235,0.98105
134.41000,1.98000,0.00459,0.00451,0.99090
134.61000,1.98000,0.02444,0.01598,0.95959
134.81000,1.98000,0.00765,0.00686,0.98549
135.00999,1.98001,0.00303,0.00325,0.99372
135.21001,1.98000,0.00210,0.00609,0.99180
135.41000,1.98000,0.00260,0.00873,0.98867
135.61000,1.98000,0.00204,0.01129,0.98667
135.81000,1.98000,0.00018,0.00309,0.99673
136.00999,1.98001,0.00004,0.00254,0.99742
136.21001,1.98000,0.00036,0.00324,0.99639
136.41000,1.98000,0.00021,0.00127,0.99851
136.61000,1.98000,0.00007,0.00052,0.99941
136.81000,1.98000,0.00024,0.00137,0.99840
137.00999,1.98001,0.00217,0.00733,0.99049
137.21001,1.98000,0.00129,0.00189,0.99682
137.41000,1.98000,0.00220,0.00383,0.99397
137.61000,1.98000,0.00205,0.00454,0.99341
137.81000,1.98000,0.01190,0.00855,0.97955
138.00999,1.98001,0.02568,0.01491,0.95941
138.21001,1.98000,0.02989,0.01859,0.95152
138.41000,1.98000,0.09343,0.03799,0.86858
138.61000,1.98000,0.19520,0.08164,0.72316
138.81000,1.98000,0.43986,0.12107,0.43907
139.00999,1.98001,0.43311,0.14627,0.42062
139.21001,1.98000,0.49223,0.17822,0.32955
139.41000,1.98000,0.44100,0.12744,0.43156
139.61000,1.98000,0.42423,0.19538,0.38039
139.81000,1.98000,0.40300,0.17190,0.42510
140.00999,1.98001,0.38477,0.18422,0.43102
140.21001,1.98000,0.38532,0.19115,0.42353
140.41000,1.98000,0.41789,0.24519,0.33692
140.61000,1.98000,0.39680,0.19648,0.40672
140.81000,1.98000,0.32742,0.14758,0.52499
141.00999,1.98001,0.10097,0.08264,0.81638
141.21001,1.98000,0.10106,0.09078,0.80816
141.41000,1.98000,0.17779,0.15014,0.67207
141.61000,1.98000,0.12209,0.05859,0.81932
141.81000,1.98000,0.16312,0.11076,0.72612
142.00999,1.98001,0.19275,0.20075,0.60649
142.21001,1.98000,0.13773,0.13977,0.72250
142.41000,1.98000,0.19144,0.14994,0.65862
142.61000,1.98000,0.29695,0.16510,0.53795
142.81000,1.98000,0.08144,0.09468,0.82388
143.00999,1.98001,0.02522,0.05776,0.91703
143.21001,1.98000,0.02097,0.08401,0.89502
143.41000,1.98000,0.01355,0.16408,0.82236
143.61000,1.98000,0.00473,0.03753,0.95774
143.81000,1.98000,0.00233,0.00992,0.98775
144.00999,1.98001,0.00140,0.00499,0.99361
144.21001,1.98000,0.00098,0.00308,0.99594
144.41000,1.98000,0.00022,0.00115,0.99863
144.61000,1.98000,0.00049,0.00090,0.99861
144.81000,1.98000,0.00122,0.00159,0.99719
145.00999,1.98001,0.00202,0.00188,0.99610
145.21001,1.98000,0.00111,0.00094,0.99795
145.41000,1.98000,0.00245,0.00454,0.99301
145.61000,1.98000,0.00114,0.00218,0.99669
145.81000,1.98000,0.00030,0.00062,0.99908
146.00999,1.98001,0.00084,0.00075,0.99841
146.21001,1.98000,0.00174,0.00141,0.99685
146.41000,1.98000,0.00112,0.00157,0.99731
146.61000,1.98000,0.00159,0.00117,0.99724
146.81000,1.98000,0.00262,0.00173,0.99566
147.00999,1.98001,0.00635,0.00516,0.98849
147.21001,1.98000,0.00144,0.00080,0.99777
147.41000,1.98000,0.00067,0.00025,0.99908
147.61000,1.98000,0.00187,0.00028,0.99785
147.81000,1.98000,0.00045,0.00022,0.99933
148.00999,1.98001,0.00046,0.00044,0.99910
148.21001,1.98000,0.00064,0.00044,0.99892
148.41000,1.98000,0.00041,0.00297,0.99662
148.61000,1.98000,0.00075,0.00374,0.99552
148.81000,1.98000,0.00050,0.00199,0.99750
149.00999,1.98001,0.00034,0.00166,0.99800
149.21001,1.98000,0.00091,0.00392,0.99516
149.41000,1.98000,0.00027,0.00309,0.99664
149.61000,1.98000,0.00259,0.01612,0.98129
149.81000,1.98000,0.00506,0.01014,0.98480
150.00999,1.98001,0.00465,0.01074,0.98461
150.21001,1.98000,0.01198,0.00583,0.98219
150.41000,1.98000,0.01802,0.00843,0.97355
150.61000,1.98000,0.03353,0.01374,0.95274
150.81000,1.98000,0.10322,0.04949,0.84729
151.00999,1.98001,0.09458,0.04253,0.86288
151.21001,1.98000,0.07544,0.04437,0.88020
151.41000,1.98000,0.08247,0.15885,0.75868
151.61000,1.98000,0.05977,0.04818,0.89205
151.81000,1.98000,0.08996,0.17538,0.73465
152.00999,1.98001,0.08125,0.17698,0.74177
152.21001,1.98000,0.16346,0.34230,0.49423
152.41000,1.98000,0.16642,0.32079,0.51280
152.61000,1.98000,0.19267,0.63260,0.17473
152.81000,1.98000,0.19299,0.65937,0.14764
153.00999,1.98001,0.23420,0.70063,0.06516
153.21001,1.98000,0.35535,0.54395,0.10070
153.41000,1.98000,0.30993,0.63545,0.05462
153.61000,1.98000,0.29773,0.66052,0.04175
153.81000,1.98000,0.26468,0.64602,0.08930
154.00999,1.98001,0.24969,0.58185,0.16846
154.21001,1.98000,0.23561,0.40259,0.36180
154.41000,1.98000,0.18943,0.22587,0.58470
154.61000,1.98000,0.08921,0.07067,0.84011
154.81000,1.98000,0.01949,0.01691,0.96360
155.00999,1.98001,0.03036,0.04965,0.91999
155.21001,1.98000,0.07412,0.06033,0.86554
155.41000,1.98000,0.04352,0.05536,0.90112
155.61000,1.98000,0.08699,0.16174,0.75127
155.81000,1.98000,0.12214,0.57678,0.30108
156.00999,1.98001,0.19048,0.32509,0.48444
156.21001,1.98000,0.21779,0.53293,0.24928
156.41000,1.98000,0.22313,0.68782,0.08905
156.61000,1.98000,0.33818,0.62072,0.04110
156.81000,1.98000,0.66631,0.25981,0.07388
157.00999,1.98001,0.60093,0.28417,0.11490
157.21001,1.98000,0.63181,0.29404,0.07416
157.41000,1.98000,0.66704,0.18028,0.15268
157.61000,1.98000,0.58359,0.12342,0.29299
157.81000,1.98000,0.59305,0.14168,0.26527
158.00999,1.98001,0.49779,0.11756,0.38465
158.21001,1.98000,0.26327,0.06200,0.67474
158.41000,1.98000,0.11964,0.04646,0.83390
158.61000,1.98000,0.13924,0.07113,0.78964
158.81000,1.98000,0.09365,0.27965,0.62669
159.00999,1.98001,0.10421,0.55161,0.34418
159.21001,1.98000,0.07720,0.24073,0.68208
159.41000,1.98000,0.09724,0.00659,0.89617
159.61000,1.98000,0.05845,0.00709,0.93446
159.81000,1.98000,0.04876,0.00641,0.94483
160.00999,1.98001,0.07950,0.00707,0.91343
160.21001,1.98000,0.07912,0.00381,0.91708
160.41000,1.98000,0.04415,0.00333,0.95251
160.61000,1.98000,0.01779,0.00072,0.98149
160.81000,1.98000,0.01181,0.00018,0.98801
161.00999,1.98001,0.01965,0.00022,0.98014
161.21001,1.98000,0.00975,0.00265,0.98760
161.41000,1.98000,0.00805,0.04468,0.94727
161.61000,1.98000,0.00890,0.12641,0.86469
161.81000,1.98000,0.00987,0.10852,0.88161
162.00999,1.98001,0.01021,0.13551,0.85428
162.21001,1.98000,0.01357,0.14919,0.83724
162.41000,1.98000,0.02009,0.27286,0.70705
162.61000,1.98000,0.02269,0.23908,0.73823
162.81000,1.98000,0.00953,0.54652,0.44395
163.00999,1.98001,0.00428,0.39789,0.59783
163.21001,1.98000,0.01277,0.34871,0.63852
163.41000,1.98000,0.01367,0.08917,0.89716
163.61000,1.98000,0.00810,0.05382,0.93808
163.81000,1.98000,0.00766,0.09065,0.90169
164.00999,1.98001,0.00959,0.10653,0.88388
164.21001,1.98000,0.01127,0.10413,0.88460
164.41000,1.98000,0.00450,0.05105,0.94444
164.61000,1.98000,0.00518,0.03338,0.96144
164.81000,1.98000,0.00592,0.01333,0.98075
165.00999,1.98001,0.00759,0.01536,0.97705
165.21001,1.98000,0.00719,0.01909,0.97372
165.41000,1.98000,0.00732,0.02117,0.97152
165.61000,1.98000,0.00458,0.00653,0.98889
165.81000,1.98000,0.00693,0.00521,0.98787
166.00999,1.98001,0.00221,0.00191,0.99588
166.21001,1.98000,0.00086,0.00205,0.99709
166.41000,1.98000,0.00043,0.00851,0.99106
166.61000,1.98000,0.00067,0.01278,0.98655
166.81000,1.98000,0.00039,0.00820,0.99141
167.00999,1.98001,0.00017,0.00334,0.99649
167.21001,1.98000,0.00014,0.00238,0.99747
167.41000,1.98000,0.00019,0.00774,0.99207
167.61000,1.98000,0.00012,0.01022,0.98966
167.81000,1.98000,0.00018,0.00832,0.99150
168.00999,1.98001,0.00070,0.00809,0.99121
168.21001,1.98000,0.00294,0.01519,0.98187
168.41000,1.98000,0.00244,0.01035,0.98721
168.61000,1.98000,0.00577,0.04435,0.94988
168.81000,1.98000,0.01073,0.05570,0.93357
169.00999,1.98001,0.01402,0.08824,0.89774
169.21001,1.98000,0.02392,0.16226,0.81382
169.41000,1.98000,0.01853,0.08716,0.89431
169.61000,1.98000,0.01898,0.03344,0.94758
169.81000,1.98000,0.02239,0.19625,0.78136
170.00999,1.98001,0.02369,0.08506,0.89125
170.21001,1.98000,0.09395,0.17605,0.73000
170.41000,1.98000,0.19416,0.39453,0.41132
170.61000,1.98000,0.19923,0.40589,0.39488
170.81000,1.98000,0.20689,0.36835,0.42476
171.00999,1.98001,0.29340,0.42761,0.27900
171.21001,1.98000,0.30567,0.47249,0.22184
171.41000,1.98000,0.20281,0.59340,0.20378
171.61000,1.98000,0.10724,0.76492,0.12785
171.81000,1.98000,0.03788,0.93458,0.02754
172.00999,1.98001,0.31781,0.38718,0.29502
172.21001,1.98000,0.06222,0.15918,0.77860
172.41000,1.98000,0.01478,0.05015,0.93508
172.61000,1.98000,0.01208,0.06852,0.91940
172.81000,1.98000,0.02208,0.05495,0.92297
173.00999,1.98001,0.00769,0.02914,0.96317
173.21001,1.98000,0.00510,0.03834,0.95656
173.41000,1.98000,0.00256,0.02391,0.97353
173.61000,1.98000,0.00529,0.03385,0.96086
173.81000,1.98000,0.00243,0.06380,0.93377
174.00999,1.98001,0.00478,0.12931,0.86591
174.21001,1.98000,0.00385,0.15127,0.84487
174.41000,1.98000,0.00334,0.18554,0.81111
174.61000,1.98000,0.00313,0.60299,0.39388
174.81000,1.98000,0.00509,0.24814,0.74677
175.00999,1.98001,0.00950,0.39693,0.59358
175.21001,1.98000,0.00954,0.61236,0.37810
175.41000,1.98000,0.00960,0.26102,0.72938
175.61000,1.98000,0.00638,0.34550,0.64812
175.81000,1.98000,0.00642,0.13010,0.86348
176.00999,1.98001,0.01685,0.12409,0.85906
176.21001,1.98000,0.02550,0.13694,0.83756
176.41000,1.98000,0.01879,0.07578,0.90543
176.61000,1.98000,0.00643,0.05391,0.93966
176.81000,1.98000,0.00243,0.02205,0.97552
177.00999,1.98001,0.00403,0.00770,0.98828
177.21001,1.98000,0.00379,0.00387,0.99234
177.41000,1.98000,0.00243,0.00233,0.99524
177.61000,1.98000,0.00135,0.00100,0.99765
177.81000,1.98000,0.00110,0.00244,0.99647
178.00999,1.98001,0.00076,0.00387,0.99537
178.21001,1.98000,0.00098,0.00173,0.99729
178.41000,1.98000,0.00072,0.00388,0.99540
178.61000,1.98000,0.00060,0.00751,0.99189
178.81000,1.98000,0.00030,0.00652,0.99318
179.00999,1.98001,0.00004,0.01020,0.98977
179.21001,1.98000,0.00008,0.00813,0.99179
179.41000,1.98000,0.00011,0.00895,0.99094
179.61000,1.98000,0.00010,0.00473,0.99517
179.81000,1.98000,0.00034,0.00635,0.99331
180.00999,1.98001,0.00032,0.01215,0.98754
180.21001,1.98000,0.00035,0.00058,0.99907
180.41000,1.98000,0.00034,0.00018,0.99949
180.61000,1.98000,0.00029,0.00011,0.99960
180.81000,1.98000,0.00059,0.00012,0.99928
181.00999,1.98001,0.00034,0.00009,0.99957
181.21001,1.98000,0.00074,0.00047,0.99879
181.41000,1.98000,0.00035,0.00019,0.99946
181.61000,1.98000,0.00029,0.00023,0.99948
181.81000,1.98000,0.00047,0.00008,0.99945
182.00999,1.98001,0.00028,0.00022,0.99950
182.21001,1.98000,0.00119,0.00007,0.99874
182.41000,1.98000,0.00728,0.00008,0.99263
182.61000,1.98000,0.04043,0.00003,0.95954
182.81000,1.98000,0.08936,0.00001,0.91063
183.00999,1.98001,0.14520,0.00000,0.85480
183.21001,1.98000,0.14249,0.00000,0.85751
183.41000,1.98000,0.13078,0.00000,0.86922
183.61000,1.98000,0.12192,0.00000,0.87808
183.81000,1.98000,0.15291,0.00000,0.84709
184.00999,1.98001,0.18459,0.00000,0.81541
184.21001,1.98000,0.11802,0.00000,0.88198
184.41000,1.98000,0.11632,0.00000,0.88368
184.61000,1.98000,0.07097,0.00000,0.92903
184.81000,1.98000,0.03125,0.00000,0.96875
185.00999,1.98001,0.04134,0.00000,0.95866
185.21001,1.98000,0.05308,0.00000,0.94692
185.41000,1.98000,0.05905,0.00000,0.94095
185.61000,1.98000,0.08625,0.00000,0.91375
185.81000,1.98000,0.03824,0.00000,0.96176
186.00999,1.98001,0.04717,0.00000,0.95283
186.21001,1.98000,0.03348,0.00000,0.96652
186.41000,1.98000,0.05105,0.00000,0.94895
186.61000,1.98000,0.04131,0.00000,0.95869
186.81000,1.98000,0.02691,0.00000,0.97309
187.00999,1.98001,0.02708,0.00000,0.97292
187.21001,1.98000,0.01020,0.00000,0.98979
187.41000,1.98000,0.01274,0.00001,0.98725
187.61000,1.98000,0.01230,0.00004,0.98767
187.81000,1.98000,0.00963,0.00001,0.99036
188.00999,1.98001,0.01467,0.00014,0.98519
188.21001,1.98000,0.01358,0.00006,0.98636
188.41000,1.98000,0.01009,0.00000,0.98991
188.61000,1.98000,0.02059,0.00000,0.97941
188.81000,1.98000,0.03511,0.00000,0.96489
189.00999,1.98001,0.04256,0.00000,0.95744
189.21001,1.98000,0.06595,0.00000,0.93405
189.41000,1.98000,0.03171,0.00000,0.96829
189.61000,1.98000,0.02486,0.00000,0.97514
189.81000,1.98000,0.05402,0.00000,0.94598
190.00999,1.98001,0.02626,0.00000,0.97374
190.21001,1.98000,0.03167,0.00000,0.96833
190.41000,1.98000,0.01788,0.00000,0.98212
190.61000,1.98000,0.02049,0.00000,0.97951
190.81000,1.98000,0.04363,0.00000,0.95636
191.00999,1.98001,0.06086,0.00004,0.93910
191.21001,1.98000,0.05138,0.00182,0.94680
191.41000,1.98000,0.03457,0.00645,0.95899
191.61000,1.98000,0.04346,0.03002,0.92652
191.81000,1.98000,0.16282,0.04478,0.79240
192.00999,1.98001,0.11818,0.07402,0.80781
192.21001,1.98000,0.11762,0.01931,0.86307
192.41000,1.98000,0.27721,0.08672,0.63607
192.61000,1.98000,0.08373,0.00335,0.91292
192.81000,1.98000,0.06059,0.00044,0.93896
193.00999,1.98001,0.04503,0.00009,0.95488
193.21001,1.98000,0.04757,0.00004,0.95239
193.41000,1.98000,0.06045,0.00129,0.93826
193.61000,1.98000,0.01669,0.00056,0.98275
193.81000,1.98000,0.00755,0.00038,0.99206
194.00999,1.98001,0.00147,0.00003,0.99850
194.21001,1.98000,0.00428,0.00018,0.99553
194.41000,1.98000,0.00173,0.00048,0.99779
194.61000,1.98000,0.00189,0.00238,0.99573
194.81000,1.98000,0.00041,0.00104,0.99855
195.00999,1.98001,0.00092,0.00223,0.99684
195.21001,1.98000,0.00120,0.00156,0.99724
195.41000,1.98000,0.00198,0.00008,0.99794
195.61000,1.98000,0.00262,0.00001,0.99737
195.81000,1.98000,0.01162,0.00001,0.98838
196.00999,1.98001,0.01408,0.00003,0.98590
196.21001,1.98000,0.01559,0.00000,0.98441
196.41000,1.98000,0.01609,0.00000,0.98391
196.61000,1.98000,0.06387,0.00001,0.93612
196.81000,1.98000,0.06581,0.00001,0.93418
197.00999,1.98001,0.07077,0.00000,0.92923
197.21001,1.98000,0.02689,0.00000,0.97311
197.41000,1.98000,0.05204,0.00000,0.94796
197.61000,1.98000,0.03470,0.00000,0.96529
197.81000,1.98000,0.01163,0.00000,0.98836
198.00999,1.98001,0.01466,0.00000,0.98534
198.21001,1.98000,0.00615,0.00000,0.99385
198.41000,1.98000,0.00992,0.00000,0.99008
198.61000,1.98000,0.00562,0.00000,0.99438
198.81000,1.98000,0.00933,0.00000,0.99067
199.00999,1.98001,0.00685,0.00000,0.99315
199.21001,1.98000,0.01177,0.00000,0.98823
199.41000,1.98000,0.00616,0.00000,0.99384
199.61000,1.98000,0.00834,0.00000,0.99166
199.81000,1.98000,0.00583,0.00000,0.99417
200.00999,1.98001,0.00739,0.00000,0.99261
200.21001,1.98000,0.00842,0.00001,0.99156
200.41000,1.98000,0.00446,0.00006,0.99548
200.61000,1.98000,0.00634,0.00098,0.99267
200.81000,1.98000,0.00431,0.00100,0.99469
201.00999,1.98001,0.01442,0.03432,0.95127
201.21001,1.98000,0.01219,0.00683,0.98098
201.41000,1.98000,0.01493,0.00450,0.98057
201.61000,1.98000,0.02580,0.01024,0.96395
201.81000,1.98000,0.03454,0.00553,0.95993
202.00999,1.98001,0.01312,0.01097,0.97591
202.21001,1.98000,0.02889,0.00457,0.96654
202.41000,1.98000,0.02586,0.00552,0.96861
202.61000,1.98000,0.03231,0.00225,0.96545
202.81000,1.98000,0.04495,0.00252,0.95253
203.00999,1.98001,0.04126,0.00320,0.95554
203.21001,1.98000,0.04562,0.00273,0.95165
203.41000,1.98000,0.04602,0.00139,0.95259
203.61000,1.98000,0.16151,0.02147,0.81701
203.81000,1.98000,0.14807,0.00122,0.85071
204.00999,1.98001,0.13945,0.00044,0.86011
204.21001,1.98000,0.14926,0.00015,0.85059
204.41000,1.98000,0.12922,0.00006,0.87073
204.61000,1.98000,0.13450,0.00004,0.86545
204.81000,1.98000,0.13904,0.00007,0.86089
205.00999,1.98001,0.14347,0.00015,0.85638
205.21001,1.98000,0.17171,0.00024,0.82805
205.41000,1.98000,0.21701,0.00055,0.78244
205.61000,1.98000,0.10405,0.00021,0.89574
205.81000,1.98000,0.15145,0.00122,0.84733
206.00999,1.98001,0.09445,0.00240,0.90315
206.21001,1.98000,0.07516,0.00168,0.92316
206.41000,1.98000,0.08582,0.00107,0.91312
206.61000,1.98000,0.13569,0.00059,0.86373
206.81000,1.98000,0.33492,0.00147,0.66362
207.00999,1.98001,0.26547,0.00161,0.73292
207.21001,1.98000,0.19516,0.00084,0.80400
207.41000,1.98000,0.12700,0.00029,0.87271
207.61000,1.98000,0.15526,0.00009,0.84465
207.81000,1.98000,0.28540,0.00044,0.71417
208.00999,1.98001,0.27994,0.00069,0.71937
208.21001,1.98000,0.22751,0.00914,0.76335
208.41000,1.98000,0.32987,0.00463,0.66550
208.61000,1.98000,0.22267,0.00286,0.77446
208.81000,1.98000,0.11058,0.00021,0.88921
209.00999,1.98001,0.08339,0.00016,0.91645
209.21001,1.98000,0.06840,0.00005,0.93154
209.41000,1.98000,0.09337,0.00042,0.90620
209.61000,1.98000,0.02498,0.00027,0.97476
209.81000,1.98000,0.05793,0.00092,0.94115
210.00999,1.98001,0.06296,0.00113,0.93591
210.21001,1.98000,0.01665,0.00056,0.98280
210.41000,1.98000,0.02686,0.00101,0.97213
210.61000,1.98000,0.02401,0.00292,0.97307
210.81000,1.98000,0.03741,0.00322,0.95937
211.00999,1.98001,0.01893,0.00456,0.97651
211.21001,1.98000,0.02364,0.00075,0.97562
211.41000,1.98000,0.07519,0.00208,0.92273
211.61000,1.98000,0.05171,0.00024,0.94805
211.81000,1.98000,0.05387,0.00008,0.94605
212.00999,1.98001,0.09639,0.00020,0.90341
212.21001,1.98000,0.22182,0.00098,0.77719
212.41000,1.98000,0.14843,0.00079,0.85077
212.61000,1.98000,0.17666,0.00263,0.82070
212.81000,1.98000,0.17679,0.00677,0.81643
213.00999,1.98001,0.23640,0.02976,0.73384
213.21001,1.98000,0.25600,0.03060,0.71339
213.41000,1.98000,0.15523,0.04154,0.80323
213.61000,1.98000,0.14241,0.08480,0.77279
213.81000,1.98000,0.10907,0.13942,0.75150
214.00999,1.98001,0.08616,0.08599,0.82785
214.21001,1.98000,0.07901,0.07001,0.85098
214.41000,1.98000,0.05678,0.03570,0.90752
214.61000,1.98000,0.04992,0.04299,0.90708
214.81000,1.98000,0.03739,0.01298,0.94963
215.00999,1.98001,0.04295,0.04307,0.91399
215.21001,1.98000,0.09553,0.18903,0.71543
215.41000,1.98000,0.07501,0.22426,0.70074
215.61000,1.98000,0.05174,0.24965,0.69861
215.81000,1.98000,0.05995,0.28988,0.65016
216.00999,1.98001,0.02276,0.24598,0.73126
216.21001,1.98000,0.03726,0.31818,0.64456
216.41000,1.98000,0.05769,0.29577,0.64654
216.61000,1.98000,0.05084,0.23650,0.71266
216.81000,1.98000,0.04078,0.10236,0.85686
217.00999,1.98001,0.03509,0.05248,0.91243
217.21001,1.98000,0.02486,0.03728,0.93786
217.41000,1.98000,0.01866,0.03272,0.94863
217.61000,1.98000,0.00851,0.09024,0.90124
217.81000,1.98000,0.01066,0.07135,0.91799
218.00999,1.98001,0.00821,0.06005,0.93174
218.21001,1.98000,0.00483,0.02530,0.96987
218.41000,1.98000,0.00290,0.01367,0.98343
218.61000,1.98000,0.00854,0.01586,0.97560
218.81000,1.98000,0.00441,0.04376,0.95183
219.00999,1.98001,0.00579,0.01087,0.98334
219.21001,1.98000,0.01034,0.00460,0.98505
219.41000,1.98000,0.02742,0.00075,0.97183
219.61000,1.98000,0.02040,0.00023,0.97937
219.81000,1.98000,0.01811,0.00004,0.98185
220.00999,1.98001,0.08815,0.00002,0.91182
220.21001,1.98000,0.10908,0.00002,0.89091
220.41000,1.98000,0.12193,0.00000,0.87807
220.61000,1.98000,0.16247,0.00000,0.83752
220.81000,1.98000,0.12087,0.00000,0.87913
221.00999,1.98001,0.01207,0.00000,0.98793
221.21001,1.98000,0.01758,0.00000,0.98241
221.41000,1.98000,0.02956,0.00002,0.97042
221.61000,1.98000,0.02043,0.00002,0.97956
221.81000,1.98000,0.00756,0.00017,0.99227
222.00999,1.98001,0.00544,0.00048,0.99408
222.21001,1.98000,0.01117,0.00594,0.98290
222.41000,1.98000,0.01810,0.15093,0.83097
222.61000,1.98000,0.01791,0.18875,0.79334
222.81000,1.98000,0.07111,0.37368,0.55522
223.00999,1.98001,0.07181,0.51933,0.40885
223.21001,1.98000,0.06766,0.36251,0.56982
223.41000,1.98000,0.03487,0.18592,0.77920
223.61000,1.98000,0.01140,0.10665,0.88195
223.81000,1.98000,0.02653,0.23904,0.73443
224.00999,1.98001,0.01018,0.08750,0.90232
224.21001,1.98000,0.00404,0.01953,0.97643
224.41000,1.98000,0.00200,0.02281,0.97519
224.61000,1.98000,0.00164,0.01144,0.98692
224.81000,1.98000,0.00351,0.02444,0.97205
225.00999,1.98001,0.00390,0.02548,0.97062
225.21001,1.98000,0.00784,0.04808,0.94407
225.41000,1.98000,0.03602,0.11740,0.84657
225.61000,1.98000,0.02791,0.02108,0.95100
225.81000,1.98000,0.05106,0.02139,0.92755
226.00999,1.98001,0.02365,0.00215,0.97420
226.21001,1.98000,0.02778,0.00085,0.97137
226.41000,1.98000,0.03878,0.00102,0.96020
226.61000,1.98000,0.04994,0.00297,0.94709
226.81000,1.98000,0.01881,0.00129,0.97990
227.00999,1.98001,0.01364,0.00191,0.98445
227.21001,1.98000,0.01756,0.00436,0.97808
227.41000,1.98000,0.02925,0.00496,0.96579
227.61000,1.98000,0.04693,0.01140,0.94166
227.81000,1.98000,0.01619,0.01565,0.96817
228.00999,1.98001,0.01286,0.02796,0.95918
228.21001,1.98000,0.01737,0.04051,0.94213
228.41000,1.98000,0.00901,0.02254,0.96845
228.61000,1.98000,0.00040,0.01050,0.98910
228.81000,1.98000,0.00030,0.01583,0.98388
229.00999,1.98001,0.00019,0.01562,0.98419
229.21001,1.98000,0.00011,0.00431,0.99558
229.41000,1.98000,0.00004,0.00588,0.99408
229.61000,1.98000,0.00004,0.01011,0.98984
229.81000,1.98000,0.00009,0.02722,0.97269
230.00999,1.98001,0.00009,0.06007,0.93983
230.21001,1.98000,0.00015,0.13704,0.86280
230.41000,1.98000,0.00237,0.07563,0.92199
230.61000,1.98000,0.00982,0.15027,0.83991
230.81000,1.98000,0.00862,0.04978,0.94159
231.00999,1.98001,0.00535,0.09493,0.89972
231.21001,1.98000,0.01568,0.13995,0.84437
231.41000,1.98000,0.00926,0.05357,0.93716
231.61000,1.98000,0.01012,0.07018,0.91970
231.81000,1.98000,0.01107,0.10668,0.88225
232.00999,1.98001,0.00733,0.15094,0.84173
232.21001,1.98000,0.00287,0.17704,0.82009
232.41000,1.98000,0.00232,0.19281,0.80486
232.61000,1.98000,0.00341,0.41465,0.58194
232.81000,1.98000,0.00233,0.29071,0.70695
233.00999,1.98001,0.00132,0.25691,0.74177
233.21001,1.98000,0.00142,0.30539,0.69319
233.41000,1.98000,0.00055,0.05845,0.94100
233.61000,1.98000,0.00144,0.06741,0.93115
233.81000,1.98000,0.00144,0.03214,0.96642
234.00999,1.98001,0.00342,0.02660,0.96998
234.21001,1.98000,0.00640,0.03344,0.96016
234.41000,1.98000,0.00302,0.00876,0.98822
234.61000,1.98000,0.00330,0.00598,0.99071
234.81000,1.98000,0.00180,0.00139,0.99682
235.00999,1.98001,0.00095,0.00122,0.99783
235.21001,1.98000,0.01444,0.00493,0.98063
235.41000,1.98000,0.02383,0.02948,0.94669
235.61000,1.98000,0.02600,0.04457,0.92943
235.81000,1.98000,0.03297,0.06740,0.89962
236.00999,1.98001,0.03420,0.03550,0.93030
236.21001,1.98000,0.04087,0.02692,0.93221
236.41000,1.98000,0.02765,0.01908,0.95328
236.61000,1.98000,0.05663,0.03933,0.90404
236.81000,1.98000,0.23483,0.17795,0.58722
237.00999,1.98001,0.19072,0.08540,0.72388
237.21001,1.98000,0.04973,0.00711,0.94316
237.41000,1.98000,0.08273,0.01333,0.90394
237.61000,1.98000,0.06384,0.00721,0.92895
237.81000,1.98000,0.05665,0.00522,0.93813
238.00999,1.98001,0.06575,0.02242,0.91183
238.21001,1.98000,0.06521,0.02371,0.91107
238.41000,1.98000,0.25394,0.05492,0.69114
