Time (seconds), Duration (seconds),pred_(unlabeled),pred_circle,pred_shaking
0.01000,1.98000,0.27943,0.72057,0.00000
0.21000,1.98000,0.07815,0.92185,0.00000
0.41000,1.98000,0.07204,0.92796,0.00001
0.61000,1.98000,0.07477,0.92522,0.00001
0.81000,1.98000,0.07712,0.92286,0.00002
1.01000,1.98000,0.03061,0.96932,0.00007
1.21000,1.98000,0.03571,0.96376,0.00052
1.41000,1.98000,0.04034,0.95749,0.00217
1.61000,1.98000,0.03782,0.96089,0.00130
1.81000,1.98000,0.03652,0.96286,0.00062
2.01000,1.98000,0.14416,0.85432,0.00152
2.21000,1.98000,0.28230,0.71602,0.00169
2.41000,1.98000,0.16275,0.83458,0.00267
2.61000,1.98000,0.15192,0.84700,0.00108
2.81000,1.98000,0.14271,0.85470,0.00259
3.01000,1.98000,0.17523,0.82034,0.00443
3.21000,1.98000,0.12129,0.87683,0.00188
3.41000,1.98000,0.13243,0.86190,0.00566
3.61000,1.98000,0.12687,0.86983,0.00329
3.81000,1.98000,0.11487,0.88375,0.00137
4.01000,1.98000,0.08133,0.91524,0.00343
4.21000,1.98000,0.11630,0.87689,0.00681
4.41000,1.98000,0.10628,0.88687,0.00685
4.61000,1.98000,0.13994,0.84795,0.01211
4.81000,1.98000,0.13773,0.86032,0.00195
5.01000,1.98000,0.09757,0.90146,0.00098
5.21000,1.98000,0.08466,0.91471,0.00063
5.41000,1.98000,0.07924,0.92041,0.00034
5.61000,1.98000,0.08124,0.91786,0.00090
5.81000,1.98000,0.07786,0.91944,0.00270
6.01000,1.98000,0.01895,0.98085,0.00020
6.21000,1.98000,0.01617,0.98357,0.00026
6.41000,1.98000,0.02373,0.97601,0.00027
6.61000,1.98000,0.02171,0.97824,0.00005
6.81000,1.98000,0.02208,0.97771,0.00021
7.01000,1.98000,0.02768,0.97187,0.00045
7.21000,1.98000,0.02771,0.97163,0.00067
7.41000,1.98000,0.00895,0.99052,0.00053
7.61000,1.98000,0.00706,0.99267,0.00027
7.81000,1.98000,0.01182,0.98797,0.00021
8.01000,1.98000,0.01831,0.98090,0.00080
8.21000,1.98000,0.02714,0.97155,0.00131
8.41000,1.98000,0.03167,0.96785,0.00048
8.61000,1.98000,0.02165,0.97675,0.00160
8.81000,1.98000,0.02296,0.97599,0.00105
9.01000,1.98000,0.01793,0.98119,0.00088
9.21000,1.98000,0.00357,0.99629,0.00014
9.41000,1.98000,0.01318,0.98540,0.00142
9.61000,1.98000,0.02705,0.97182,0.00113
9.81000,1.98000,0.03694,0.96073,0.00233
10.01000,1.98000,0.02689,0.97237,0.00074
10.21000,1.98000,0.02948,0.97038,0.00013
10.41000,1.98000,0.03689,0.96294,0.00017
10.61000,1.98000,0.03863,0.96117,0.00020
10.81000,1.98000,0.03254,0.96732,0.00014
11.01000,1.98000,0.02260,0.97721,0.00019
11.21000,1.98000,0.10393,0.89534,0.00072
11.41000,1.98000,0.10305,0.89580,0.00114
11.61000,1.98000,0.09147,0.90804,0.00049
11.81000,1.98000,0.08149,0.91770,0.00081
12.01000,1.98000,0.07079,0.92803,0.00118
12.21000,1.98000,0.06321,0.93476,0.00203
12.41000,1.98000,0.06297,0.93566,0.00137
12.61000,1.98000,0.01739,0.98142,0.00120
12.81000,1.98000,0.04185,0.95084,0.00730
13.01000,1.98000,0.06562,0.92206,0.01232
13.21000,1.98000,0.06589,0.91662,0.01749
13.41000,1.98000,0.05442,0.94030,0.00528
13.61000,1.98000,0.05519,0.93605,0.00875
13.81000,1.98000,0.06573,0.92951,0.00476
14.01000,1.98000,0.06990,0.92747,0.00263
14.21000,1.98000,0.04589,0.95269,0.00142
14.41000,1.98000,0.00987,0.98953,0.00060
14.61000,1.98000,0.00922,0.98998,0.00080
14.81000,1.98000,0.04294,0.95264,0.00442
15.01000,1.98000,0.02874,0.96750,0.00376
15.21000,1.98000,0.02547,0.96387,0.01065
15.41000,1.98000,0.02096,0.97653,0.00251
15.61000,1.98000,0.01599,0.98303,0.00097
15.81000,1.98000,0.01469,0.98424,0.00107
16.01000,1.98000,0.01499,0.98186,0.00315
16.21000,1.98000,0.02223,0.96899,0.00878
16.41000,1.98000,0.02291,0.95945,0.01763
16.61000,1.98000,0.00797,0.98931,0.00272
16.81000,1.98000,0.00466,0.99378,0.00156
17.01000,1.98000,0.00549,0.99358,0.00093
17.21000,1.98000,0.00505,0.99471,0.00023
17.41000,1.98000,0.00506,0.99452,0.00042
17.61000,1.98000,0.00532,0.99428,0.00040
17.81000,1.98000,0.00363,0.99502,0.00134
18.01000,1.98000,0.00452,0.99395,0.00153
18.21000,1.98000,0.02779,0.97110,0.00111
18.41000,1.98000,0.03685,0.96287,0.00028
18.61000,1.98000,0.03760,0.96197,0.00043
18.81000,1.98000,0.04084,0.95902,0.00014
19.01000,1.98000,0.00818,0.99178,0.00003
19.21000,1.98000,0.00396,0.99597,0.00006
19.41000,1.98000,0.00463,0.99506,0.00031
19.61000,1.98000,0.00515,0.99446,0.00039
19.81000,1.98000,0.00468,0.99529,0.00004
20.01000,1.98000,0.00485,0.99510,0.00005
20.21000,1.98000,0.00838,0.99134,0.00027
20.41000,1.98000,0.00427,0.99524,0.00049
20.61000,1.98000,0.00208,0.99773,0.00019
20.81000,1.98000,0.00777,0.99183,0.00040
21.01000,1.98000,0.02284,0.97451,0.00264
21.21000,1.98000,0.02420,0.97308,0.00271
21.41000,1.98000,0.01950,0.98017,0.00033
21.61000,1.98000,0.02719,0.97218,0.00063
21.81000,1.98000,0.02642,0.97325,0.00033
22.01000,1.98000,0.03894,0.95872,0.00234
22.21000,1.98000,0.00699,0.99244,0.00057
22.41000,1.98000,0.00526,0.99449,0.00025
22.61000,1.98000,0.00670,0.99293,0.00037
22.81000,1.98000,0.00717,0.99262,0.00021
23.01000,1.98000,0.00733,0.99243,0.00024
23.21000,1.98000,0.00728,0.99229,0.00042
23.41000,1.98000,0.00605,0.99375,0.00020
23.61000,1.98000,0.00636,0.99342,0.00023
23.81000,1.98000,0.00347,0.99651,0.00002
24.01000,1.98000,0.00656,0.99343,0.00002
24.21000,1.98000,0.03192,0.96802,0.00006
24.41000,1.98000,0.01903,0.98051,0.00046
24.61000,1.98000,0.01478,0.98476,0.00045
24.81000,1.98000,0.02010,0.97977,0.00013
25.01000,1.98000,0.01831,0.98154,0.00015
25.21000,1.98000,0.05769,0.93968,0.00263
25.41000,1.98000,0.10157,0.88991,0.00852
25.61000,1.98000,0.18165,0.79318,0.02517
25.81000,1.98000,0.15000,0.78262,0.06738
26.01000,1.98000,0.21869,0.75948,0.02183
26.21000,1.98000,0.16845,0.82613,0.00543
26.41000,1.98000,0.31214,0.68730,0.00057
26.61000,1.98000,0.22810,0.77104,0.00086
26.81000,1.98000,0.34650,0.65111,0.00240
27.01000,1.98000,0.29904,0.70010,0.00086
27.21000,1.98000,0.26622,0.73340,0.00038
27.41000,1.98000,0.23149,0.76802,0.00050
27.61000,1.98000,0.26034,0.73916,0.00051
27.81000,1.98000,0.26675,0.73273,0.00052
28.01000,1.98000,0.15705,0.84226,0.00069
28.21000,1.98000,0.05822,0.94151,0.00027
28.41000,1.98000,0.01485,0.98456,0.00059
28.61000,1.98000,0.00945,0.99038,0.00017
28.81000,1.98000,0.00853,0.99132,0.00015
29.01000,1.98000,0.00991,0.98988,0.00021
29.21000,1.98000,0.00709,0.99268,0.00023
29.41000,1.98000,0.00524,0.99455,0.00020
29.61000,1.98000,0.00698,0.99291,0.00010
29.81000,1.98000,0.00347,0.99651,0.00002
30.01000,1.98000,0.01434,0.98560,0.00005
30.21000,1.98000,0.05469,0.94527,0.00005
30.41000,1.98000,0.09382,0.90613,0.00005
30.61000,1.98000,0.09948,0.90042,0.00010
30.81000,1.98000,0.08889,0.91097,0.00014
31.01000,1.98000,0.07738,0.92254,0.00008
31.21000,1.98000,0.02533,0.97465,0.00002
31.41000,1.98000,0.00821,0.99178,0.00001
31.61000,1.98000,0.01065,0.98929,0.00006
31.81000,1.98000,0.02267,0.97695,0.00039
32.01000,1.98000,0.10868,0.89099,0.00033
32.21000,1.98000,0.03831,0.96024,0.00145
32.41000,1.98000,0.04254,0.95559,0.00186
32.61000,1.98000,0.03309,0.96650,0.00041
32.81000,1.98000,0.03209,0.96739,0.00052
33.01000,1.98000,0.07205,0.92690,0.00105
33.21000,1.98000,0.14171,0.85699,0.00130
33.41000,1.98000,0.13658,0.86196,0.00146
33.61000,1.98000,0.16866,0.83063,0.00071
33.81000,1.98000,0.11342,0.88595,0.00063
34.01000,1.98000,0.14045,0.85876,0.00079
34.21000,1.98000,0.10630,0.89311,0.00060
34.41000,1.98000,0.11343,0.88604,0.00053
34.61000,1.98000,0.10523,0.89421,0.00056
34.81000,1.98000,0.09447,0.90512,0.00041
35.01000,1.98000,0.07698,0.92198,0.00104
35.21000,1.98000,0.13511,0.86322,0.00167
35.41000,1.98000,0.19470,0.79852,0.00678
35.61000,1.98000,0.22805,0.76731,0.00464
35.81000,1.98000,0.38745,0.61068,0.00187
36.01000,1.98000,0.12028,0.87589,0.00382
36.21000,1.98000,0.09680,0.89870,0.00450
36.41000,1.98000,0.09808,0.89750,0.00442
36.61000,1.98000,0.16701,0.82581,0.00718
36.81000,1.98000,0.14883,0.82082,0.03035
37.01000,1.98000,0.12015,0.86952,0.01033
37.21000,1.98000,0.12393,0.87001,0.00606
37.41000,1.98000,0.12388,0.86659,0.00953
37.61000,1.98000,0.10232,0.89407,0.00361
37.81000,1.98000,0.09516,0.90131,0.00353
38.01000,1.98000,0.12599,0.86982,0.00419
38.21000,1.98000,0.14248,0.85494,0.00258
38.41000,1.98000,0.13706,0.86143,0.00151
38.61000,1.98000,0.09167,0.90684,0.00148
38.81000,1.98000,0.11482,0.88377,0.00141
39.01000,1.98000,0.12198,0.87696,0.00106
39.21000,1.98000,0.11649,0.88179,0.00172
39.41000,1.98000,0.20049,0.79825,0.00126
39.61000,1.98000,0.08589,0.90993,0.00417
39.81000,1.98000,0.13519,0.85744,0.00737
40.01000,1.98000,0.22264,0.77453,0.00283
40.21000,1.98000,0.23128,0.76520,0.00352
40.41000,1.98000,0.30256,0.69316,0.00428
40.61000,1.98000,0.38509,0.61058,0.00433
40.81000,1.98000,0.36818,0.62293,0.00889
41.01000,1.98000,0.32343,0.66845,0.00812
41.21000,1.98000,0.04944,0.94982,0.00074
41.41000,1.98000,0.02976,0.96961,0.00062
41.61000,1.98000,0.02703,0.97268,0.00029
41.81000,1.98000,0.03338,0.96645,0.00017
42.01000,1.98000,0.01760,0.98178,0.00061
42.21000,1.98000,0.01563,0.98394,0.00043
42.41000,1.98000,0.01436,0.98532,0.00032
42.61000,1.98000,0.00336,0.99661,0.00002
42.81000,1.98000,0.00108,0.99891,0.00001
43.01000,1.98000,0.00108,0.99891,0.00002
43.21000,1.98000,0.00468,0.99524,0.00008
43.41000,1.98000,0.00956,0.99035,0.00009
43.61000,1.98000,0.01911,0.98057,0.00032
43.81000,1.98000,0.02016,0.97940,0.00044
44.01000,1.98000,0.01946,0.98011,0.00044
44.21000,1.98000,0.01539,0.98440,0.00021
44.41000,1.98000,0.02693,0.97275,0.00032
44.61000,1.98000,0.03108,0.96842,0.00050
44.81000,1.98000,0.05395,0.94543,0.00062
45.01000,1.98000,0.03619,0.96287,0.00094
45.21000,1.98000,0.05605,0.94255,0.00140
45.41000,1.98000,0.03804,0.95963,0.00233
45.61000,1.98000,0.03041,0.96715,0.00245
45.81000,1.98000,0.03457,0.96333,0.00210
46.01000,1.98000,0.02859,0.96998,0.00143
46.21000,1.98000,0.02226,0.97618,0.00155
46.41000,1.98000,0.01598,0.97539,0.00862
46.61000,1.98000,0.06768,0.81175,0.12057
46.81000,1.98000,0.03672,0.91915,0.04413
47.01000,1.98000,0.06645,0.91999,0.01356
47.21000,1.98000,0.05958,0.92385,0.01657
47.41000,1.98000,0.06142,0.92636,0.01222
47.61000,1.98000,0.10469,0.84429,0.05103
47.81000,1.98000,0.10699,0.86430,0.02871
48.01000,1.98000,0.10647,0.88514,0.00839
48.21000,1.98000,0.17909,0.80563,0.01528
48.41000,1.98000,0.28415,0.70399,0.01186
48.61000,1.98000,0.53816,0.44830,0.01354
48.81000,1.98000,0.75003,0.23922,0.01074
49.01000,1.98000,0.70648,0.24080,0.05272
49.21000,1.98000,0.75735,0.19740,0.04525
49.41000,1.98000,0.83098,0.14458,0.02444
49.61000,1.98000,0.69671,0.27919,0.02410
49.81000,1.98000,0.60521,0.38295,0.01183
50.01000,1.98000,0.54884,0.43133,0.01982
50.21000,1.98000,0.48965,0.49496,0.01540
50.41000,1.98000,0.50087,0.49285,0.00627
50.61000,1.98000,0.29431,0.70397,0.00172
50.81000,1.98000,0.18693,0.81265,0.00042
51.01000,1.98000,0.10100,0.89893,0.00008
51.21000,1.98000,0.10817,0.89173,0.00010
51.41000,1.98000,0.10753,0.89228,0.00019
51.61000,1.98000,0.22340,0.77643,0.00017
51.81000,1.98000,0.16420,0.83571,0.00010
52.01000,1.98000,0.07318,0.92676,0.00006
52.21000,1.98000,0.04404,0.95592,0.00004
52.41000,1.98000,0.03262,0.96736,0.00003
52.61000,1.98000,0.03858,0.96139,0.00003
52.81000,1.98000,0.03734,0.96262,0.00004
53.01000,1.98000,0.04215,0.95781,0.00004
53.21000,1.98000,0.02670,0.97329,0.00001
53.41000,1.98000,0.02077,0.97922,0.00001
53.61000,1.98000,0.03480,0.96518,0.00002
53.81000,1.98000,0.01167,0.98831,0.00001
54.01000,1.98000,0.02319,0.97678,0.00002
54.21000,1.98000,0.06162,0.93830,0.00008
54.41000,1.98000,0.07783,0.92202,0.00015
54.61000,1.98000,0.05294,0.94694,0.00012
54.81000,1.98000,0.06178,0.93802,0.00020
55.01000,1.98000,0.08905,0.90994,0.00101
55.21000,1.98000,0.00840,0.99155,0.00006
55.41000,1.98000,0.00116,0.99883,0.00001
55.61000,1.98000,0.00573,0.99416,0.00011
55.81000,1.98000,0.01088,0.98886,0.00026
56.01000,1.98000,0.00814,0.99168,0.00018
56.21000,1.98000,0.00800,0.99173,0.00027
56.41000,1.98000,0.00707,0.99274,0.00018
56.61000,1.98000,0.00699,0.99285,0.00016
56.81000,1.98000,0.00138,0.99859,0.00002
57.01000,1.98000,0.00103,0.99894,0.00003
57.21000,1.98000,0.01098,0.98884,0.00018
57.41000,1.98000,0.01390,0.98578,0.00032
57.61000,1.98000,0.01295,0.98667,0.00038
57.81000,1.98000,0.01112,0.98841,0.00047
58.01000,1.98000,0.00998,0.98957,0.00045
58.21000,1.98000,0.01130,0.98757,0.00114
58.41000,1.98000,0.00371,0.99592,0.00037
58.61000,1.98000,0.00309,0.99629,0.00062
58.81000,1.98000,0.00974,0.98963,0.00063
59.01000,1.98000,0.02709,0.96969,0.00322
59.21000,1.98000,0.02357,0.97287,0.00357
59.41000,1.98000,0.02276,0.97244,0.00480
59.61000,1.98000,0.01895,0.97885,0.00221
59.81000,1.98000,0.01804,0.97856,0.00340
60.01000,1.98000,0.02115,0.97545,0.00340
60.21000,1.98000,0.00484,0.99413,0.00104
60.41000,1.98000,0.06165,0.92443,0.01392
60.61000,1.98000,0.18555,0.73747,0.07698
60.81000,1.98000,0.19447,0.58222,0.22332
61.01000,1.98000,0.20574,0.53392,0.26034
61.21000,1.98000,0.18086,0.62861,0.19053
61.41000,1.98000,0.21577,0.68006,0.10417
61.61000,1.98000,0.25785,0.65732,0.08483
61.81000,1.98000,0.23155,0.68347,0.08498
62.01000,1.98000,0.43575,0.49029,0.07396
62.21000,1.98000,0.12983,0.85993,0.01024
62.41000,1.98000,0.03780,0.96078,0.00142
62.61000,1.98000,0.03030,0.96909,0.00061
62.81000,1.98000,0.02454,0.97523,0.00023
63.01000,1.98000,0.02361,0.97630,0.00008
63.21000,1.98000,0.02967,0.97025,0.00008
63.41000,1.98000,0.03443,0.96539,0.00019
63.61000,1.98000,0.02385,0.97606,0.00008
63.81000,1.98000,0.00962,0.99037,0.00002
64.01000,1.98000,0.00855,0.99142,0.00003
64.21000,1.98000,0.00903,0.99093,0.00004
64.41000,1.98000,0.01184,0.98813,0.00004
64.61000,1.98000,0.01227,0.98768,0.00005
64.81000,1.98000,0.01638,0.98356,0.00007
65.01000,1.98000,0.02051,0.97941,0.00008
65.21000,1.98000,0.02053,0.97934,0.00014
65.41000,1.98000,0.02106,0.97869,0.00025
65.61000,1.98000,0.01911,0.98009,0.00081
65.81000,1.98000,0.27098,0.70393,0.02509
66.01000,1.98000,0.37065,0.58471,0.04464
66.21000,1.98000,0.36138,0.50009,0.13853
66.41000,1.98000,0.36926,0.40878,0.22196
66.61000,1.98000,0.34865,0.36860,0.28275
66.81000,1.98000,0.27132,0.46151,0.26717
67.01000,1.98000,0.20695,0.67556,0.11748
67.21000,1.98000,0.26254,0.67281,0.06466
67.41000,1.98000,0.26132,0.69051,0.04816
67.61000,1.98000,0.22266,0.74179,0.03555
67.81000,1.98000,0.28983,0.66266,0.04751
68.01000,1.98000,0.18527,0.78406,0.03067
68.21000,1.98000,0.02305,0.97537,0.00157
68.41000,1.98000,0.02833,0.96919,0.00248
68.61000,1.98000,0.05051,0.94658,0.00291
68.81000,1.98000,0.09287,0.89613,0.01100
69.01000,1.98000,0.07482,0.90363,0.02156
69.21000,1.98000,0.07295,0.91847,0.00858
69.41000,1.98000,0.07301,0.91901,0.00798
69.61000,1.98000,0.07062,0.91544,0.01394
69.81000,1.98000,0.01937,0.97762,0.00301
70.01000,1.98000,0.09637,0.88758,0.01605
70.21000,1.98000,0.10568,0.88512,0.00920
70.41000,1.98000,0.08622,0.90334,0.01044
70.61000,1.98000,0.08318,0.90974,0.00708
70.81000,1.98000,0.09132,0.90306,0.00561
71.01000,1.98000,0.11127,0.87664,0.01209
71.21000,1.98000,0.09652,0.89627,0.00721
71.41000,1.98000,0.09803,0.89510,0.00687
71.61000,1.98000,0.07026,0.92675,0.00298
71.81000,1.98000,0.09399,0.90324,0.00277
72.01000,1.98000,0.13801,0.86004,0.00195
72.21000,1.98000,0.11876,0.88039,0.00085
72.41000,1.98000,0.08912,0.90933,0.00155
72.61000,1.98000,0.08530,0.91336,0.00134
72.81000,1.98000,0.09195,0.90598,0.00207
73.01000,1.98000,0.08582,0.91151,0.00267
73.21000,1.98000,0.09227,0.90574,0.00199
73.41000,1.98000,0.09087,0.90848,0.00065
73.61000,1.98000,0.17543,0.82378,0.00079
73.81000,1.98000,0.31692,0.68112,0.00196
74.01000,1.98000,0.28251,0.71461,0.00287
74.21000,1.98000,0.30854,0.69060,0.00086
74.41000,1.98000,0.28037,0.71931,0.00033
74.61000,1.98000,0.26838,0.73070,0.00092
74.81000,1.98000,0.27936,0.71981,0.00083
75.01000,1.98000,0.18995,0.80979,0.00026
75.21000,1.98000,0.08415,0.91573,0.00012
75.41000,1.98000,0.08485,0.91506,0.00009
75.61000,1.98000,0.10333,0.89642,0.00025
75.81000,1.98000,0.12846,0.87139,0.00015
76.01000,1.98000,0.10689,0.89304,0.00007
76.21000,1.98000,0.11020,0.88946,0.00033
76.41000,1.98000,0.11634,0.88307,0.00059
76.61000,1.98000,0.05536,0.94437,0.00027
76.81000,1.98000,0.02387,0.97599,0.00013
77.01000,1.98000,0.02611,0.97377,0.00012
77.21000,1.98000,0.02671,0.97294,0.00035
77.41000,1.98000,0.02910,0.96963,0.00127
77.61000,1.98000,0.02279,0.97494,0.00227
77.81000,1.98000,0.01590,0.97808,0.00602
78.01000,1.98000,0.01164,0.98301,0.00535
78.21000,1.98000,0.00894,0.98489,0.00617
78.41000,1.98000,0.01264,0.98045,0.00691
78.61000,1.98000,0.06219,0.91380,0.02402
78.81000,1.98000,0.16867,0.70976,0.12158
79.01000,1.98000,0.19821,0.73546,0.06634
79.21000,1.98000,0.20097,0.75044,0.04859
79.41000,1.98000,0.03781,0.95531,0.00688
79.61000,1.98000,0.07487,0.92092,0.00421
79.81000,1.98000,0.07911,0.91516,0.00573
80.01000,1.98000,0.09538,0.90075,0.00387
80.21000,1.98000,0.10970,0.88908,0.00122
80.41000,1.98000,0.07216,0.92762,0.00022
80.61000,1.98000,0.06389,0.93591,0.00020
80.81000,1.98000,0.06807,0.93171,0.00022
81.01000,1.98000,0.05900,0.94072,0.00028
81.21000,1.98000,0.19119,0.80795,0.00086
81.41000,1.98000,0.31097,0.68878,0.00025
81.61000,1.98000,0.12253,0.87717,0.00030
81.81000,1.98000,0.13804,0.86171,0.00025
82.01000,1.98000,0.12263,0.87706,0.00031
82.21000,1.98000,0.08142,0.91823,0.00035
82.41000,1.98000,0.13649,0.86308,0.00042
82.61000,1.98000,0.11905,0.88063,0.00032
82.81000,1.98000,0.14000,0.85959,0.00041
83.01000,1.98000,0.16567,0.83415,0.00018
83.21000,1.98000,0.03535,0.96461,0.00004
83.41000,1.98000,0.04647,0.95347,0.00006
83.61000,1.98000,0.06016,0.93980,0.00004
83.81000,1.98000,0.05065,0.94932,0.00002
84.01000,1.98000,0.06096,0.93902,0.00001
84.21000,1.98000,0.07143,0.92855,0.00002
84.41000,1.98000,0.04726,0.95273,0.00002
84.61000,1.98000,0.02453,0.97546,0.00001
84.81000,1.98000,0.03272,0.96727,0.00000
85.01000,1.98000,0.02496,0.97504,0.00000
85.21000,1.98000,0.03659,0.96341,0.00000
85.41000,1.98000,0.06319,0.93680,0.00001
85.61000,1.98000,0.07425,0.92574,0.00001
85.81000,1.98000,0.10557,0.89442,0.00001
86.01000,1.98000,0.13004,0.86995,0.00001
86.21000,1.98000,0.15735,0.84264,0.00000
86.41000,1.98000,0.15631,0.84369,0.00001
86.61000,1.98000,0.28425,0.71575,0.00001
86.81000,1.98000,0.21754,0.78243,0.00003
87.01000,1.98000,0.23562,0.76434,0.00005
87.21000,1.98000,0.15792,0.84204,0.00003
87.41000,1.98000,0.21287,0.78707,0.00006
87.61000,1.98000,0.18960,0.81036,0.00004
87.81000,1.98000,0.21159,0.78840,0.00001
88.01000,1.98000,0.31215,0.68784,0.00001
88.21000,1.98000,0.12072,0.87922,0.00006
88.41000,1.98000,0.09587,0.90405,0.00008
88.61000,1.98000,0.05810,0.94187,0.00003
88.81000,1.98000,0.19215,0.80785,0.00001
89.01000,1.98000,0.31055,0.68941,0.00004
89.21000,1.98000,0.26162,0.73836,0.00002
89.41000,1.98000,0.31284,0.68714,0.00002
89.61000,1.98000,0.56712,0.43281,0.00007
89.81000,1.98000,0.77854,0.22143,0.00003
90.01000,1.98000,0.68826,0.31167,0.00008
90.21000,1.98000,0.64637,0.35357,0.00007
90.41000,1.98000,0.85361,0.14633,0.00006
90.61000,1.98000,0.86549,0.13436,0.00015
90.81000,1.98000,0.70654,0.29314,0.00032
91.01000,1.98000,0.80334,0.19613,0.00054
91.21000,1.98000,0.68069,0.31839,0.00092
91.41000,1.98000,0.80255,0.19557,0.00188
91.61000,1.98000,0.65224,0.34681,0.00095
91.81000,1.98000,0.31526,0.68177,0.00297
92.01000,1.98000,0.32464,0.67263,0.00273
92.21000,1.98000,0.27179,0.72540,0.00281
92.41000,1.98000,0.18869,0.80829,0.00302
92.61000,1.98000,0.20503,0.79222,0.00275
92.81000,1.98000,0.11069,0.88862,0.00069
93.01000,1.98000,0.04107,0.95861,0.00032
93.21000,1.98000,0.06515,0.93458,0.00027
93.41000,1.98000,0.06900,0.93088,0.00012
93.61000,1.98000,0.06153,0.93842,0.00004
93.81000,1.98000,0.15490,0.84508,0.00002
94.01000,1.98000,0.06326,0.93671,0.00003
94.21000,1.98000,0.04927,0.95070,0.00002
94.41000,1.98000,0.03668,0.96331,0.00001
94.61000,1.98000,0.06114,0.93885,0.00000
94.81000,1.98000,0.04501,0.95498,0.00000
95.01000,1.98000,0.05780,0.94219,0.00001
95.21000,1.98000,0.04348,0.95651,0.00001
95.41000,1.98000,0.08298,0.91698,0.00004
95.61000,1.98000,0.28680,0.71298,0.00021
95.81000,1.98000,0.17864,0.82051,0.00085
96.01000,1.98000,0.20391,0.79505,0.00103
96.21000,1.98000,0.15302,0.84311,0.00387
96.41000,1.98000,0.33156,0.66504,0.00340
96.61000,1.98000,0.35237,0.63865,0.00898
96.81000,1.98000,0.40846,0.57073,0.02080
97.01000,1.98000,0.48828,0.47823,0.03349
97.21000,1.98000,0.30962,0.64443,0.04595
97.41000,1.98000,0.23100,0.70748,0.06152
97.61000,1.98000,0.14394,0.83565,0.02041
97.81000,1.98000,0.05318,0.94454,0.00228
98.01000,1.98000,0.05515,0.94378,0.00107
98.21000,1.98000,0.05509,0.94383,0.00107
98.41000,1.98000,0.05584,0.94314,0.00102
98.61000,1.98000,0.05984,0.93908,0.00108
98.81000,1.98000,0.05893,0.94027,0.00080
99.01000,1.98000,0.05712,0.94218,0.00070
99.21000,1.98000,0.11414,0.88516,0.00070
99.41000,1.98000,0.11468,0.88494,0.00037
99.61000,1.98000,0.16020,0.83918,0.00062
99.81000,1.98000,0.31248,0.68710,0.00042
100.01000,1.98000,0.36760,0.63202,0.00039
100.21000,1.98000,0.35665,0.64289,0.00046
100.41000,1.98000,0.32056,0.67868,0.00076
100.61000,1.98000,0.08901,0.91073,0.00026
100.81000,1.98000,0.01804,0.98191,0.00005
101.01000,1.98000,0.03164,0.96831,0.00005
101.21000,1.98000,0.07981,0.91993,0.00026
101.41000,1.98000,0.05217,0.94704,0.00079
101.61000,1.98000,0.05091,0.94833,0.00076
101.81000,1.98000,0.02210,0.97715,0.00075
102.01000,1.98000,0.01837,0.98090,0.00072
102.21000,1.98000,0.01697,0.98240,0.00062
102.41000,1.98000,0.05644,0.94109,0.00247
102.61000,1.98000,0.15325,0.84323,0.00351
102.81000,1.98000,0.09462,0.90306,0.00232
103.01000,1.98000,0.08244,0.91447,0.00309
103.21000,1.98000,0.13884,0.85733,0.00383
103.41000,1.98000,0.26151,0.73693,0.00157
103.61000,1.98000,0.29427,0.70450,0.00123
103.81000,1.98000,0.15924,0.83980,0.00096
104.01000,1.98000,0.10801,0.88731,0.00468
104.21000,1.98000,0.06883,0.92874,0.00243
104.41000,1.98000,0.06880,0.92954,0.00167
104.61000,1.98000,0.04762,0.95076,0.00162
104.81000,1.98000,0.02581,0.97343,0.00075
105.01000,1.98000,0.02907,0.97018,0.00076
105.21000,1.98000,0.02499,0.97442,0.00060
105.41000,1.98000,0.01530,0.98411,0.00059
105.61000,1.98000,0.01527,0.98368,0.00104
105.81000,1.98000,0.00818,0.99121,0.00061
106.01000,1.98000,0.01465,0.98494,0.00041
106.21000,1.98000,0.01748,0.98208,0.00044
106.41000,1.98000,0.03346,0.96569,0.00085
106.61000,1.98000,0.12446,0.87268,0.00286
106.81000,1.98000,0.12059,0.87588,0.00353
107.01000,1.98000,0.12376,0.87472,0.00153
107.21000,1.98000,0.09128,0.90752,0.00121
107.41000,1.98000,0.15055,0.84844,0.00102
107.61000,1.98000,0.12239,0.87724,0.00038
107.81000,1.98000,0.10397,0.89581,0.00021
108.01000,1.98000,0.05127,0.94862,0.00011
108.21000,1.98000,0.07508,0.92481,0.00010
108.41000,1.98000,0.14116,0.85807,0.00077
108.61000,1.98000,0.34819,0.64894,0.00287
108.81000,1.98000,0.12298,0.87520,0.00182
109.01000,1.98000,0.02383,0.97392,0.00226
109.21000,1.98000,0.01961,0.97890,0.00149
109.41000,1.98000,0.00479,0.99107,0.00414
109.61000,1.98000,0.00116,0.99087,0.00797
109.81000,1.98000,0.00200,0.96156,0.03644
110.01000,1.98000,0.00346,0.89045,0.10609
110.21000,1.98000,0.00198,0.89400,0.10402
110.41000,1.98000,0.00121,0.95307,0.04573
110.61000,1.98000,0.00172,0.95481,0.04347
110.81000,1.98000,0.01345,0.91130,0.07525
111.01000,1.98000,0.01346,0.93651,0.05003
111.21000,1.98000,0.00394,0.98270,0.01335
111.41000,1.98000,0.00456,0.98631,0.00912
111.61000,1.98000,0.01900,0.96775,0.01325
111.81000,1.98000,0.01949,0.97510,0.00541
112.01000,1.98000,0.05839,0.90167,0.03994
112.21000,1.98000,0.05436,0.92172,0.02391
112.41000,1.98000,0.08507,0.83052,0.08441
112.61000,1.98000,0.08358,0.82570,0.09072
112.81000,1.98000,0.06768,0.80793,0.12439
113.01000,1.98000,0.15690,0.55910,0.28400
113.21000,1.98000,0.23438,0.24062,0.52500
113.41000,1.98000,0.22676,0.21304,0.56020
113.61000,1.98000,0.19070,0.11039,0.69891
113.81000,1.98000,0.09877,0.17866,0.72256
114.01000,1.98000,0.07706,0.27033,0.65260
114.21000,1.98000,0.04955,0.23634,0.71412
114.41000,1.98000,0.03378,0.30664,0.65959
114.61000,1.98000,0.05620,0.67442,0.26939
114.81000,1.98000,0.11118,0.71432,0.17450
115.01000,1.98000,0.10194,0.81691,0.08115
115.21000,1.98000,0.13123,0.80730,0.06147
115.41000,1.98000,0.07209,0.85641,0.07150
115.61000,1.98000,0.03001,0.88988,0.08010
115.81000,1.98000,0.04722,0.87516,0.07762
116.01000,1.98000,0.03307,0.89192,0.07500
116.21000,1.98000,0.03592,0.88776,0.07632
116.41000,1.98000,0.01763,0.85694,0.12543
116.61000,1.98000,0.00700,0.67791,0.31509
116.81000,1.98000,0.00430,0.74605,0.24965
117.01000,1.98000,0.00369,0.52784,0.46847
117.21000,1.98000,0.00427,0.68555,0.31017
117.41000,1.98000,0.00928,0.71497,0.27574
117.61000,1.98000,0.01786,0.55071,0.43143
117.81000,1.98000,0.03992,0.66422,0.29586
118.01000,1.98000,0.03276,0.90345,0.06378
118.21000,1.98000,0.05323,0.90685,0.03991
118.41000,1.98000,0.13211,0.79656,0.07134
118.61000,1.98000,0.07064,0.80801,0.12135
118.81000,1.98000,0.00414,0.96311,0.03275
119.01000,1.98000,0.00011,0.99594,0.00395
119.21000,1.98000,0.00030,0.98705,0.01264
119.41000,1.98000,0.00010,0.99485,0.00505
119.61000,1.98000,0.00002,0.99912,0.00086
119.81000,1.98000,0.00007,0.99206,0.00787
120.01000,1.98000,0.00008,0.96319,0.03673
120.21000,1.98000,0.00007,0.96716,0.03277
120.41000,1.98000,0.00005,0.98853,0.01142
120.61000,1.98000,0.00045,0.97796,0.02159
120.81000,1.98000,0.00793,0.95103,0.04104
121.01000,1.98000,0.04088,0.60902,0.35009
121.21000,1.98000,0.02860,0.66160,0.30980
121.41000,1.98000,0.03551,0.82337,0.14112
121.61000,1.98000,0.02772,0.93037,0.04191
121.81000,1.98000,0.02657,0.95931,0.01412
122.01000,1.98000,0.03795,0.95530,0.00675
122.21000,1.98000,0.05790,0.93707,0.00503
122.41000,1.98000,0.05224,0.94701,0.00074
122.61000,1.98000,0.02885,0.97066,0.00049
122.81000,1.98000,0.04310,0.95609,0.00081
123.01000,1.98000,0.05171,0.94792,0.00037
123.21000,1.98000,0.04433,0.95559,0.00008
123.41000,1.98000,0.06885,0.93108,0.00007
123.61000,1.98000,0.06832,0.93163,0.00005
123.81000,1.98000,0.07664,0.92329,0.00007
124.01000,1.98000,0.07300,0.92697,0.00003
124.21000,1.98000,0.07345,0.92651,0.00004
124.41000,1.98000,0.08275,0.91721,0.00004
124.61000,1.98000,0.14943,0.85037,0.00020
124.81000,1.98000,0.00787,0.99213,0.00000
125.01000,1.98000,0.02011,0.97985,0.00003
125.21000,1.98000,0.03427,0.96552,0.00021
125.41000,1.98000,0.03358,0.96620,0.00021
125.61000,1.98000,0.03852,0.96139,0.00009
125.81000,1.98000,0.03184,0.96811,0.00005
126.01000,1.98000,0.03184,0.96812,0.00004
126.21000,1.98000,0.06014,0.93980,0.00006
126.41000,1.98000,0.20078,0.79885,0.00037
126.61000,1.98000,0.41945,0.57976,0.00079
126.81000,1.98000,0.29118,0.70836,0.00046
127.01000,1.98000,0.07094,0.92902,0.00004
127.21000,1.98000,0.09022,0.90950,0.00028
127.41000,1.98000,0.15235,0.84622,0.00143
127.61000,1.98000,0.10816,0.89071,0.00112
127.81000,1.98000,0.12251,0.87512,0.00236
128.00999,1.98001,0.14885,0.84787,0.00328
128.21001,1.98000,0.05242,0.94573,0.00185
128.41000,1.98000,0.11526,0.87979,0.00495
128.61000,1.98000,0.06726,0.93018,0.00257
128.81000,1.98000,0.03217,0.96654,0.00129
129.00999,1.98001,0.02398,0.97533,0.00069
129.21001,1.98000,0.03867,0.96000,0.00133
129.41000,1.98000,0.02820,0.97093,0.00086
129.61000,1.98000,0.03303,0.96386,0.00311
129.81000,1.98000,0.09326,0.90077,0.00597
130.00999,1.98001,0.07031,0.92471,0.00498
130.21001,1.98000,0.06256,0.93561,0.00183
130.41000,1.98000,0.08801,0.91092,0.00107
130.61000,1.98000,0.23825,0.76032,0.00143
130.81000,1.98000,0.09750,0.90172,0.00077
131.00999,1.98001,0.02749,0.97222,0.00029
131.21001,1.98000,0.02579,0.97394,0.00027
131.41000,1.98000,0.03345,0.96543,0.00112
131.61000,1.98000,0.03387,0.96608,0.00006
131.81000,1.98000,0.01371,0.98616,0.00012
132.00999,1.98001,0.01201,0.98790,0.00009
132.21001,1.98000,0.01218,0.98773,0.00009
132.41000,1.98000,0.02152,0.97829,0.00019
132.61000,1.98000,0.05477,0.94480,0.00042
132.81000,1.98000,0.05483,0.94487,0.00030
133.00999,1.98001,0.01494,0.98496,0.00010
133.21001,1.98000,0.00538,0.99460,0.00002
133.41000,1.98000,0.00418,0.99579,0.00002
133.61000,1.98000,0.00635,0.99355,0.00010
133.81000,1.98000,0.00523,0.99473,0.00004
134.00999,1.98001,0.00358,0.99637,0.00005
134.21001,1.98000,0.00309,0.99685,0.00007
134.41000,1.98000,0.00839,0.99137,0.00023
134.61000,1.98000,0.03229,0.96711,0.00059
134.81000,1.98000,0.19022,0.80572,0.00406
135.00999,1.98001,0.57988,0.38592,0.03421
135.21001,1.98000,0.23499,0.74679,0.01822
135.41000,1.98000,0.04126,0.95555,0.00320
135.61000,1.98000,0.01632,0.98244,0.00124
135.81000,1.98000,0.01370,0.98474,0.00156
136.00999,1.98001,0.01637,0.97368,0.00995
136.21001,1.98000,0.00914,0.98325,0.00761
136.41000,1.98000,0.01095,0.97887,0.01018
136.61000,1.98000,0.01303,0.97870,0.00827
136.81000,1.98000,0.00863,0.98991,0.00146
137.00999,1.98001,0.03033,0.96802,0.00165
137.21001,1.98000,0.17512,0.82250,0.00238
137.41000,1.98000,0.22301,0.77438,0.00261
137.61000,1.98000,0.09287,0.90535,0.00178
137.81000,1.98000,0.02848,0.97104,0.00049
138.00999,1.98001,0.01056,0.98939,0.00006
138.21001,1.98000,0.00560,0.99439,0.00001
138.41000,1.98000,0.00390,0.99608,0.00002
138.61000,1.98000,0.00287,0.99712,0.00001
138.81000,1.98000,0.00319,0.99680,0.00001
139.00999,1.98001,0.00422,0.99578,0.00000
139.21001,1.98000,0.00635,0.99365,0.00001
139.41000,1.98000,0.02176,0.97821,0.00003
139.61000,1.98000,0.03756,0.96239,0.00005
139.81000,1.98000,0.09255,0.90721,0.00024
140.00999,1.98001,0.03029,0.96937,0.00034
140.21001,1.98000,0.02223,0.97761,0.00016
140.41000,1.98000,0.01000,0.98988,0.00011
140.61000,1.98000,0.01074,0.98911,0.00015
140.81000,1.98000,0.01099,0.98874,0.00026
141.00999,1.98001,0.00652,0.99335,0.00014
141.21001,1.98000,0.00621,0.99367,0.00012
141.41000,1.98000,0.00634,0.99359,0.00006
141.61000,1.98000,0.01044,0.98952,0.00004
141.81000,1.98000,0.05262,0.94718,0.00020
142.00999,1.98001,0.11287,0.88668,0.00045
142.21001,1.98000,0.05666,0.94273,0.00061
142.41000,1.98000,0.01720,0.98255,0.00025
142.61000,1.98000,0.00578,0.99417,0.00006
142.81000,1.98000,0.00409,0.99581,0.00010
143.00999,1.98001,0.00262,0.99734,0.00004
143.21001,1.98000,0.00594,0.99398,0.00008
143.41000,1.98000,0.00501,0.99489,0.00010
143.61000,1.98000,0.00539,0.99451,0.00010
143.81000,1.98000,0.00158,0.99842,0.00000
144.00999,1.98001,0.00445,0.99553,0.00002
144.21001,1.98000,0.03659,0.96332,0.00008
144.41000,1.98000,0.08382,0.91595,0.00023
144.61000,1.98000,0.16987,0.82993,0.00020
144.81000,1.98000,0.26869,0.73068,0.00063
145.00999,1.98001,0.58716,0.41002,0.00282
145.21001,1.98000,0.50469,0.48922,0.00609
145.41000,1.98000,0.45401,0.54174,0.00425
145.61000,1.98000,0.55341,0.43996,0.00663
145.81000,1.98000,0.78542,0.20139,0.01318
146.00999,1.98001,0.58529,0.41162,0.00309
146.21001,1.98000,0.41345,0.58576,0.00080
146.41000,1.98000,0.40829,0.59138,0.00033
146.61000,1.98000,0.41278,0.58660,0.00062
146.81000,1.98000,0.31048,0.68894,0.00058
147.00999,1.98001,0.13228,0.86756,0.00016
147.21001,1.98000,0.10649,0.89330,0.00021
147.41000,1.98000,0.09604,0.90388,0.00008
147.61000,1.98000,0.18930,0.81068,0.00002
147.81000,1.98000,0.19736,0.80260,0.00004
148.00999,1.98001,0.29984,0.70012,0.00004
148.21001,1.98000,0.32231,0.67763,0.00006
148.41000,1.98000,0.21374,0.78618,0.00008
148.61000,1.98000,0.17769,0.82227,0.00004
148.81000,1.98000,0.18166,0.81833,0.00001
149.00999,1.98001,0.20723,0.79276,0.00001
149.21001,1.98000,0.18298,0.81701,0.00001
149.41000,1.98000,0.26989,0.73010,0.00001
149.61000,1.98000,0.09896,0.90095,0.00009
149.81000,1.98000,0.12579,0.87376,0.00045
150.00999,1.98001,0.18356,0.81550,0.00094
150.21001,1.98000,0.15153,0.84758,0.00090
150.41000,1.98000,0.07970,0.91964,0.00066
150.61000,1.98000,0.08539,0.91371,0.00091
150.81000,1.98000,0.09154,0.90766,0.00080
151.00999,1.98001,0.03669,0.96305,0.00026
151.21001,1.98000,0.04841,0.95150,0.00010
151.41000,1.98000,0.05241,0.94753,0.00007
151.61000,1.98000,0.04521,0.95472,0.00007
151.81000,1.98000,0.01529,0.98467,0.00004
152.00999,1.98001,0.03669,0.96297,0.00034
152.21001,1.98000,0.05700,0.94140,0.00160
152.41000,1.98000,0.09543,0.90218,0.00240
152.61000,1.98000,0.06314,0.93427,0.00259
152.81000,1.98000,0.17662,0.80816,0.01522
153.00999,1.98001,0.18607,0.80281,0.01112
153.21001,1.98000,0.10293,0.88787,0.00920
153.41000,1.98000,0.06094,0.93720,0.00186
153.61000,1.98000,0.04229,0.95731,0.00041
153.81000,1.98000,0.02668,0.97328,0.00005
154.00999,1.98001,0.03246,0.96752,0.00002
154.21001,1.98000,0.01929,0.98070,0.00001
154.41000,1.98000,0.01975,0.98021,0.00004
154.61000,1.98000,0.02828,0.97170,0.00002
154.81000,1.98000,0.01738,0.98259,0.00003
155.00999,1.98001,0.02763,0.97231,0.00006
155.21001,1.98000,0.05616,0.94368,0.00016
155.41000,1.98000,0.05186,0.94794,0.00020
155.61000,1.98000,0.06274,0.93698,0.00028
155.81000,1.98000,0.06662,0.93292,0.00046
156.00999,1.98001,0.03580,0.96403,0.00016
156.21001,1.98000,0.01707,0.98288,0.00004
156.41000,1.98000,0.00770,0.99229,0.00001
156.61000,1.98000,0.00412,0.99587,0.00000
156.81000,1.98000,0.00529,0.99471,0.00000
157.00999,1.98001,0.00430,0.99570,0.00000
157.21001,1.98000,0.00597,0.99402,0.00001
157.41000,1.98000,0.01182,0.98817,0.00001
157.61000,1.98000,0.00952,0.99047,0.00001
157.81000,1.98000,0.01727,0.98272,0.00001
158.00999,1.98001,0.02841,0.97155,0.00004
158.21001,1.98000,0.08385,0.91610,0.00006
158.41000,1.98000,0.39053,0.60939,0.00008
158.61000,1.98000,0.10794,0.89201,0.00005
158.81000,1.98000,0.02574,0.97425,0.00001
159.00999,1.98001,0.01499,0.98501,0.00000
159.21001,1.98000,0.01262,0.98738,0.00001
159.41000,1.98000,0.02429,0.97566,0.00005
159.61000,1.98000,0.03758,0.96219,0.00023
159.81000,1.98000,0.03378,0.96596,0.00026
160.00999,1.98001,0.03444,0.96517,0.00039
160.21001,1.98000,0.02896,0.97084,0.00021
160.41000,1.98000,0.02888,0.97071,0.00042
160.61000,1.98000,0.17317,0.82396,0.00286
160.81000,1.98000,0.27352,0.71818,0.00830
161.00999,1.98001,0.38246,0.59982,0.01772
161.21001,1.98000,0.39698,0.59925,0.00377
161.41000,1.98000,0.35226,0.64684,0.00091
161.61000,1.98000,0.36260,0.63724,0.00016
161.81000,1.98000,0.37393,0.62537,0.00070
162.00999,1.98001,0.60605,0.39307,0.00088
162.21001,1.98000,0.58493,0.41457,0.00050
162.41000,1.98000,0.32752,0.67209,0.00040
162.61000,1.98000,0.32044,0.67888,0.00068
162.81000,1.98000,0.35096,0.64853,0.00050
163.00999,1.98001,0.18083,0.81826,0.00091
163.21001,1.98000,0.12497,0.87317,0.00185
163.41000,1.98000,0.08477,0.91440,0.00083
163.61000,1.98000,0.05568,0.94327,0.00106
163.81000,1.98000,0.04306,0.95671,0.00022
164.00999,1.98001,0.01377,0.98560,0.00063
164.21001,1.98000,0.06968,0.92800,0.00231
164.41000,1.98000,0.10479,0.89407,0.00114
164.61000,1.98000,0.07769,0.92213,0.00019
164.81000,1.98000,0.10738,0.89257,0.00005
165.00999,1.98001,0.16648,0.83343,0.00009
165.21001,1.98000,0.17128,0.82857,0.00015
165.41000,1.98000,0.14504,0.85489,0.00007
165.61000,1.98000,0.16101,0.83888,0.00010
165.81000,1.98000,0.20893,0.79096,0.00011
166.00999,1.98001,0.35901,0.64096,0.00004
166.21001,1.98000,0.20812,0.79177,0.00012
166.41000,1.98000,0.15467,0.84507,0.00026
166.61000,1.98000,0.14230,0.85662,0.00108
166.81000,1.98000,0.06454,0.93332,0.00214
167.00999,1.98001,0.09434,0.89864,0.00701
167.21001,1.98000,0.13997,0.83215,0.02788
167.41000,1.98000,0.13765,0.83921,0.02314
167.61000,1.98000,0.15086,0.83923,0.00991
167.81000,1.98000,0.21222,0.78353,0.00425
168.00999,1.98001,0.13402,0.85809,0.00789
168.21001,1.98000,0.08172,0.90931,0.00896
168.41000,1.98000,0.06629,0.92859,0.00512
168.61000,1.98000,0.06000,0.93919,0.00082
168.81000,1.98000,0.05420,0.94571,0.00009
169.00999,1.98001,0.06833,0.93165,0.00003
169.21001,1.98000,0.07274,0.92725,0.00001
169.41000,1.98000,0.06897,0.93101,0.00002
169.61000,1.98000,0.05048,0.94942,0.00011
169.81000,1.98000,0.03572,0.96391,0.00037
170.00999,1.98001,0.03310,0.96661,0.00029
170.21001,1.98000,0.03182,0.96795,0.00023
170.41000,1.98000,0.04510,0.95463,0.00027
170.61000,1.98000,0.09047,0.90919,0.00035
170.81000,1.98000,0.11388,0.88541,0.00071
171.00999,1.98001,0.08078,0.91730,0.00192
171.21001,1.98000,0.06142,0.93541,0.00317
171.41000,1.98000,0.07856,0.91935,0.00209
171.61000,1.98000,0.10286,0.89616,0.00098
171.81000,1.98000,0.08315,0.91668,0.00017
172.00999,1.98001,0.09136,0.90852,0.00012
172.21001,1.98000,0.13288,0.86691,0.00021
172.41000,1.98000,0.09628,0.90266,0.00106
172.61000,1.98000,0.10355,0.89381,0.00264
172.81000,1.98000,0.07360,0.92108,0.00532
173.00999,1.98001,0.07826,0.91246,0.00928
173.21001,1.98000,0.07211,0.92026,0.00762
173.41000,1.98000,0.05720,0.93898,0.00382
173.61000,1.98000,0.09045,0.90510,0.00444
173.81000,1.98000,0.14868,0.83729,0.01403
174.00999,1.98001,0.09653,0.89183,0.01165
174.21001,1.98000,0.09456,0.89929,0.00615
174.41000,1.98000,0.07443,0.92437,0.00119
174.61000,1.98000,0.05128,0.94853,0.00019
174.81000,1.98000,0.07159,0.92833,0.00008
175.00999,1.98001,0.07479,0.92514,0.00007
175.21001,1.98000,0.05581,0.94405,0.00014
175.41000,1.98000,0.05647,0.94328,0.00025
175.61000,1.98000,0.04461,0.95488,0.00051
175.81000,1.98000,0.03967,0.95901,0.00132
176.00999,1.98001,0.02551,0.97355,0.00093
176.21001,1.98000,0.03836,0.96092,0.00072
176.41000,1.98000,0.09633,0.90251,0.00117
176.61000,1.98000,0.19123,0.80713,0.00164
176.81000,1.98000,0.11720,0.87801,0.00479
177.00999,1.98001,0.21164,0.78721,0.00115
177.21001,1.98000,0.44461,0.55517,0.00022
177.41000,1.98000,0.60501,0.39494,0.00005
