Time (seconds), Duration (seconds),pred_(unlabeled),pred_On,pred_Off,pred_Dimmer,pred_Lighter
0.01000,1.98000,0.76501,0.23302,0.00074,0.00033,0.00090
0.21000,1.98000,0.99785,0.00195,0.00017,0.00000,0.00002
0.41000,1.98000,0.99408,0.00538,0.00041,0.00002,0.00011
0.61000,1.98000,0.99763,0.00222,0.00009,0.00001,0.00006
0.81000,1.98000,0.99795,0.00134,0.00023,0.00005,0.00044
1.01000,1.98000,0.99759,0.00169,0.00038,0.00010,0.00024
1.21000,1.98000,0.99744,0.00032,0.00125,0.00014,0.00085
1.41000,1.98000,0.99720,0.00020,0.00179,0.00021,0.00059
1.61000,1.98000,0.99705,0.00003,0.00098,0.00011,0.00183
1.81000,1.98000,0.99932,0.00003,0.00024,0.00006,0.00035
2.01000,1.98000,0.99653,0.00006,0.00040,0.00013,0.00287
2.21000,1.98000,0.99568,0.00034,0.00084,0.00055,0.00259
2.41000,1.98000,0.99217,0.00138,0.00120,0.00047,0.00478
2.61000,1.98000,0.99097,0.00386,0.00147,0.00042,0.00329
2.81000,1.98000,0.98972,0.00342,0.00020,0.00013,0.00653
3.01000,1.98000,0.97743,0.01671,0.00133,0.00059,0.00393
3.21000,1.98000,0.88427,0.11040,0.00031,0.00019,0.00483
3.41000,1.98000,0.60294,0.39212,0.00146,0.00093,0.00255
3.61000,1.98000,0.56720,0.42978,0.00031,0.00038,0.00232
3.81000,1.98000,0.72284,0.26841,0.00518,0.00250,0.00106
4.01000,1.98000,0.98118,0.01715,0.00061,0.00061,0.00045
4.21000,1.98000,0.99460,0.00343,0.00109,0.00045,0.00043
4.41000,1.98000,0.99640,0.00079,0.00152,0.00066,0.00063
4.61000,1.98000,0.99871,0.00002,0.00099,0.00022,0.00005
4.81000,1.98000,0.99970,0.00000,0.00015,0.00010,0.00005
5.01000,1.98000,0.99983,0.00000,0.00007,0.00008,0.00002
5.21000,1.98000,0.99965,0.00000,0.00015,0.00017,0.00003
5.41000,1.98000,0.99998,0.00000,0.00001,0.00001,0.00001
5.61000,1.98000,0.99994,0.00000,0.00001,0.00001,0.00004
5.81000,1.98000,0.99982,0.00000,0.00011,0.00004,0.00003
6.01000,1.98000,0.99959,0.00000,0.00015,0.00018,0.00009
6.21000,1.98000,0.99954,0.00001,0.00006,0.00028,0.00011
6.41000,1.98000,0.99792,0.00018,0.00023,0.00098,0.00069
6.61000,1.98000,0.99681,0.00022,0.00023,0.00199,0.00075
6.81000,1.98000,0.97401,0.00481,0.00144,0.01486,0.00487
7.01000,1.98000,0.99652,0.00066,0.00028,0.00183,0.00072
7.21000,1.98000,0.99947,0.00008,0.00023,0.00017,0.00006
7.41000,1.98000,0.99901,0.00003,0.00020,0.00055,0.00021
7.61000,1.98000,0.99159,0.00004,0.00202,0.00552,0.00084
7.81000,1.98000,0.99450,0.00005,0.00086,0.00416,0.00044
8.01000,1.98000,0.99829,0.00001,0.00047,0.00110,0.00012
8.21000,1.98000,0.99926,0.00001,0.00017,0.00047,0.00010
8.41000,1.98000,0.99779,0.00000,0.00093,0.00109,0.00019
8.61000,1.98000,0.99953,0.00000,0.00021,0.00018,0.00007
8.81000,1.98000,0.99834,0.00000,0.00117,0.00039,0.00009
9.01000,1.98000,0.99974,0.00000,0.00012,0.00011,0.00003
9.21000,1.98000,0.99984,0.00000,0.00010,0.00005,0.00002
9.41000,1.98000,0.99982,0.00000,0.00006,0.00010,0.00002
9.61000,1.98000,0.99987,0.00000,0.00002,0.00007,0.00005
9.81000,1.98000,0.99992,0.00000,0.00001,0.00005,0.00003
10.01000,1.98000,0.99993,0.00000,0.00000,0.00004,0.00003
10.21000,1.98000,0.99945,0.00014,0.00003,0.00023,0.00014
10.41000,1.98000,0.99406,0.00190,0.00013,0.00320,0.00072
10.61000,1.98000,0.89674,0.05204,0.00086,0.04687,0.00350
10.81000,1.98000,0.40857,0.28754,0.00306,0.28842,0.01240
11.01000,1.98000,0.96731,0.01823,0.00021,0.01260,0.00164
11.21000,1.98000,0.99943,0.00029,0.00003,0.00021,0.00004
11.41000,1.98000,0.99995,0.00001,0.00001,0.00003,0.00001
11.61000,1.98000,0.99989,0.00000,0.00005,0.00003,0.00003
11.81000,1.98000,0.99997,0.00000,0.00001,0.00001,0.00001
12.01000,1.98000,0.99982,0.00000,0.00008,0.00006,0.00003
12.21000,1.98000,0.99991,0.00000,0.00001,0.00003,0.00004
12.41000,1.98000,0.99994,0.00000,0.00001,0.00001,0.00004
12.61000,1.98000,0.99969,0.00000,0.00002,0.00011,0.00017
12.81000,1.98000,0.99978,0.00003,0.00006,0.00003,0.00011
13.01000,1.98000,0.99808,0.00081,0.00021,0.00014,0.00075
13.21000,1.98000,0.99262,0.00676,0.00042,0.00006,0.00014
13.41000,1.98000,0.91049,0.08630,0.00205,0.00059,0.00058
13.61000,1.98000,0.74040,0.25861,0.00056,0.00019,0.00024
13.81000,1.98000,0.89473,0.10500,0.00011,0.00007,0.00009
14.01000,1.98000,0.96730,0.03258,0.00009,0.00001,0.00002
14.21000,1.98000,0.99700,0.00293,0.00006,0.00000,0.00001
14.41000,1.98000,0.99937,0.00037,0.00025,0.00000,0.00000
14.61000,1.98000,0.97158,0.02739,0.00093,0.00004,0.00006
14.81000,1.98000,0.98965,0.00876,0.00151,0.00001,0.00006
15.01000,1.98000,0.97227,0.02641,0.00115,0.00003,0.00015
15.21000,1.98000,0.99104,0.00610,0.00271,0.00001,0.00014
15.41000,1.98000,0.95730,0.04042,0.00200,0.00006,0.00022
15.61000,1.98000,0.99297,0.00362,0.00334,0.00001,0.00006
15.81000,1.98000,0.99342,0.00589,0.00055,0.00002,0.00011
16.01000,1.98000,0.99887,0.00046,0.00066,0.00000,0.00002
16.21000,1.98000,0.99833,0.00155,0.00010,0.00001,0.00002
16.41000,1.98000,0.99776,0.00200,0.00018,0.00003,0.00004
16.61000,1.98000,0.99425,0.00546,0.00013,0.00004,0.00012
16.81000,1.98000,0.99661,0.00333,0.00003,0.00002,0.00001
17.01000,1.98000,0.99337,0.00660,0.00001,0.00001,0.00001
17.21000,1.98000,0.92738,0.07179,0.00050,0.00020,0.00013
17.41000,1.98000,0.78620,0.21368,0.00006,0.00003,0.00003
17.61000,1.98000,0.93849,0.06118,0.00030,0.00003,0.00001
17.81000,1.98000,0.98263,0.01725,0.00007,0.00004,0.00002
18.01000,1.98000,0.81847,0.18117,0.00022,0.00009,0.00006
18.21000,1.98000,0.83588,0.16314,0.00055,0.00039,0.00003
18.41000,1.98000,0.95053,0.04854,0.00072,0.00016,0.00006
18.61000,1.98000,0.99858,0.00117,0.00020,0.00002,0.00002
18.81000,1.98000,0.85638,0.13822,0.00157,0.00267,0.00116
19.01000,1.98000,0.84478,0.14987,0.00071,0.00417,0.00047
19.21000,1.98000,0.90789,0.05485,0.00842,0.02716,0.00168
19.41000,1.98000,0.99702,0.00141,0.00049,0.00096,0.00011
19.61000,1.98000,0.99913,0.00003,0.00035,0.00046,0.00002
19.81000,1.98000,0.99958,0.00003,0.00001,0.00029,0.00009
20.01000,1.98000,0.99964,0.00008,0.00002,0.00021,0.00006
20.21000,1.98000,0.99969,0.00013,0.00001,0.00013,0.00005
20.41000,1.98000,0.99984,0.00005,0.00000,0.00008,0.00001
20.61000,1.98000,0.99848,0.00120,0.00001,0.00023,0.00008
20.81000,1.98000,0.98090,0.00602,0.00033,0.00954,0.00320
21.01000,1.98000,0.54671,0.25200,0.00479,0.18063,0.01588
21.21000,1.98000,0.95903,0.02518,0.00024,0.01342,0.00213
21.41000,1.98000,0.99845,0.00125,0.00005,0.00022,0.00003
21.61000,1.98000,0.99957,0.00006,0.00010,0.00024,0.00003
21.81000,1.98000,0.99989,0.00002,0.00004,0.00006,0.00000
22.01000,1.98000,0.99957,0.00000,0.00018,0.00024,0.00001
22.21000,1.98000,0.99969,0.00000,0.00009,0.00022,0.00000
22.41000,1.98000,0.99988,0.00000,0.00003,0.00009,0.00000
22.61000,1.98000,0.99996,0.00000,0.00001,0.00003,0.00000
22.81000,1.98000,0.99988,0.00000,0.00004,0.00007,0.00001
23.01000,1.98000,0.99972,0.00000,0.00015,0.00012,0.00001
23.21000,1.98000,0.99997,0.00000,0.00000,0.00001,0.00001
23.41000,1.98000,0.99984,0.00000,0.00002,0.00011,0.00003
23.61000,1.98000,0.99989,0.00001,0.00002,0.00006,0.00002
23.81000,1.98000,0.99928,0.00048,0.00005,0.00014,0.00005
24.01000,1.98000,0.99540,0.00369,0.00013,0.00063,0.00014
24.21000,1.98000,0.85619,0.12314,0.00339,0.01593,0.00134
24.41000,1.98000,0.79903,0.17804,0.00291,0.01934,0.00068
24.61000,1.98000,0.98368,0.01467,0.00042,0.00122,0.00002
24.81000,1.98000,0.99855,0.00104,0.00019,0.00022,0.00000
25.01000,1.98000,0.99968,0.00016,0.00010,0.00007,0.00000
25.21000,1.98000,0.99993,0.00001,0.00003,0.00003,0.00000
25.41000,1.98000,0.99893,0.00001,0.00079,0.00028,0.00000
25.61000,1.98000,0.99862,0.00000,0.00062,0.00075,0.00001
25.81000,1.98000,0.99847,0.00001,0.00038,0.00110,0.00004
26.01000,1.98000,0.99968,0.00001,0.00006,0.00022,0.00003
26.21000,1.98000,0.99961,0.00008,0.00011,0.00018,0.00003
26.41000,1.98000,0.99644,0.00296,0.00018,0.00026,0.00016
26.61000,1.98000,0.99917,0.00081,0.00002,0.00001,0.00000
26.81000,1.98000,0.99144,0.00848,0.00006,0.00002,0.00001
27.01000,1.98000,0.90302,0.09608,0.00037,0.00043,0.00011
27.21000,1.98000,0.16140,0.83604,0.00068,0.00173,0.00015
27.41000,1.98000,0.93295,0.06655,0.00012,0.00032,0.00005
27.61000,1.98000,0.99247,0.00747,0.00003,0.00002,0.00000
27.81000,1.98000,0.99944,0.00047,0.00006,0.00003,0.00000
28.01000,1.98000,0.99984,0.00009,0.00006,0.00002,0.00000
28.21000,1.98000,0.99998,0.00000,0.00001,0.00001,0.00000
28.41000,1.98000,0.99998,0.00000,0.00002,0.00001,0.00000
28.61000,1.98000,0.99994,0.00001,0.00004,0.00001,0.00000
28.81000,1.98000,0.99991,0.00002,0.00006,0.00001,0.00000
29.01000,1.98000,0.99987,0.00002,0.00009,0.00000,0.00002
29.21000,1.98000,0.99956,0.00005,0.00038,0.00000,0.00001
29.41000,1.98000,0.99614,0.00074,0.00261,0.00000,0.00051
29.61000,1.98000,0.99070,0.00737,0.00168,0.00000,0.00025
29.81000,1.98000,0.98846,0.00624,0.00213,0.00000,0.00317
30.01000,1.98000,0.97141,0.02122,0.00649,0.00000,0.00087
30.21000,1.98000,0.99305,0.00266,0.00211,0.00000,0.00218
30.41000,1.98000,0.99170,0.00522,0.00238,0.00000,0.00069
30.61000,1.98000,0.98774,0.00782,0.00265,0.00000,0.00179
30.81000,1.98000,0.99323,0.00648,0.00016,0.00000,0.00013
31.01000,1.98000,0.90946,0.09013,0.00008,0.00001,0.00032
31.21000,1.98000,0.78977,0.20917,0.00014,0.00008,0.00084
31.41000,1.98000,0.41016,0.58210,0.00102,0.00195,0.00477
31.61000,1.98000,0.66114,0.33290,0.00193,0.00306,0.00097
31.81000,1.98000,0.89746,0.10099,0.00061,0.00035,0.00060
32.01000,1.98000,0.99221,0.00722,0.00039,0.00015,0.00004
32.21000,1.98000,0.99934,0.00057,0.00001,0.00007,0.00001
32.41000,1.98000,0.99930,0.00044,0.00008,0.00018,0.00001
32.61000,1.98000,0.99962,0.00009,0.00012,0.00016,0.00001
32.81000,1.98000,0.99852,0.00006,0.00036,0.00106,0.00000
33.01000,1.98000,0.99939,0.00000,0.00012,0.00049,0.00000
33.21000,1.98000,0.99881,0.00000,0.00017,0.00100,0.00001
33.41000,1.98000,0.99991,0.00000,0.00001,0.00007,0.00001
33.61000,1.98000,0.99986,0.00000,0.00001,0.00012,0.00001
33.81000,1.98000,0.99966,0.00002,0.00002,0.00027,0.00003
34.01000,1.98000,0.99959,0.00004,0.00002,0.00033,0.00002
34.21000,1.98000,0.99991,0.00002,0.00000,0.00005,0.00001
34.41000,1.98000,0.99965,0.00015,0.00002,0.00012,0.00006
34.61000,1.98000,0.99133,0.00452,0.00020,0.00304,0.00090
34.81000,1.98000,0.92298,0.05978,0.00051,0.01031,0.00642
35.01000,1.98000,0.91771,0.08097,0.00005,0.00059,0.00068
35.21000,1.98000,0.94386,0.05567,0.00007,0.00024,0.00016
35.41000,1.98000,0.99272,0.00681,0.00011,0.00030,0.00007
35.61000,1.98000,0.99703,0.00236,0.00010,0.00026,0.00025
35.81000,1.98000,0.99724,0.00188,0.00027,0.00023,0.00037
36.01000,1.98000,0.99079,0.00110,0.00359,0.00152,0.00300
36.21000,1.98000,0.99661,0.00048,0.00046,0.00022,0.00223
36.41000,1.98000,0.98547,0.00212,0.00264,0.00201,0.00776
36.61000,1.98000,0.99677,0.00097,0.00024,0.00018,0.00185
36.81000,1.98000,0.99764,0.00035,0.00073,0.00035,0.00092
37.01000,1.98000,0.99421,0.00093,0.00125,0.00058,0.00304
37.21000,1.98000,0.99450,0.00114,0.00358,0.00023,0.00056
37.41000,1.98000,0.99398,0.00324,0.00257,0.00008,0.00013
37.61000,1.98000,0.98478,0.00258,0.01189,0.00065,0.00011
37.81000,1.98000,0.92155,0.03101,0.04286,0.00436,0.00022
38.01000,1.98000,0.96985,0.02304,0.00575,0.00128,0.00008
38.21000,1.98000,0.99084,0.00385,0.00501,0.00027,0.00003
38.41000,1.98000,0.98357,0.00337,0.01255,0.00043,0.00007
38.61000,1.98000,0.99494,0.00150,0.00343,0.00011,0.00003
38.81000,1.98000,0.99719,0.00044,0.00222,0.00010,0.00006
39.01000,1.98000,0.99962,0.00028,0.00009,0.00000,0.00001
39.21000,1.98000,0.99659,0.00276,0.00025,0.00003,0.00037
39.41000,1.98000,0.99838,0.00130,0.00013,0.00001,0.00018
39.61000,1.98000,0.99957,0.00026,0.00010,0.00000,0.00007
39.81000,1.98000,0.99968,0.00022,0.00010,0.00000,0.00001
40.01000,1.98000,0.99805,0.00043,0.00147,0.00001,0.00004
40.21000,1.98000,0.99884,0.00035,0.00078,0.00000,0.00002
40.41000,1.98000,0.99615,0.00055,0.00326,0.00000,0.00003
40.61000,1.98000,0.99497,0.00022,0.00478,0.00000,0.00003
40.81000,1.98000,0.99253,0.00006,0.00741,0.00000,0.00001
41.01000,1.98000,0.98718,0.00013,0.01268,0.00000,0.00001
41.21000,1.98000,0.99792,0.00003,0.00204,0.00000,0.00000
41.41000,1.98000,0.99802,0.00037,0.00161,0.00000,0.00001
41.61000,1.98000,0.99981,0.00005,0.00014,0.00000,0.00000
41.81000,1.98000,0.99798,0.00180,0.00020,0.00000,0.00002
42.01000,1.98000,0.99618,0.00365,0.00015,0.00000,0.00002
42.21000,1.98000,0.83677,0.16062,0.00156,0.00012,0.00093
42.41000,1.98000,0.97793,0.02157,0.00031,0.00008,0.00011
42.61000,1.98000,0.99401,0.00573,0.00016,0.00006,0.00004
42.81000,1.98000,0.99853,0.00101,0.00011,0.00033,0.00002
43.01000,1.98000,0.99986,0.00001,0.00004,0.00008,0.00000
43.21000,1.98000,0.99966,0.00010,0.00004,0.00018,0.00001
43.41000,1.98000,0.99970,0.00001,0.00006,0.00023,0.00001
43.61000,1.98000,0.99880,0.00001,0.00013,0.00106,0.00001
43.81000,1.98000,0.99995,0.00000,0.00001,0.00003,0.00000
44.01000,1.98000,0.99962,0.00000,0.00007,0.00031,0.00000
44.21000,1.98000,0.99982,0.00000,0.00003,0.00015,0.00000
44.41000,1.98000,0.99951,0.00001,0.00002,0.00046,0.00001
44.61000,1.98000,0.99992,0.00000,0.00000,0.00007,0.00000
44.81000,1.98000,0.99918,0.00011,0.00002,0.00066,0.00003
45.01000,1.98000,0.99754,0.00175,0.00009,0.00059,0.00002
45.21000,1.98000,0.97819,0.01592,0.00044,0.00520,0.00025
45.41000,1.98000,0.63222,0.26874,0.01634,0.08058,0.00211
45.61000,1.98000,0.58264,0.28100,0.01546,0.11463,0.00626
45.81000,1.98000,0.98728,0.00979,0.00080,0.00202,0.00011
46.01000,1.98000,0.99775,0.00038,0.00128,0.00055,0.00004
46.21000,1.98000,0.99964,0.00002,0.00029,0.00004,0.00001
46.41000,1.98000,0.99969,0.00000,0.00019,0.00009,0.00002
46.61000,1.98000,0.99881,0.00000,0.00086,0.00030,0.00003
46.81000,1.98000,0.99933,0.00000,0.00039,0.00023,0.00005
47.01000,1.98000,0.99894,0.00000,0.00019,0.00031,0.00055
47.21000,1.98000,0.99918,0.00000,0.00005,0.00035,0.00042
47.41000,1.98000,0.99831,0.00001,0.00005,0.00084,0.00078
47.61000,1.98000,0.99966,0.00003,0.00001,0.00011,0.00020
47.81000,1.98000,0.99961,0.00011,0.00001,0.00009,0.00018
48.01000,1.98000,0.99916,0.00058,0.00007,0.00011,0.00008
48.21000,1.98000,0.99480,0.00441,0.00011,0.00054,0.00015
48.41000,1.98000,0.81480,0.17152,0.00202,0.01108,0.00058
48.61000,1.98000,0.77911,0.21249,0.00059,0.00743,0.00037
48.81000,1.98000,0.83668,0.16307,0.00016,0.00008,0.00001
49.01000,1.98000,0.95012,0.04958,0.00018,0.00012,0.00000
49.21000,1.98000,0.96110,0.03872,0.00015,0.00002,0.00000
49.41000,1.98000,0.99825,0.00148,0.00022,0.00005,0.00000
49.61000,1.98000,0.99576,0.00392,0.00024,0.00007,0.00001
49.81000,1.98000,0.98063,0.01451,0.00446,0.00035,0.00004
50.01000,1.98000,0.81678,0.18001,0.00290,0.00020,0.00011
50.21000,1.98000,0.96264,0.03661,0.00072,0.00002,0.00001
50.41000,1.98000,0.82324,0.17448,0.00223,0.00002,0.00003
50.61000,1.98000,0.85862,0.13587,0.00546,0.00004,0.00002
50.81000,1.98000,0.92941,0.06855,0.00195,0.00002,0.00008
51.01000,1.98000,0.92095,0.07413,0.00485,0.00004,0.00003
51.21000,1.98000,0.96754,0.03174,0.00070,0.00000,0.00001
51.41000,1.98000,0.98309,0.01593,0.00097,0.00000,0.00001
51.61000,1.98000,0.98572,0.01400,0.00027,0.00000,0.00001
51.81000,1.98000,0.91317,0.08670,0.00010,0.00001,0.00002
52.01000,1.98000,0.95237,0.04760,0.00001,0.00000,0.00002
52.21000,1.98000,0.85053,0.14942,0.00002,0.00001,0.00002
52.41000,1.98000,0.69557,0.30267,0.00055,0.00056,0.00065
52.61000,1.98000,0.43654,0.56189,0.00055,0.00059,0.00043
52.81000,1.98000,0.76999,0.22670,0.00106,0.00188,0.00037
53.01000,1.98000,0.95147,0.04746,0.00028,0.00070,0.00008
53.21000,1.98000,0.99555,0.00141,0.00256,0.00022,0.00026
53.41000,1.98000,0.99111,0.00445,0.00427,0.00007,0.00011
53.61000,1.98000,0.96938,0.00493,0.02496,0.00009,0.00064
53.81000,1.98000,0.87420,0.00486,0.11805,0.00107,0.00181
54.01000,1.98000,0.87837,0.02458,0.09224,0.00086,0.00395
54.21000,1.98000,0.96184,0.02267,0.01333,0.00030,0.00186
54.41000,1.98000,0.89126,0.06956,0.03553,0.00010,0.00354
54.61000,1.98000,0.99039,0.00153,0.00620,0.00000,0.00188
54.81000,1.98000,0.99405,0.00049,0.00525,0.00000,0.00020
55.01000,1.98000,0.98541,0.00009,0.01426,0.00000,0.00024
55.21000,1.98000,0.99591,0.00080,0.00286,0.00000,0.00043
55.41000,1.98000,0.98426,0.00038,0.01456,0.00000,0.00080
55.61000,1.98000,0.99740,0.00021,0.00235,0.00000,0.00004
55.81000,1.98000,0.97512,0.00022,0.02449,0.00000,0.00017
56.01000,1.98000,0.97400,0.00000,0.02590,0.00000,0.00010
56.21000,1.98000,0.90500,0.00000,0.09493,0.00000,0.00007
56.41000,1.98000,0.91746,0.00000,0.08245,0.00000,0.00009
56.61000,1.98000,0.95990,0.00001,0.04006,0.00000,0.00003
56.81000,1.98000,0.98680,0.00001,0.01315,0.00000,0.00004
57.01000,1.98000,0.98544,0.00003,0.01449,0.00000,0.00004
57.21000,1.98000,0.88667,0.00002,0.11267,0.00000,0.00064
57.41000,1.98000,0.95889,0.00001,0.04089,0.00000,0.00022
57.61000,1.98000,0.99290,0.00001,0.00680,0.00000,0.00029
57.81000,1.98000,0.99949,0.00001,0.00049,0.00000,0.00001
58.01000,1.98000,0.99923,0.00043,0.00024,0.00003,0.00007
58.21000,1.98000,0.99972,0.00023,0.00003,0.00001,0.00001
58.41000,1.98000,0.99781,0.00166,0.00037,0.00007,0.00009
58.61000,1.98000,0.99301,0.00649,0.00030,0.00011,0.00010
58.81000,1.98000,0.98183,0.01553,0.00189,0.00064,0.00011
59.01000,1.98000,0.74845,0.24372,0.00247,0.00505,0.00030
59.21000,1.98000,0.92982,0.06910,0.00045,0.00060,0.00004
59.41000,1.98000,0.98190,0.01721,0.00059,0.00029,0.00002
59.61000,1.98000,0.99796,0.00153,0.00040,0.00010,0.00000
59.81000,1.98000,0.99806,0.00031,0.00132,0.00030,0.00001
60.01000,1.98000,0.99868,0.00047,0.00058,0.00026,0.00000
60.21000,1.98000,0.95724,0.00058,0.01682,0.02520,0.00016
60.41000,1.98000,0.98860,0.00041,0.00151,0.00942,0.00006
60.61000,1.98000,0.99395,0.00010,0.00140,0.00452,0.00002
60.81000,1.98000,0.99663,0.00005,0.00042,0.00288,0.00002
61.01000,1.98000,0.99962,0.00000,0.00008,0.00029,0.00000
61.21000,1.98000,0.99987,0.00000,0.00003,0.00009,0.00001
61.41000,1.98000,0.99980,0.00000,0.00006,0.00013,0.00001
61.61000,1.98000,0.99981,0.00000,0.00005,0.00011,0.00003
61.81000,1.98000,0.99994,0.00000,0.00002,0.00003,0.00000
62.01000,1.98000,0.99947,0.00009,0.00011,0.00028,0.00005
62.21000,1.98000,0.99882,0.00093,0.00010,0.00012,0.00002
62.41000,1.98000,0.97567,0.02279,0.00030,0.00050,0.00074
62.61000,1.98000,0.86576,0.12769,0.00248,0.00323,0.00084
62.81000,1.98000,0.78202,0.20328,0.00425,0.00773,0.00273
63.01000,1.98000,0.90911,0.08887,0.00050,0.00120,0.00032
63.21000,1.98000,0.99643,0.00301,0.00033,0.00021,0.00001
63.41000,1.98000,0.99459,0.00488,0.00032,0.00016,0.00005
63.61000,1.98000,0.99908,0.00084,0.00006,0.00002,0.00000
63.81000,1.98000,0.99800,0.00192,0.00004,0.00002,0.00002
64.01000,1.98000,0.99917,0.00054,0.00028,0.00000,0.00001
64.21000,1.98000,0.99943,0.00014,0.00040,0.00000,0.00002
64.41000,1.98000,0.99763,0.00038,0.00193,0.00000,0.00006
64.61000,1.98000,0.98902,0.00741,0.00333,0.00000,0.00023
64.81000,1.98000,0.99107,0.00856,0.00033,0.00000,0.00003
65.01000,1.98000,0.99408,0.00540,0.00048,0.00000,0.00005
65.21000,1.98000,0.99169,0.00816,0.00013,0.00000,0.00002
65.41000,1.98000,0.99052,0.00927,0.00018,0.00000,0.00003
65.61000,1.98000,0.99117,0.00881,0.00002,0.00000,0.00001
65.81000,1.98000,0.96513,0.03481,0.00005,0.00000,0.00001
66.01000,1.98000,0.63431,0.36552,0.00013,0.00000,0.00003
66.21000,1.98000,0.42674,0.57289,0.00029,0.00004,0.00004
66.41000,1.98000,0.88358,0.11610,0.00020,0.00009,0.00004
66.61000,1.98000,0.98710,0.01215,0.00049,0.00023,0.00004
66.81000,1.98000,0.99643,0.00202,0.00116,0.00038,0.00002
67.01000,1.98000,0.99952,0.00024,0.00015,0.00009,0.00000
67.21000,1.98000,0.99654,0.00001,0.00232,0.00111,0.00001
67.41000,1.98000,0.99882,0.00002,0.00090,0.00024,0.00002
67.61000,1.98000,0.99627,0.00011,0.00187,0.00172,0.00003
67.81000,1.98000,0.99202,0.00015,0.00307,0.00439,0.00038
68.01000,1.98000,0.99213,0.00026,0.00305,0.00441,0.00015
68.21000,1.98000,0.98475,0.00022,0.00910,0.00580,0.00013
68.41000,1.98000,0.98340,0.00105,0.00452,0.01091,0.00013
68.61000,1.98000,0.99924,0.00027,0.00013,0.00032,0.00004
68.81000,1.98000,0.99931,0.00031,0.00007,0.00025,0.00006
69.01000,1.98000,0.99834,0.00108,0.00011,0.00043,0.00003
69.21000,1.98000,0.99924,0.00067,0.00001,0.00007,0.00001
69.41000,1.98000,0.99071,0.00900,0.00010,0.00016,0.00003
69.61000,1.98000,0.98846,0.01142,0.00004,0.00008,0.00001
69.81000,1.98000,0.40172,0.58515,0.00238,0.01043,0.00033
70.01000,1.98000,0.65586,0.33839,0.00147,0.00400,0.00028
70.21000,1.98000,0.96191,0.03680,0.00049,0.00077,0.00003
70.41000,1.98000,0.99859,0.00115,0.00022,0.00004,0.00000
70.61000,1.98000,0.99977,0.00002,0.00018,0.00004,0.00000
70.81000,1.98000,0.99989,0.00000,0.00009,0.00001,0.00000
71.01000,1.98000,0.99992,0.00000,0.00006,0.00002,0.00000
71.21000,1.98000,0.99992,0.00000,0.00004,0.00003,0.00000
71.41000,1.98000,0.99995,0.00000,0.00002,0.00003,0.00000
71.61000,1.98000,0.99998,0.00000,0.00000,0.00001,0.00000
71.81000,1.98000,0.99998,0.00000,0.00001,0.00002,0.00000
72.01000,1.98000,0.99998,0.00000,0.00001,0.00002,0.00000
72.21000,1.98000,0.99997,0.00000,0.00001,0.00002,0.00000
72.41000,1.98000,0.99997,0.00000,0.00001,0.00002,0.00000
72.61000,1.98000,0.99997,0.00000,0.00001,0.00003,0.00000
72.81000,1.98000,0.99999,0.00000,0.00000,0.00001,0.00000
73.01000,1.98000,1.00000,0.00000,0.00000,0.00000,0.00000
73.21000,1.98000,0.99997,0.00002,0.00000,0.00000,0.00000
73.41000,1.98000,0.99977,0.00023,0.00000,0.00000,0.00000
73.61000,1.98000,0.99744,0.00255,0.00000,0.00000,0.00000
73.81000,1.98000,0.97394,0.02600,0.00002,0.00001,0.00003
74.01000,1.98000,0.89886,0.10089,0.00006,0.00005,0.00014
74.21000,1.98000,0.76893,0.23065,0.00007,0.00002,0.00033
74.41000,1.98000,0.98985,0.01013,0.00001,0.00000,0.00001
74.61000,1.98000,0.99002,0.00987,0.00009,0.00000,0.00002
74.81000,1.98000,0.99686,0.00118,0.00166,0.00001,0.00029
75.01000,1.98000,0.95161,0.04416,0.00277,0.00003,0.00143
75.21000,1.98000,0.99470,0.00169,0.00320,0.00002,0.00039
75.41000,1.98000,0.98778,0.00354,0.00573,0.00015,0.00281
75.61000,1.98000,0.97461,0.00314,0.01731,0.00007,0.00487
75.81000,1.98000,0.99059,0.00142,0.00746,0.00000,0.00053
76.01000,1.98000,0.97648,0.00796,0.01353,0.00001,0.00202
76.21000,1.98000,0.96698,0.01077,0.02069,0.00004,0.00152
76.41000,1.98000,0.96470,0.03192,0.00280,0.00002,0.00056
76.61000,1.98000,0.95517,0.04171,0.00246,0.00004,0.00062
76.81000,1.98000,0.89811,0.10123,0.00049,0.00002,0.00015
77.01000,1.98000,0.94733,0.05252,0.00011,0.00000,0.00004
77.21000,1.98000,0.90449,0.09536,0.00008,0.00000,0.00006
77.41000,1.98000,0.75352,0.24635,0.00009,0.00001,0.00005
77.61000,1.98000,0.48599,0.51392,0.00004,0.00001,0.00004
77.81000,1.98000,0.51676,0.48311,0.00006,0.00005,0.00002
78.01000,1.98000,0.64895,0.35047,0.00022,0.00030,0.00005
78.21000,1.98000,0.98528,0.01442,0.00016,0.00014,0.00000
78.41000,1.98000,0.99250,0.00649,0.00042,0.00059,0.00001
78.61000,1.98000,0.99831,0.00044,0.00046,0.00079,0.00000
78.81000,1.98000,0.99940,0.00003,0.00027,0.00030,0.00000
79.01000,1.98000,0.99990,0.00000,0.00006,0.00004,0.00000
79.21000,1.98000,0.99997,0.00000,0.00001,0.00002,0.00000
79.41000,1.98000,0.99990,0.00000,0.00004,0.00006,0.00000
79.61000,1.98000,0.99997,0.00000,0.00002,0.00001,0.00000
79.81000,1.98000,0.99986,0.00001,0.00008,0.00004,0.00001
80.01000,1.98000,0.99975,0.00001,0.00010,0.00008,0.00006
80.21000,1.98000,0.99714,0.00066,0.00076,0.00069,0.00075
80.41000,1.98000,0.99749,0.00095,0.00033,0.00028,0.00096
80.61000,1.98000,0.99317,0.00337,0.00090,0.00046,0.00211
80.81000,1.98000,0.99836,0.00060,0.00018,0.00013,0.00072
81.01000,1.98000,0.99162,0.00663,0.00027,0.00027,0.00121
81.21000,1.98000,0.99873,0.00067,0.00002,0.00005,0.00053
81.41000,1.98000,0.98466,0.01475,0.00003,0.00032,0.00023
81.61000,1.98000,0.94669,0.05121,0.00006,0.00079,0.00125
81.81000,1.98000,0.78963,0.20887,0.00010,0.00096,0.00044
82.01000,1.98000,0.76541,0.23337,0.00008,0.00074,0.00040
82.21000,1.98000,0.81626,0.18257,0.00008,0.00086,0.00023
82.41000,1.98000,0.76246,0.23711,0.00015,0.00021,0.00007
82.61000,1.98000,0.69916,0.29946,0.00086,0.00044,0.00008
82.81000,1.98000,0.81882,0.18052,0.00036,0.00012,0.00018
83.01000,1.98000,0.95621,0.04129,0.00202,0.00021,0.00027
83.21000,1.98000,0.94516,0.03212,0.01924,0.00114,0.00234
83.41000,1.98000,0.95559,0.03632,0.00701,0.00022,0.00085
83.61000,1.98000,0.97511,0.02016,0.00442,0.00008,0.00023
83.81000,1.98000,0.98743,0.00516,0.00708,0.00001,0.00032
84.01000,1.98000,0.97312,0.00087,0.02569,0.00001,0.00031
84.21000,1.98000,0.88802,0.00646,0.07403,0.00022,0.03126
84.41000,1.98000,0.84621,0.00242,0.13598,0.00058,0.01480
84.61000,1.98000,0.97531,0.00024,0.01832,0.00030,0.00583
84.81000,1.98000,0.99361,0.00002,0.00504,0.00009,0.00124
85.01000,1.98000,0.99852,0.00004,0.00114,0.00003,0.00027
85.21000,1.98000,0.99851,0.00050,0.00058,0.00010,0.00031
85.41000,1.98000,0.99892,0.00046,0.00028,0.00006,0.00027
85.61000,1.98000,0.99705,0.00243,0.00015,0.00014,0.00023
85.81000,1.98000,0.99183,0.00537,0.00023,0.00217,0.00039
86.01000,1.98000,0.78863,0.16126,0.00449,0.04018,0.00545
86.21000,1.98000,0.88948,0.07450,0.00163,0.02940,0.00497
86.41000,1.98000,0.99758,0.00179,0.00010,0.00046,0.00007
86.61000,1.98000,0.99985,0.00006,0.00003,0.00005,0.00001
86.81000,1.98000,0.99984,0.00002,0.00006,0.00007,0.00002
87.01000,1.98000,0.99962,0.00000,0.00009,0.00023,0.00006
87.21000,1.98000,0.99959,0.00000,0.00018,0.00022,0.00001
87.41000,1.98000,0.99910,0.00000,0.00025,0.00062,0.00003
87.61000,1.98000,0.99888,0.00001,0.00035,0.00068,0.00008
87.81000,1.98000,0.99976,0.00001,0.00006,0.00013,0.00004
88.01000,1.98000,0.99947,0.00010,0.00025,0.00013,0.00006
88.21000,1.98000,0.99880,0.00080,0.00015,0.00005,0.00019
88.41000,1.98000,0.99706,0.00172,0.00086,0.00006,0.00030
88.61000,1.98000,0.99277,0.00549,0.00111,0.00011,0.00051
88.81000,1.98000,0.98132,0.01584,0.00123,0.00047,0.00113
89.01000,1.98000,0.83484,0.14666,0.00518,0.00230,0.01102
89.21000,1.98000,0.98078,0.01471,0.00140,0.00031,0.00280
89.41000,1.98000,0.92090,0.07853,0.00015,0.00004,0.00037
89.61000,1.98000,0.98393,0.01547,0.00017,0.00007,0.00036
89.81000,1.98000,0.98235,0.01669,0.00019,0.00018,0.00058
90.01000,1.98000,0.95143,0.04790,0.00005,0.00028,0.00035
90.21000,1.98000,0.75152,0.24701,0.00006,0.00064,0.00077
90.41000,1.98000,0.43781,0.54776,0.00065,0.01095,0.00284
90.61000,1.98000,0.28728,0.67735,0.00146,0.02909,0.00482
90.81000,1.98000,0.95019,0.04520,0.00072,0.00253,0.00136
91.01000,1.98000,0.99665,0.00271,0.00013,0.00042,0.00009
91.21000,1.98000,0.99914,0.00016,0.00021,0.00046,0.00003
91.41000,1.98000,0.99845,0.00002,0.00036,0.00109,0.00008
91.61000,1.98000,0.99921,0.00000,0.00029,0.00047,0.00003
91.81000,1.98000,0.99725,0.00001,0.00137,0.00134,0.00003
92.01000,1.98000,0.99945,0.00000,0.00043,0.00010,0.00002
92.21000,1.98000,0.99429,0.00000,0.00549,0.00017,0.00005
92.41000,1.98000,0.98855,0.00003,0.01113,0.00024,0.00004
92.61000,1.98000,0.97650,0.00038,0.02276,0.00032,0.00003
92.81000,1.98000,0.98149,0.00158,0.01679,0.00010,0.00004
93.01000,1.98000,0.99278,0.00068,0.00654,0.00000,0.00000
93.21000,1.98000,0.97191,0.00085,0.02722,0.00001,0.00000
93.41000,1.98000,0.99175,0.00010,0.00814,0.00000,0.00000
93.61000,1.98000,0.98896,0.00020,0.01084,0.00000,0.00000
93.81000,1.98000,0.98829,0.00012,0.01159,0.00000,0.00000
94.01000,1.98000,0.99511,0.00034,0.00455,0.00000,0.00000
94.21000,1.98000,0.99694,0.00068,0.00238,0.00001,0.00000
94.41000,1.98000,0.99556,0.00170,0.00265,0.00005,0.00005
94.61000,1.98000,0.99883,0.00037,0.00072,0.00005,0.00003
94.81000,1.98000,0.96076,0.03758,0.00128,0.00017,0.00020
95.01000,1.98000,0.99439,0.00533,0.00021,0.00003,0.00004
95.21000,1.98000,0.94485,0.05495,0.00009,0.00003,0.00008
95.41000,1.98000,0.92178,0.07796,0.00017,0.00003,0.00006
95.61000,1.98000,0.46118,0.53825,0.00021,0.00023,0.00013
95.81000,1.98000,0.61383,0.38580,0.00005,0.00017,0.00015
96.01000,1.98000,0.69345,0.30543,0.00038,0.00054,0.00021
96.21000,1.98000,0.87260,0.12692,0.00020,0.00010,0.00017
96.41000,1.98000,0.90923,0.09067,0.00007,0.00002,0.00001
96.61000,1.98000,0.97914,0.02064,0.00015,0.00001,0.00006
96.81000,1.98000,0.99540,0.00284,0.00171,0.00003,0.00003
97.01000,1.98000,0.99711,0.00213,0.00066,0.00001,0.00009
97.21000,1.98000,0.99800,0.00091,0.00105,0.00001,0.00003
97.41000,1.98000,0.99793,0.00083,0.00121,0.00000,0.00003
97.61000,1.98000,0.99792,0.00060,0.00147,0.00000,0.00001
97.81000,1.98000,0.98369,0.00024,0.01605,0.00000,0.00003
98.01000,1.98000,0.99840,0.00007,0.00152,0.00000,0.00001
98.21000,1.98000,0.98422,0.00008,0.01568,0.00000,0.00002
98.41000,1.98000,0.99801,0.00002,0.00197,0.00000,0.00000
98.61000,1.98000,0.99682,0.00026,0.00291,0.00000,0.00001
98.81000,1.98000,0.99897,0.00040,0.00063,0.00000,0.00000
99.01000,1.98000,0.99604,0.00294,0.00102,0.00000,0.00000
99.21000,1.98000,0.99723,0.00272,0.00006,0.00000,0.00000
99.41000,1.98000,0.97494,0.02366,0.00137,0.00001,0.00003
99.61000,1.98000,0.84455,0.15272,0.00262,0.00008,0.00004
99.81000,1.98000,0.91384,0.08490,0.00119,0.00004,0.00002
100.01000,1.98000,0.98650,0.01131,0.00214,0.00004,0.00001
100.21000,1.98000,0.99315,0.00544,0.00134,0.00006,0.00001
100.41000,1.98000,0.99916,0.00012,0.00069,0.00003,0.00000
100.61000,1.98000,0.99997,0.00000,0.00002,0.00000,0.00000
100.81000,1.98000,0.99985,0.00000,0.00009,0.00006,0.00000
101.01000,1.98000,0.99980,0.00000,0.00010,0.00009,0.00001
101.21000,1.98000,0.99970,0.00000,0.00010,0.00019,0.00001
101.41000,1.98000,0.99964,0.00000,0.00009,0.00025,0.00002
101.61000,1.98000,0.99972,0.00000,0.00007,0.00016,0.00005
101.81000,1.98000,0.99860,0.00001,0.00016,0.00069,0.00054
102.01000,1.98000,0.99730,0.00003,0.00036,0.00130,0.00102
102.21000,1.98000,0.99951,0.00002,0.00005,0.00017,0.00025
102.41000,1.98000,0.99975,0.00008,0.00002,0.00005,0.00011
102.61000,1.98000,0.99814,0.00139,0.00004,0.00016,0.00028
102.81000,1.98000,0.99598,0.00360,0.00002,0.00018,0.00022
103.01000,1.98000,0.97659,0.02255,0.00003,0.00015,0.00068
103.21000,1.98000,0.55733,0.44229,0.00002,0.00014,0.00022
103.41000,1.98000,0.58393,0.41599,0.00000,0.00002,0.00006
103.61000,1.98000,0.72050,0.27948,0.00001,0.00000,0.00001
103.81000,1.98000,0.92085,0.07912,0.00002,0.00000,0.00001
104.01000,1.98000,0.81289,0.18708,0.00002,0.00000,0.00001
104.21000,1.98000,0.96280,0.03713,0.00006,0.00000,0.00001
104.41000,1.98000,0.98926,0.01034,0.00033,0.00000,0.00007
104.61000,1.98000,0.97937,0.01988,0.00070,0.00000,0.00004
104.81000,1.98000,0.99496,0.00415,0.00079,0.00000,0.00010
105.01000,1.98000,0.99907,0.00045,0.00046,0.00000,0.00002
105.21000,1.98000,0.99209,0.00207,0.00540,0.00011,0.00034
105.41000,1.98000,0.97883,0.00064,0.01953,0.00007,0.00094
105.61000,1.98000,0.99497,0.00083,0.00398,0.00002,0.00021
105.81000,1.98000,0.99837,0.00008,0.00139,0.00000,0.00016
106.01000,1.98000,0.99569,0.00006,0.00367,0.00000,0.00057
106.21000,1.98000,0.98627,0.00006,0.01271,0.00000,0.00097
106.41000,1.98000,0.98343,0.00044,0.01427,0.00000,0.00186
106.61000,1.98000,0.98224,0.00039,0.01651,0.00000,0.00086
106.81000,1.98000,0.99372,0.00122,0.00473,0.00000,0.00032
107.01000,1.98000,0.98624,0.00057,0.01245,0.00000,0.00073
107.21000,1.98000,0.97393,0.00074,0.02326,0.00000,0.00207
107.41000,1.98000,0.99765,0.00056,0.00160,0.00000,0.00019
107.61000,1.98000,0.99915,0.00020,0.00060,0.00000,0.00004
107.81000,1.98000,0.99869,0.00101,0.00024,0.00000,0.00006
108.01000,1.98000,0.97006,0.02966,0.00012,0.00000,0.00016
108.21000,1.98000,0.95175,0.04810,0.00011,0.00000,0.00004
108.41000,1.98000,0.96369,0.03611,0.00017,0.00000,0.00002
108.61000,1.98000,0.78856,0.21067,0.00070,0.00001,0.00006
108.81000,1.98000,0.93852,0.06049,0.00094,0.00001,0.00005
109.01000,1.98000,0.96123,0.03816,0.00058,0.00000,0.00002
109.21000,1.98000,0.98489,0.01328,0.00173,0.00000,0.00010
109.41000,1.98000,0.94974,0.02490,0.02472,0.00014,0.00050
109.61000,1.98000,0.94642,0.00316,0.05000,0.00005,0.00037
109.81000,1.98000,0.96430,0.00408,0.03131,0.00006,0.00024
110.01000,1.98000,0.98022,0.00182,0.01760,0.00002,0.00034
110.21000,1.98000,0.97041,0.00074,0.02506,0.00012,0.00366
110.41000,1.98000,0.96762,0.01333,0.01200,0.00005,0.00701
110.61000,1.98000,0.93667,0.00183,0.05755,0.00020,0.00375
110.81000,1.98000,0.92843,0.05640,0.01227,0.00034,0.00256
111.01000,1.98000,0.99773,0.00136,0.00067,0.00006,0.00018
111.21000,1.98000,0.99141,0.00515,0.00292,0.00004,0.00047
111.41000,1.98000,0.98607,0.00153,0.01074,0.00026,0.00140
111.61000,1.98000,0.99272,0.00198,0.00293,0.00032,0.00206
111.81000,1.98000,0.99856,0.00064,0.00035,0.00003,0.00041
112.01000,1.98000,0.99754,0.00200,0.00018,0.00005,0.00023
112.21000,1.98000,0.99475,0.00496,0.00002,0.00007,0.00021
112.41000,1.98000,0.99404,0.00592,0.00001,0.00001,0.00003
112.61000,1.98000,0.98250,0.01735,0.00003,0.00003,0.00009
112.81000,1.98000,0.95535,0.04437,0.00011,0.00006,0.00011
113.01000,1.98000,0.90190,0.09745,0.00025,0.00022,0.00018
113.21000,1.98000,0.89340,0.10649,0.00005,0.00004,0.00003
113.41000,1.98000,0.93475,0.06521,0.00002,0.00000,0.00001
113.61000,1.98000,0.90048,0.09942,0.00009,0.00001,0.00000
113.81000,1.98000,0.92526,0.07374,0.00088,0.00008,0.00004
114.01000,1.98000,0.97892,0.01829,0.00264,0.00011,0.00003
114.21000,1.98000,0.97717,0.02049,0.00221,0.00007,0.00006
114.41000,1.98000,0.98981,0.00570,0.00347,0.00036,0.00066
114.61000,1.98000,0.92662,0.06638,0.00192,0.00087,0.00421
114.81000,1.98000,0.97926,0.01413,0.00411,0.00110,0.00140
115.01000,1.98000,0.99513,0.00165,0.00215,0.00023,0.00085
115.21000,1.98000,0.99889,0.00069,0.00013,0.00007,0.00023
115.41000,1.98000,0.99874,0.00084,0.00006,0.00004,0.00032
115.61000,1.98000,0.99845,0.00132,0.00007,0.00004,0.00012
115.81000,1.98000,0.99684,0.00307,0.00001,0.00000,0.00007
116.01000,1.98000,0.98391,0.01567,0.00011,0.00003,0.00029
116.21000,1.98000,0.91421,0.08345,0.00105,0.00060,0.00068
116.41000,1.98000,0.78437,0.20505,0.00487,0.00420,0.00151
116.61000,1.98000,0.95518,0.04343,0.00065,0.00044,0.00031
116.81000,1.98000,0.98769,0.01166,0.00047,0.00010,0.00007
117.01000,1.98000,0.99889,0.00078,0.00028,0.00004,0.00001
117.21000,1.98000,0.99982,0.00001,0.00016,0.00001,0.00001
117.41000,1.98000,0.99960,0.00005,0.00031,0.00001,0.00002
117.61000,1.98000,0.99615,0.00005,0.00340,0.00014,0.00026
117.81000,1.98000,0.98366,0.00024,0.01012,0.00068,0.00529
118.01000,1.98000,0.96349,0.00024,0.01610,0.00094,0.01923
118.21000,1.98000,0.97907,0.00014,0.00375,0.00016,0.01688
118.41000,1.98000,0.86225,0.01494,0.04367,0.00120,0.07795
118.61000,1.98000,0.97595,0.00816,0.00307,0.00015,0.01267
118.81000,1.98000,0.98371,0.01154,0.00097,0.00002,0.00376
119.01000,1.98000,0.98757,0.01048,0.00085,0.00002,0.00108
119.21000,1.98000,0.93133,0.06077,0.00490,0.00048,0.00252
119.41000,1.98000,0.66946,0.28999,0.02106,0.01521,0.00428
119.61000,1.98000,0.64101,0.31382,0.01665,0.02525,0.00328
119.81000,1.98000,0.99187,0.00619,0.00110,0.00080,0.00005
120.01000,1.98000,0.99969,0.00018,0.00010,0.00004,0.00000
120.21000,1.98000,0.99990,0.00003,0.00003,0.00003,0.00000
120.41000,1.98000,0.99918,0.00004,0.00031,0.00048,0.00000
120.61000,1.98000,0.99982,0.00000,0.00011,0.00007,0.00000
120.81000,1.98000,0.99937,0.00000,0.00030,0.00032,0.00000
121.01000,1.98000,0.99942,0.00001,0.00021,0.00035,0.00001
121.21000,1.98000,0.99751,0.00005,0.00139,0.00102,0.00002
121.41000,1.98000,0.98689,0.00023,0.00663,0.00577,0.00048
121.61000,1.98000,0.99768,0.00017,0.00131,0.00063,0.00021
121.81000,1.98000,0.99888,0.00009,0.00078,0.00014,0.00011
122.01000,1.98000,0.99953,0.00008,0.00035,0.00002,0.00001
122.21000,1.98000,0.99957,0.00026,0.00011,0.00002,0.00003
122.41000,1.98000,0.99797,0.00193,0.00005,0.00003,0.00002
122.61000,1.98000,0.99237,0.00737,0.00020,0.00003,0.00003
122.81000,1.98000,0.97215,0.02697,0.00057,0.00019,0.00012
123.01000,1.98000,0.78867,0.20999,0.00030,0.00087,0.00016
123.21000,1.98000,0.74950,0.24975,0.00014,0.00054,0.00007
123.41000,1.98000,0.98938,0.01053,0.00006,0.00002,0.00000
123.61000,1.98000,0.97587,0.02403,0.00006,0.00004,0.00000
123.81000,1.98000,0.99930,0.00066,0.00004,0.00000,0.00000
124.01000,1.98000,0.99536,0.00451,0.00012,0.00000,0.00000
124.21000,1.98000,0.99901,0.00094,0.00004,0.00000,0.00000
124.41000,1.98000,0.98550,0.01434,0.00014,0.00001,0.00002
124.61000,1.98000,0.98131,0.01795,0.00054,0.00004,0.00017
124.81000,1.98000,0.94611,0.05277,0.00081,0.00003,0.00028
125.01000,1.98000,0.98451,0.01477,0.00057,0.00003,0.00012
125.21000,1.98000,0.94315,0.05584,0.00092,0.00001,0.00008
125.41000,1.98000,0.92832,0.06977,0.00182,0.00003,0.00006
125.61000,1.98000,0.96300,0.03638,0.00060,0.00001,0.00002
125.81000,1.98000,0.91950,0.07950,0.00098,0.00001,0.00001
126.01000,1.98000,0.93552,0.06419,0.00028,0.00000,0.00001
126.21000,1.98000,0.91280,0.08222,0.00482,0.00011,0.00005
126.41000,1.98000,0.77004,0.19580,0.03307,0.00074,0.00036
126.61000,1.98000,0.95824,0.02399,0.01707,0.00060,0.00010
126.81000,1.98000,0.99771,0.00065,0.00158,0.00003,0.00002
