Time (seconds), Duration (seconds),pred_(unlabeled),pred_On,pred_Off,pred_Dimmer,pred_Lighter
0.01000,1.98000,0.99685,0.00006,0.00257,0.00051,0.00001
0.21000,1.98000,0.99467,0.00028,0.00428,0.00075,0.00001
0.41000,1.98000,0.99381,0.00026,0.00561,0.00032,0.00001
0.61000,1.98000,0.99388,0.00031,0.00547,0.00033,0.00001
0.81000,1.98000,0.98895,0.00059,0.00981,0.00062,0.00003
1.01000,1.98000,0.99323,0.00057,0.00586,0.00029,0.00005
1.21000,1.98000,0.99423,0.00004,0.00563,0.00006,0.00003
1.41000,1.98000,0.99250,0.00047,0.00687,0.00012,0.00005
1.61000,1.98000,0.99593,0.00004,0.00396,0.00002,0.00004
1.81000,1.98000,0.99548,0.00017,0.00426,0.00002,0.00007
2.01000,1.98000,0.99407,0.00004,0.00548,0.00002,0.00038
2.21000,1.98000,0.99449,0.00022,0.00327,0.00007,0.00195
2.41000,1.98000,0.97949,0.00013,0.01436,0.00064,0.00538
2.61000,1.98000,0.98791,0.00009,0.00991,0.00034,0.00175
2.81000,1.98000,0.99616,0.00003,0.00330,0.00033,0.00018
3.01000,1.98000,0.99859,0.00002,0.00090,0.00039,0.00010
3.21000,1.98000,0.99867,0.00003,0.00063,0.00062,0.00005
3.41000,1.98000,0.99962,0.00000,0.00013,0.00022,0.00003
3.61000,1.98000,0.99942,0.00000,0.00025,0.00032,0.00001
3.81000,1.98000,0.99782,0.00000,0.00069,0.00147,0.00001
4.01000,1.98000,0.99226,0.00001,0.00143,0.00628,0.00002
4.21000,1.98000,0.99971,0.00000,0.00004,0.00024,0.00000
4.41000,1.98000,0.99948,0.00000,0.00015,0.00035,0.00001
4.61000,1.98000,0.99989,0.00000,0.00003,0.00007,0.00000
4.81000,1.98000,0.99990,0.00000,0.00004,0.00005,0.00001
5.01000,1.98000,0.99993,0.00000,0.00002,0.00004,0.00001
5.21000,1.98000,0.99993,0.00000,0.00002,0.00003,0.00002
5.41000,1.98000,0.99970,0.00000,0.00007,0.00018,0.00005
5.61000,1.98000,0.99949,0.00000,0.00014,0.00027,0.00009
5.81000,1.98000,0.99962,0.00000,0.00007,0.00017,0.00014
6.01000,1.98000,0.99986,0.00000,0.00004,0.00005,0.00006
6.21000,1.98000,0.99991,0.00000,0.00002,0.00003,0.00004
6.41000,1.98000,0.99991,0.00000,0.00003,0.00003,0.00003
6.61000,1.98000,0.99996,0.00000,0.00001,0.00001,0.00002
6.81000,1.98000,0.99998,0.00000,0.00001,0.00001,0.00001
7.01000,1.98000,0.99998,0.00000,0.00000,0.00000,0.00001
7.21000,1.98000,0.99997,0.00000,0.00001,0.00001,0.00001
7.41000,1.98000,0.99997,0.00000,0.00000,0.00001,0.00002
7.61000,1.98000,0.99997,0.00000,0.00000,0.00001,0.00002
7.81000,1.98000,0.99998,0.00000,0.00000,0.00000,0.00001
8.01000,1.98000,0.99991,0.00000,0.00001,0.00004,0.00004
8.21000,1.98000,0.99995,0.00000,0.00001,0.00002,0.00002
8.41000,1.98000,0.99995,0.00000,0.00001,0.00003,0.00001
8.61000,1.98000,0.99972,0.00000,0.00006,0.00020,0.00002
8.81000,1.98000,0.99971,0.00000,0.00008,0.00020,0.00001
9.01000,1.98000,0.99987,0.00000,0.00003,0.00010,0.00001
9.21000,1.98000,0.99991,0.00000,0.00003,0.00005,0.00000
9.41000,1.98000,0.99976,0.00000,0.00009,0.00014,0.00001
9.61000,1.98000,0.99991,0.00000,0.00004,0.00004,0.00000
9.81000,1.98000,0.99996,0.00000,0.00001,0.00003,0.00000
10.01000,1.98000,0.99995,0.00000,0.00003,0.00002,0.00000
10.21000,1.98000,0.99996,0.00000,0.00001,0.00002,0.00000
10.41000,1.98000,0.99994,0.00000,0.00001,0.00004,0.00002
10.61000,1.98000,0.99957,0.00000,0.00004,0.00024,0.00014
10.81000,1.98000,0.99682,0.00000,0.00016,0.00089,0.00213
11.01000,1.98000,0.90835,0.00014,0.00420,0.01949,0.06781
11.21000,1.98000,0.88753,0.00009,0.00483,0.01721,0.09033
11.41000,1.98000,0.94343,0.00032,0.00290,0.01415,0.03921
11.61000,1.98000,0.87562,0.00123,0.00320,0.01542,0.10453
11.81000,1.98000,0.97449,0.00165,0.00173,0.00196,0.02017
12.01000,1.98000,0.99733,0.00013,0.00059,0.00031,0.00164
12.21000,1.98000,0.99371,0.00121,0.00105,0.00138,0.00264
12.41000,1.98000,0.99181,0.00139,0.00148,0.00129,0.00404
12.61000,1.98000,0.99602,0.00103,0.00110,0.00089,0.00096
12.81000,1.98000,0.99626,0.00085,0.00060,0.00122,0.00108
13.01000,1.98000,0.99418,0.00260,0.00073,0.00166,0.00083
13.21000,1.98000,0.99405,0.00113,0.00067,0.00319,0.00097
13.41000,1.98000,0.99841,0.00034,0.00022,0.00074,0.00028
13.61000,1.98000,0.99976,0.00002,0.00003,0.00009,0.00011
13.81000,1.98000,0.99969,0.00001,0.00003,0.00011,0.00016
14.01000,1.98000,0.99952,0.00000,0.00011,0.00016,0.00022
14.21000,1.98000,0.99937,0.00000,0.00019,0.00020,0.00024
14.41000,1.98000,0.99959,0.00000,0.00015,0.00018,0.00009
14.61000,1.98000,0.99854,0.00001,0.00026,0.00081,0.00039
14.81000,1.98000,0.99963,0.00000,0.00007,0.00021,0.00008
15.01000,1.98000,0.99991,0.00000,0.00001,0.00004,0.00005
15.21000,1.98000,0.99987,0.00000,0.00005,0.00005,0.00002
15.41000,1.98000,0.99994,0.00000,0.00000,0.00001,0.00005
15.61000,1.98000,0.99991,0.00000,0.00001,0.00004,0.00004
15.81000,1.98000,0.99874,0.00000,0.00003,0.00028,0.00095
16.01000,1.98000,0.90545,0.00012,0.00242,0.01231,0.07970
16.21000,1.98000,0.83642,0.00002,0.00079,0.00921,0.15355
16.41000,1.98000,0.91088,0.00007,0.00481,0.01906,0.06519
16.61000,1.98000,0.94414,0.00003,0.00159,0.00800,0.04624
16.81000,1.98000,0.98500,0.00017,0.00044,0.00172,0.01267
17.01000,1.98000,0.99668,0.00006,0.00007,0.00030,0.00289
17.21000,1.98000,0.99760,0.00002,0.00049,0.00069,0.00120
17.41000,1.98000,0.99625,0.00002,0.00109,0.00179,0.00084
17.61000,1.98000,0.99876,0.00002,0.00046,0.00049,0.00026
17.81000,1.98000,0.99911,0.00009,0.00037,0.00032,0.00012
18.01000,1.98000,0.99928,0.00006,0.00008,0.00054,0.00005
18.21000,1.98000,0.99892,0.00031,0.00010,0.00063,0.00004
18.41000,1.98000,0.99952,0.00004,0.00004,0.00037,0.00004
18.61000,1.98000,0.99986,0.00000,0.00002,0.00011,0.00000
18.81000,1.98000,0.99984,0.00000,0.00002,0.00013,0.00000
19.01000,1.98000,0.99979,0.00000,0.00005,0.00016,0.00000
19.21000,1.98000,0.99995,0.00000,0.00000,0.00004,0.00000
19.41000,1.98000,0.99999,0.00000,0.00000,0.00000,0.00000
19.61000,1.98000,0.99980,0.00000,0.00001,0.00015,0.00003
19.81000,1.98000,0.99936,0.00000,0.00003,0.00035,0.00026
20.01000,1.98000,0.94526,0.00024,0.00146,0.02558,0.02745
20.21000,1.98000,0.84725,0.00049,0.00723,0.06293,0.08210
20.41000,1.98000,0.73913,0.00036,0.00735,0.09863,0.15453
20.61000,1.98000,0.79563,0.00027,0.01548,0.10575,0.08287
20.81000,1.98000,0.98311,0.00001,0.00087,0.00361,0.01240
21.01000,1.98000,0.99800,0.00000,0.00103,0.00022,0.00075
21.21000,1.98000,0.99985,0.00000,0.00010,0.00002,0.00003
21.41000,1.98000,0.99966,0.00000,0.00019,0.00010,0.00005
21.61000,1.98000,0.99980,0.00000,0.00013,0.00005,0.00002
21.81000,1.98000,0.99887,0.00000,0.00085,0.00020,0.00007
22.01000,1.98000,0.99878,0.00000,0.00067,0.00038,0.00018
22.21000,1.98000,0.97939,0.00006,0.00872,0.00998,0.00184
22.41000,1.98000,0.99624,0.00002,0.00128,0.00201,0.00044
22.61000,1.98000,0.99810,0.00002,0.00068,0.00106,0.00015
22.81000,1.98000,0.99855,0.00001,0.00055,0.00078,0.00011
23.01000,1.98000,0.99945,0.00000,0.00022,0.00032,0.00002
23.21000,1.98000,0.99995,0.00000,0.00001,0.00003,0.00001
23.41000,1.98000,0.99977,0.00000,0.00003,0.00013,0.00007
23.61000,1.98000,0.99962,0.00000,0.00007,0.00022,0.00008
23.81000,1.98000,0.98812,0.00002,0.00103,0.00809,0.00274
24.01000,1.98000,0.88129,0.00018,0.00836,0.06144,0.04873
24.21000,1.98000,0.85942,0.00007,0.00770,0.02652,0.10629
24.41000,1.98000,0.78321,0.00005,0.01462,0.02407,0.17805
24.61000,1.98000,0.89897,0.00001,0.00218,0.00396,0.09488
24.81000,1.98000,0.99115,0.00000,0.00088,0.00023,0.00774
25.01000,1.98000,0.99839,0.00000,0.00047,0.00001,0.00113
25.21000,1.98000,0.99977,0.00000,0.00016,0.00000,0.00007
25.41000,1.98000,0.99998,0.00000,0.00001,0.00000,0.00001
25.61000,1.98000,0.99999,0.00000,0.00001,0.00000,0.00000
25.81000,1.98000,0.99998,0.00000,0.00001,0.00000,0.00000
26.01000,1.98000,0.99994,0.00000,0.00003,0.00000,0.00003
26.21000,1.98000,0.99930,0.00012,0.00026,0.00008,0.00025
26.41000,1.98000,0.99702,0.00122,0.00063,0.00056,0.00056
26.61000,1.98000,0.99387,0.00396,0.00053,0.00094,0.00069
26.81000,1.98000,0.99750,0.00184,0.00007,0.00031,0.00028
27.01000,1.98000,0.99863,0.00102,0.00002,0.00019,0.00014
27.21000,1.98000,0.99945,0.00033,0.00001,0.00011,0.00010
27.41000,1.98000,0.99984,0.00001,0.00002,0.00002,0.00011
27.61000,1.98000,0.99894,0.00001,0.00003,0.00021,0.00082
27.81000,1.98000,0.99315,0.00003,0.00014,0.00078,0.00591
28.01000,1.98000,0.93067,0.00009,0.00049,0.01115,0.05759
28.21000,1.98000,0.75869,0.00010,0.00263,0.00961,0.22896
28.41000,1.98000,0.55412,0.00007,0.00595,0.00953,0.43032
28.61000,1.98000,0.80722,0.00009,0.00652,0.00887,0.17730
28.81000,1.98000,0.98576,0.00003,0.00031,0.00085,0.01306
29.01000,1.98000,0.99265,0.00003,0.00103,0.00042,0.00587
29.21000,1.98000,0.99824,0.00000,0.00027,0.00021,0.00128
29.41000,1.98000,0.99742,0.00003,0.00084,0.00040,0.00130
29.61000,1.98000,0.99607,0.00005,0.00254,0.00087,0.00048
29.81000,1.98000,0.98405,0.00009,0.01009,0.00456,0.00120
30.01000,1.98000,0.97233,0.00028,0.01565,0.01119,0.00055
30.21000,1.98000,0.98639,0.00063,0.00344,0.00935,0.00019
30.41000,1.98000,0.99726,0.00012,0.00098,0.00162,0.00003
30.61000,1.98000,0.99936,0.00001,0.00023,0.00039,0.00000
30.81000,1.98000,0.99948,0.00000,0.00029,0.00022,0.00000
31.01000,1.98000,0.99992,0.00000,0.00005,0.00003,0.00000
31.21000,1.98000,0.99984,0.00000,0.00008,0.00008,0.00000
31.41000,1.98000,0.99933,0.00000,0.00004,0.00062,0.00001
31.61000,1.98000,0.99881,0.00001,0.00006,0.00099,0.00013
31.81000,1.98000,0.96557,0.00013,0.00251,0.02455,0.00724
32.01000,1.98000,0.92256,0.00018,0.00701,0.03271,0.03754
32.21000,1.98000,0.79723,0.00037,0.02070,0.08134,0.10035
32.41000,1.98000,0.80491,0.00049,0.01762,0.05710,0.11988
32.61000,1.98000,0.98059,0.00025,0.00107,0.00425,0.01383
32.81000,1.98000,0.99660,0.00011,0.00067,0.00026,0.00237
33.01000,1.98000,0.99839,0.00004,0.00050,0.00016,0.00091
33.21000,1.98000,0.98218,0.00059,0.00257,0.00157,0.01308
33.41000,1.98000,0.99212,0.00117,0.00261,0.00048,0.00363
33.61000,1.98000,0.95207,0.01275,0.00962,0.00777,0.01779
33.81000,1.98000,0.97415,0.01255,0.00530,0.00524,0.00275
34.01000,1.98000,0.97052,0.02017,0.00045,0.00548,0.00338
34.21000,1.98000,0.97123,0.01237,0.00317,0.00982,0.00340
34.41000,1.98000,0.99673,0.00049,0.00035,0.00181,0.00062
34.61000,1.98000,0.99846,0.00003,0.00047,0.00088,0.00015
34.81000,1.98000,0.99955,0.00001,0.00013,0.00028,0.00004
35.01000,1.98000,0.99958,0.00000,0.00013,0.00024,0.00004
35.21000,1.98000,0.99994,0.00000,0.00001,0.00003,0.00002
35.41000,1.98000,0.99942,0.00000,0.00003,0.00030,0.00025
35.61000,1.98000,0.99427,0.00007,0.00022,0.00153,0.00390
35.81000,1.98000,0.90564,0.00028,0.00725,0.01972,0.06710
36.01000,1.98000,0.89358,0.00007,0.00323,0.00717,0.09596
36.21000,1.98000,0.87145,0.00011,0.00333,0.00395,0.12115
36.41000,1.98000,0.60401,0.00210,0.00684,0.01223,0.37482
36.61000,1.98000,0.98283,0.00043,0.00075,0.00034,0.01565
36.81000,1.98000,0.98999,0.00058,0.00128,0.00031,0.00784
37.01000,1.98000,0.98942,0.00015,0.00448,0.00072,0.00524
37.21000,1.98000,0.97148,0.00271,0.01456,0.00609,0.00516
37.41000,1.98000,0.98343,0.00043,0.01167,0.00085,0.00361
37.61000,1.98000,0.99335,0.00527,0.00089,0.00024,0.00025
37.81000,1.98000,0.98066,0.00781,0.00811,0.00265,0.00078
38.01000,1.98000,0.97988,0.01530,0.00230,0.00204,0.00048
38.21000,1.98000,0.99275,0.00126,0.00307,0.00236,0.00057
38.41000,1.98000,0.99781,0.00043,0.00072,0.00081,0.00023
38.61000,1.98000,0.99826,0.00009,0.00075,0.00070,0.00020
38.81000,1.98000,0.99905,0.00002,0.00026,0.00007,0.00060
39.01000,1.98000,0.99937,0.00001,0.00033,0.00007,0.00022
39.21000,1.98000,0.99729,0.00001,0.00128,0.00040,0.00102
39.41000,1.98000,0.99686,0.00000,0.00124,0.00066,0.00125
39.61000,1.98000,0.99783,0.00000,0.00086,0.00058,0.00073
39.81000,1.98000,0.99554,0.00000,0.00271,0.00129,0.00046
40.01000,1.98000,0.99837,0.00000,0.00085,0.00059,0.00019
40.21000,1.98000,0.99996,0.00000,0.00002,0.00001,0.00002
40.41000,1.98000,0.99989,0.00000,0.00007,0.00001,0.00003
40.61000,1.98000,0.99947,0.00000,0.00008,0.00027,0.00017
40.81000,1.98000,0.99911,0.00001,0.00012,0.00026,0.00050
41.01000,1.98000,0.95637,0.00011,0.00381,0.02119,0.01852
41.21000,1.98000,0.92992,0.00022,0.00471,0.00919,0.05596
41.41000,1.98000,0.77758,0.00020,0.00667,0.02809,0.18745
41.61000,1.98000,0.88149,0.00035,0.01440,0.01202,0.09174
41.81000,1.98000,0.99598,0.00001,0.00013,0.00021,0.00367
42.01000,1.98000,0.99929,0.00000,0.00040,0.00002,0.00029
42.21000,1.98000,0.99986,0.00000,0.00005,0.00002,0.00008
42.41000,1.98000,0.99965,0.00001,0.00016,0.00005,0.00013
42.61000,1.98000,0.99899,0.00002,0.00070,0.00017,0.00012
42.81000,1.98000,0.99844,0.00004,0.00113,0.00016,0.00022
43.01000,1.98000,0.99911,0.00006,0.00048,0.00022,0.00012
43.21000,1.98000,0.99795,0.00042,0.00030,0.00074,0.00060
43.41000,1.98000,0.99801,0.00057,0.00019,0.00061,0.00062
43.61000,1.98000,0.99925,0.00004,0.00005,0.00006,0.00060
43.81000,1.98000,0.99843,0.00032,0.00010,0.00010,0.00105
44.01000,1.98000,0.96877,0.00068,0.00033,0.00067,0.02954
44.21000,1.98000,0.77527,0.00154,0.01776,0.02460,0.18083
44.41000,1.98000,0.38105,0.00077,0.01774,0.02525,0.57519
44.61000,1.98000,0.63051,0.00035,0.03232,0.00820,0.32861
44.81000,1.98000,0.88191,0.00008,0.01804,0.00298,0.09698
45.01000,1.98000,0.98442,0.00001,0.00543,0.00053,0.00961
45.21000,1.98000,0.97534,0.00002,0.01553,0.00062,0.00849
45.41000,1.98000,0.99689,0.00000,0.00231,0.00016,0.00064
45.61000,1.98000,0.97720,0.00003,0.02033,0.00160,0.00085
45.81000,1.98000,0.97744,0.00002,0.01896,0.00272,0.00085
46.01000,1.98000,0.98876,0.00000,0.01033,0.00075,0.00016
46.21000,1.98000,0.97712,0.00003,0.01792,0.00453,0.00041
46.41000,1.98000,0.99637,0.00000,0.00256,0.00104,0.00002
46.61000,1.98000,0.99531,0.00001,0.00284,0.00180,0.00003
46.81000,1.98000,0.99962,0.00000,0.00030,0.00008,0.00000
47.01000,1.98000,0.99973,0.00000,0.00015,0.00012,0.00000
47.21000,1.98000,0.99975,0.00000,0.00013,0.00012,0.00000
47.41000,1.98000,0.99933,0.00000,0.00040,0.00027,0.00001
47.61000,1.98000,0.99975,0.00000,0.00011,0.00014,0.00000
47.81000,1.98000,0.99990,0.00000,0.00005,0.00005,0.00000
48.01000,1.98000,0.99990,0.00000,0.00004,0.00005,0.00000
48.21000,1.98000,0.99995,0.00000,0.00002,0.00003,0.00000
48.41000,1.98000,0.99996,0.00000,0.00001,0.00003,0.00001
48.61000,1.98000,0.99964,0.00000,0.00006,0.00020,0.00009
48.81000,1.98000,0.99880,0.00000,0.00008,0.00078,0.00033
49.01000,1.98000,0.98380,0.00003,0.00039,0.00895,0.00683
49.21000,1.98000,0.88908,0.00016,0.00284,0.07018,0.03774
49.41000,1.98000,0.70666,0.00130,0.00973,0.16776,0.11454
49.61000,1.98000,0.77840,0.00217,0.00750,0.12833,0.08360
49.81000,1.98000,0.98696,0.00055,0.00028,0.00450,0.00772
50.01000,1.98000,0.99652,0.00031,0.00029,0.00053,0.00235
50.21000,1.98000,0.99844,0.00007,0.00072,0.00019,0.00059
50.41000,1.98000,0.99621,0.00051,0.00095,0.00095,0.00139
50.61000,1.98000,0.99868,0.00068,0.00018,0.00023,0.00022
50.81000,1.98000,0.99702,0.00180,0.00015,0.00042,0.00061
51.01000,1.98000,0.98125,0.01477,0.00043,0.00210,0.00145
51.21000,1.98000,0.99797,0.00161,0.00003,0.00015,0.00023
51.41000,1.98000,0.98854,0.00969,0.00009,0.00061,0.00107
51.61000,1.98000,0.99902,0.00019,0.00006,0.00043,0.00030
51.81000,1.98000,0.99937,0.00013,0.00005,0.00035,0.00010
52.01000,1.98000,0.99956,0.00005,0.00003,0.00015,0.00021
52.21000,1.98000,0.99715,0.00005,0.00017,0.00110,0.00154
52.41000,1.98000,0.99821,0.00004,0.00004,0.00068,0.00103
52.61000,1.98000,0.97563,0.00016,0.00075,0.00622,0.01725
52.81000,1.98000,0.76984,0.00062,0.00781,0.05164,0.17008
53.01000,1.98000,0.51367,0.00056,0.04634,0.05492,0.38451
53.21000,1.98000,0.75347,0.00221,0.02226,0.08426,0.13780
53.41000,1.98000,0.94401,0.00031,0.00461,0.01029,0.04079
53.61000,1.98000,0.99491,0.00005,0.00115,0.00106,0.00282
53.81000,1.98000,0.99820,0.00001,0.00113,0.00013,0.00053
54.01000,1.98000,0.99789,0.00002,0.00128,0.00044,0.00037
54.21000,1.98000,0.99897,0.00005,0.00079,0.00014,0.00004
54.41000,1.98000,0.99858,0.00014,0.00093,0.00026,0.00009
54.61000,1.98000,0.99378,0.00036,0.00412,0.00148,0.00026
54.81000,1.98000,0.99692,0.00160,0.00047,0.00089,0.00011
55.01000,1.98000,0.99817,0.00097,0.00023,0.00047,0.00016
55.21000,1.98000,0.99517,0.00194,0.00014,0.00166,0.00109
55.41000,1.98000,0.99212,0.00257,0.00028,0.00264,0.00240
55.61000,1.98000,0.94023,0.00985,0.00083,0.03133,0.01776
55.81000,1.98000,0.74620,0.00490,0.00438,0.12174,0.12278
56.01000,1.98000,0.70755,0.00148,0.00593,0.11784,0.16720
56.21000,1.98000,0.91966,0.00044,0.00139,0.05225,0.02626
56.41000,1.98000,0.98786,0.00015,0.00016,0.00565,0.00619
56.61000,1.98000,0.99902,0.00001,0.00002,0.00027,0.00067
56.81000,1.98000,0.99957,0.00000,0.00013,0.00010,0.00020
57.01000,1.98000,0.99986,0.00000,0.00005,0.00005,0.00004
57.21000,1.98000,0.99989,0.00000,0.00005,0.00004,0.00001
57.41000,1.98000,0.99929,0.00002,0.00043,0.00021,0.00005
57.61000,1.98000,0.99806,0.00010,0.00100,0.00074,0.00009
57.81000,1.98000,0.99862,0.00010,0.00038,0.00077,0.00013
58.01000,1.98000,0.99584,0.00023,0.00130,0.00228,0.00036
58.21000,1.98000,0.99763,0.00003,0.00108,0.00115,0.00011
58.41000,1.98000,0.99951,0.00000,0.00028,0.00019,0.00002
58.61000,1.98000,0.99984,0.00000,0.00007,0.00007,0.00001
58.81000,1.98000,0.99944,0.00000,0.00013,0.00036,0.00007
59.01000,1.98000,0.99905,0.00000,0.00004,0.00074,0.00016
59.21000,1.98000,0.99925,0.00000,0.00004,0.00050,0.00021
59.41000,1.98000,0.94959,0.00011,0.00124,0.02926,0.01980
59.61000,1.98000,0.59445,0.00135,0.01169,0.19470,0.19781
59.81000,1.98000,0.51861,0.00085,0.01145,0.14910,0.32000
60.01000,1.98000,0.60309,0.00127,0.01735,0.15930,0.21899
60.21000,1.98000,0.98119,0.00004,0.00054,0.00266,0.01557
60.41000,1.98000,0.99929,0.00000,0.00036,0.00006,0.00029
60.61000,1.98000,0.99892,0.00000,0.00065,0.00012,0.00031
60.81000,1.98000,0.99934,0.00001,0.00046,0.00007,0.00012
61.01000,1.98000,0.99970,0.00001,0.00018,0.00004,0.00006
61.21000,1.98000,0.99715,0.00006,0.00226,0.00037,0.00017
61.41000,1.98000,0.99601,0.00024,0.00252,0.00098,0.00025
61.61000,1.98000,0.99553,0.00049,0.00167,0.00206,0.00026
61.81000,1.98000,0.99835,0.00037,0.00034,0.00085,0.00008
62.01000,1.98000,0.99988,0.00006,0.00002,0.00004,0.00000
62.21000,1.98000,0.99979,0.00007,0.00001,0.00010,0.00004
62.41000,1.98000,0.99928,0.00021,0.00001,0.00036,0.00013
62.61000,1.98000,0.99797,0.00015,0.00002,0.00107,0.00079
62.81000,1.98000,0.98599,0.00012,0.00061,0.00830,0.00498
63.01000,1.98000,0.92752,0.00025,0.00183,0.01416,0.05624
63.21000,1.98000,0.89503,0.00010,0.00438,0.01233,0.08816
63.41000,1.98000,0.85146,0.00010,0.00252,0.00475,0.14118
63.61000,1.98000,0.96760,0.00001,0.00131,0.00098,0.03011
63.81000,1.98000,0.99928,0.00000,0.00009,0.00001,0.00063
64.01000,1.98000,0.99957,0.00000,0.00013,0.00000,0.00029
64.21000,1.98000,0.99975,0.00000,0.00018,0.00000,0.00006
64.41000,1.98000,0.99962,0.00000,0.00025,0.00001,0.00012
64.61000,1.98000,0.99907,0.00001,0.00063,0.00002,0.00026
64.81000,1.98000,0.98872,0.00055,0.00701,0.00131,0.00242
65.01000,1.98000,0.99384,0.00183,0.00220,0.00102,0.00111
65.21000,1.98000,0.99228,0.00300,0.00166,0.00189,0.00116
65.41000,1.98000,0.99681,0.00140,0.00062,0.00051,0.00066
65.61000,1.98000,0.99260,0.00094,0.00280,0.00254,0.00112
65.81000,1.98000,0.99907,0.00006,0.00026,0.00033,0.00028
66.01000,1.98000,0.99893,0.00001,0.00030,0.00052,0.00024
66.21000,1.98000,0.99928,0.00000,0.00019,0.00021,0.00032
66.41000,1.98000,0.99726,0.00000,0.00038,0.00074,0.00162
66.61000,1.98000,0.99669,0.00000,0.00039,0.00085,0.00207
66.81000,1.98000,0.95755,0.00007,0.00260,0.00816,0.03163
67.01000,1.98000,0.83329,0.00023,0.01051,0.07013,0.08584
67.21000,1.98000,0.49768,0.00038,0.03737,0.10872,0.35584
67.41000,1.98000,0.68608,0.00031,0.04192,0.14264,0.12906
67.61000,1.98000,0.96743,0.00008,0.00225,0.00954,0.02071
67.81000,1.98000,0.99861,0.00000,0.00016,0.00044,0.00079
68.01000,1.98000,0.99892,0.00000,0.00065,0.00022,0.00021
68.21000,1.98000,0.99993,0.00000,0.00003,0.00003,0.00001
68.41000,1.98000,0.99998,0.00000,0.00001,0.00001,0.00000
68.61000,1.98000,0.99999,0.00000,0.00000,0.00001,0.00000
68.81000,1.98000,0.99976,0.00002,0.00004,0.00012,0.00005
69.01000,1.98000,0.99966,0.00006,0.00003,0.00022,0.00004
69.21000,1.98000,0.99878,0.00051,0.00003,0.00060,0.00007
69.41000,1.98000,0.99372,0.00191,0.00015,0.00380,0.00042
69.61000,1.98000,0.99894,0.00039,0.00003,0.00059,0.00005
69.81000,1.98000,0.99890,0.00026,0.00003,0.00077,0.00004
70.01000,1.98000,0.99987,0.00001,0.00001,0.00010,0.00001
70.21000,1.98000,0.99986,0.00000,0.00002,0.00012,0.00000
70.41000,1.98000,0.99997,0.00000,0.00001,0.00002,0.00000
70.61000,1.98000,0.99997,0.00000,0.00001,0.00002,0.00000
70.81000,1.98000,0.99999,0.00000,0.00000,0.00000,0.00000
71.01000,1.98000,0.99996,0.00000,0.00002,0.00002,0.00001
71.21000,1.98000,0.99990,0.00000,0.00002,0.00003,0.00004
71.41000,1.98000,0.99555,0.00002,0.00033,0.00131,0.00277
71.61000,1.98000,0.86686,0.00034,0.00426,0.01895,0.10960
71.81000,1.98000,0.91757,0.00005,0.00416,0.00431,0.07391
72.01000,1.98000,0.69626,0.00010,0.00797,0.00422,0.29146
72.21000,1.98000,0.97726,0.00005,0.00102,0.00041,0.02125
72.41000,1.98000,0.99621,0.00002,0.00049,0.00003,0.00325
72.61000,1.98000,0.99883,0.00001,0.00040,0.00004,0.00071
72.81000,1.98000,0.99719,0.00001,0.00083,0.00017,0.00180
73.01000,1.98000,0.99848,0.00006,0.00085,0.00029,0.00031
73.21000,1.98000,0.98223,0.00007,0.01472,0.00100,0.00199
73.41000,1.98000,0.98431,0.00012,0.01141,0.00244,0.00172
73.61000,1.98000,0.99783,0.00005,0.00144,0.00053,0.00015
73.81000,1.98000,0.99976,0.00001,0.00013,0.00009,0.00001
74.01000,1.98000,0.99967,0.00000,0.00020,0.00011,0.00002
74.21000,1.98000,0.99992,0.00000,0.00004,0.00003,0.00001
74.41000,1.98000,0.99991,0.00000,0.00003,0.00004,0.00002
74.61000,1.98000,0.99978,0.00000,0.00004,0.00012,0.00006
74.81000,1.98000,0.99933,0.00000,0.00003,0.00027,0.00036
75.01000,1.98000,0.96476,0.00005,0.00260,0.01490,0.01769
75.21000,1.98000,0.85739,0.00013,0.00516,0.03936,0.09796
75.41000,1.98000,0.57283,0.00020,0.01758,0.03684,0.37255
75.61000,1.98000,0.73048,0.00027,0.01625,0.04759,0.20542
75.81000,1.98000,0.97845,0.00003,0.00123,0.00202,0.01827
76.01000,1.98000,0.99815,0.00002,0.00032,0.00018,0.00133
76.21000,1.98000,0.99983,0.00000,0.00004,0.00001,0.00012
76.41000,1.98000,0.99963,0.00011,0.00011,0.00004,0.00010
76.61000,1.98000,0.99936,0.00047,0.00005,0.00001,0.00011
76.81000,1.98000,0.99210,0.00676,0.00037,0.00019,0.00059
77.01000,1.98000,0.92257,0.07495,0.00049,0.00104,0.00095
77.21000,1.98000,0.92321,0.07457,0.00023,0.00158,0.00042
77.41000,1.98000,0.96977,0.02994,0.00001,0.00020,0.00007
77.61000,1.98000,0.98956,0.01028,0.00002,0.00011,0.00003
77.81000,1.98000,0.99973,0.00023,0.00001,0.00003,0.00001
78.01000,1.98000,0.99995,0.00002,0.00000,0.00003,0.00001
78.21000,1.98000,0.99998,0.00000,0.00000,0.00001,0.00000
78.41000,1.98000,0.99998,0.00000,0.00000,0.00000,0.00001
78.61000,1.98000,0.99988,0.00000,0.00000,0.00001,0.00010
78.81000,1.98000,0.99829,0.00001,0.00006,0.00017,0.00146
79.01000,1.98000,0.98047,0.00003,0.00079,0.00169,0.01702
79.21000,1.98000,0.81460,0.00013,0.00442,0.00415,0.17670
79.41000,1.98000,0.94363,0.00002,0.00195,0.00048,0.05391
79.61000,1.98000,0.94518,0.00018,0.00551,0.00188,0.04726
79.81000,1.98000,0.99319,0.00009,0.00114,0.00012,0.00546
80.01000,1.98000,0.99657,0.00007,0.00071,0.00008,0.00257
80.21000,1.98000,0.99584,0.00007,0.00099,0.00049,0.00260
80.41000,1.98000,0.98762,0.00177,0.00501,0.00266,0.00294
80.61000,1.98000,0.98866,0.00029,0.00580,0.00132,0.00393
80.81000,1.98000,0.99676,0.00028,0.00133,0.00034,0.00129
81.01000,1.98000,0.99523,0.00039,0.00208,0.00111,0.00119
81.21000,1.98000,0.98724,0.00276,0.00114,0.00225,0.00660
81.41000,1.98000,0.98820,0.00033,0.00031,0.00240,0.00876
81.61000,1.98000,0.94234,0.00070,0.00045,0.00543,0.05109
81.81000,1.98000,0.88806,0.00020,0.00240,0.03932,0.07001
82.01000,1.98000,0.80796,0.00107,0.00363,0.04148,0.14586
82.21000,1.98000,0.98188,0.00150,0.00015,0.00247,0.01400
82.41000,1.98000,0.98874,0.00122,0.00030,0.00132,0.00842
82.61000,1.98000,0.96606,0.01138,0.00063,0.00238,0.01956
82.81000,1.98000,0.95664,0.03356,0.00009,0.00062,0.00908
83.01000,1.98000,0.97113,0.02152,0.00039,0.00049,0.00647
83.21000,1.98000,0.97757,0.01676,0.00049,0.00075,0.00443
83.41000,1.98000,0.91599,0.07934,0.00064,0.00095,0.00308
83.61000,1.98000,0.97311,0.02540,0.00031,0.00026,0.00092
83.81000,1.98000,0.99844,0.00088,0.00004,0.00003,0.00060
84.01000,1.98000,0.99659,0.00110,0.00013,0.00038,0.00180
84.21000,1.98000,0.98973,0.00160,0.00027,0.00145,0.00694
84.41000,1.98000,0.87556,0.00202,0.00776,0.05262,0.06204
84.61000,1.98000,0.78985,0.00038,0.01026,0.04270,0.15681
84.81000,1.98000,0.84768,0.00020,0.01331,0.07629,0.06253
85.01000,1.98000,0.97203,0.00009,0.00374,0.01268,0.01146
85.21000,1.98000,0.97337,0.00075,0.00298,0.01100,0.01191
85.41000,1.98000,0.99832,0.00013,0.00028,0.00026,0.00101
85.61000,1.98000,0.99796,0.00006,0.00115,0.00038,0.00045
85.81000,1.98000,0.99878,0.00005,0.00053,0.00037,0.00028
86.01000,1.98000,0.99673,0.00077,0.00140,0.00071,0.00039
86.21000,1.98000,0.99564,0.00053,0.00164,0.00145,0.00074
86.41000,1.98000,0.97782,0.00779,0.00401,0.00868,0.00170
86.61000,1.98000,0.96898,0.02147,0.00101,0.00428,0.00426
86.81000,1.98000,0.98779,0.00803,0.00072,0.00078,0.00268
87.01000,1.98000,0.95993,0.00638,0.00044,0.01141,0.02185
87.21000,1.98000,0.97737,0.00382,0.00044,0.00449,0.01387
87.41000,1.98000,0.80343,0.00285,0.00319,0.02771,0.16282
87.61000,1.98000,0.37931,0.00352,0.01471,0.03633,0.56614
87.81000,1.98000,0.55187,0.00064,0.00869,0.03691,0.40190
88.01000,1.98000,0.95160,0.00010,0.00134,0.00234,0.04462
88.21000,1.98000,0.97840,0.00001,0.00252,0.00081,0.01825
88.41000,1.98000,0.99653,0.00000,0.00046,0.00006,0.00294
88.61000,1.98000,0.99983,0.00000,0.00012,0.00001,0.00004
88.81000,1.98000,0.99929,0.00000,0.00050,0.00009,0.00013
89.01000,1.98000,0.99963,0.00000,0.00030,0.00004,0.00003
89.21000,1.98000,0.99923,0.00000,0.00067,0.00007,0.00003
89.41000,1.98000,0.99947,0.00000,0.00037,0.00014,0.00002
89.61000,1.98000,0.99918,0.00000,0.00030,0.00045,0.00006
89.81000,1.98000,0.99703,0.00001,0.00116,0.00167,0.00012
90.01000,1.98000,0.99759,0.00002,0.00040,0.00176,0.00022
90.21000,1.98000,0.99020,0.00019,0.00055,0.00770,0.00136
90.41000,1.98000,0.99183,0.00049,0.00025,0.00565,0.00178
90.61000,1.98000,0.73200,0.00237,0.00570,0.17809,0.08184
90.81000,1.98000,0.58080,0.00362,0.01296,0.26551,0.13711
91.01000,1.98000,0.82926,0.00071,0.02923,0.04939,0.09141
91.21000,1.98000,0.93171,0.00183,0.00364,0.04395,0.01887
91.41000,1.98000,0.98205,0.00110,0.00097,0.00539,0.01048
91.61000,1.98000,0.98941,0.00357,0.00055,0.00224,0.00424
91.81000,1.98000,0.99605,0.00052,0.00114,0.00071,0.00157
92.01000,1.98000,0.99487,0.00300,0.00048,0.00064,0.00101
92.21000,1.98000,0.99337,0.00272,0.00084,0.00157,0.00150
92.41000,1.98000,0.97855,0.01226,0.00041,0.00224,0.00654
92.61000,1.98000,0.98576,0.01108,0.00015,0.00183,0.00118
92.81000,1.98000,0.96326,0.03388,0.00002,0.00094,0.00190
93.01000,1.98000,0.92755,0.05425,0.00032,0.01125,0.00662
93.21000,1.98000,0.73194,0.09034,0.00226,0.14441,0.03105
93.41000,1.98000,0.76652,0.01032,0.00586,0.20931,0.00799
93.61000,1.98000,0.56505,0.00301,0.01672,0.40253,0.01268
93.81000,1.98000,0.65157,0.00123,0.00705,0.33749,0.00265
94.01000,1.98000,0.89049,0.00034,0.00710,0.10001,0.00206
94.21000,1.98000,0.99830,0.00000,0.00098,0.00067,0.00005
94.41000,1.98000,0.99924,0.00000,0.00072,0.00003,0.00000
94.61000,1.98000,0.99941,0.00000,0.00054,0.00004,0.00000
94.81000,1.98000,0.99903,0.00000,0.00088,0.00008,0.00000
95.01000,1.98000,0.99923,0.00002,0.00067,0.00005,0.00002
95.21000,1.98000,0.99934,0.00002,0.00053,0.00007,0.00003
95.41000,1.98000,0.99808,0.00123,0.00040,0.00004,0.00025
95.61000,1.98000,0.99904,0.00001,0.00080,0.00000,0.00015
95.81000,1.98000,0.99211,0.00021,0.00275,0.00000,0.00492
96.01000,1.98000,0.97802,0.00040,0.00638,0.00004,0.01517
96.21000,1.98000,0.86079,0.00208,0.04953,0.00018,0.08742
96.41000,1.98000,0.84185,0.00024,0.01110,0.00011,0.14670
96.61000,1.98000,0.93049,0.00002,0.00965,0.00001,0.05983
96.81000,1.98000,0.91606,0.00002,0.01731,0.00004,0.06656
97.01000,1.98000,0.99271,0.00011,0.00306,0.00000,0.00411
97.21000,1.98000,0.98314,0.00008,0.00736,0.00001,0.00941
97.41000,1.98000,0.99986,0.00002,0.00002,0.00000,0.00010
97.61000,1.98000,0.99728,0.00142,0.00065,0.00003,0.00062
97.81000,1.98000,0.98391,0.01177,0.00206,0.00009,0.00217
98.01000,1.98000,0.98880,0.01061,0.00025,0.00003,0.00031
98.21000,1.98000,0.98665,0.01292,0.00004,0.00004,0.00035
98.41000,1.98000,0.90297,0.09527,0.00004,0.00038,0.00134
98.61000,1.98000,0.91297,0.08311,0.00003,0.00057,0.00332
98.81000,1.98000,0.80505,0.06801,0.00060,0.02443,0.10191
99.01000,1.98000,0.89221,0.00896,0.00130,0.02478,0.07275
99.21000,1.98000,0.85970,0.00045,0.00199,0.02857,0.10929
99.41000,1.98000,0.99048,0.00003,0.00028,0.00336,0.00586
99.61000,1.98000,0.99925,0.00000,0.00008,0.00024,0.00043
99.81000,1.98000,0.99983,0.00000,0.00007,0.00005,0.00005
100.01000,1.98000,0.99988,0.00000,0.00006,0.00003,0.00003
100.21000,1.98000,0.99999,0.00000,0.00000,0.00000,0.00000
100.41000,1.98000,0.99998,0.00000,0.00002,0.00000,0.00000
100.61000,1.98000,0.99997,0.00000,0.00003,0.00000,0.00000
100.81000,1.98000,0.99985,0.00000,0.00011,0.00002,0.00001
101.01000,1.98000,0.99984,0.00000,0.00010,0.00004,0.00003
101.21000,1.98000,0.99789,0.00008,0.00083,0.00077,0.00043
101.41000,1.98000,0.99799,0.00013,0.00044,0.00061,0.00084
101.61000,1.98000,0.98752,0.00096,0.00085,0.00281,0.00787
101.81000,1.98000,0.97134,0.00971,0.00083,0.00239,0.01572
102.01000,1.98000,0.87947,0.03950,0.00523,0.03376,0.04205
102.21000,1.98000,0.72869,0.02991,0.01848,0.07396,0.14896
102.41000,1.98000,0.60279,0.02055,0.02254,0.25028,0.10385
102.61000,1.98000,0.92398,0.00039,0.02184,0.03551,0.01827
102.81000,1.98000,0.96152,0.00024,0.00936,0.02548,0.00340
103.01000,1.98000,0.99932,0.00000,0.00019,0.00029,0.00019
103.21000,1.98000,0.99728,0.00003,0.00179,0.00069,0.00021
103.41000,1.98000,0.99911,0.00000,0.00069,0.00015,0.00004
103.61000,1.98000,0.99914,0.00018,0.00022,0.00038,0.00008
103.81000,1.98000,0.99926,0.00007,0.00025,0.00029,0.00012
104.01000,1.98000,0.99649,0.00180,0.00059,0.00047,0.00065
104.21000,1.98000,0.98766,0.00364,0.00270,0.00046,0.00553
104.41000,1.98000,0.98083,0.01644,0.00024,0.00009,0.00240
104.61000,1.98000,0.94616,0.03881,0.00042,0.00042,0.01420
104.81000,1.98000,0.89584,0.04138,0.00275,0.00114,0.05889
105.01000,1.98000,0.83846,0.00236,0.00530,0.00117,0.15272
105.21000,1.98000,0.94327,0.00013,0.00601,0.00031,0.05027
105.41000,1.98000,0.97928,0.00004,0.00293,0.00018,0.01758
105.61000,1.98000,0.99767,0.00002,0.00073,0.00001,0.00157
105.81000,1.98000,0.99826,0.00001,0.00057,0.00001,0.00116
106.01000,1.98000,0.99967,0.00000,0.00013,0.00001,0.00019
106.21000,1.98000,0.99901,0.00022,0.00028,0.00006,0.00043
106.41000,1.98000,0.99881,0.00013,0.00066,0.00005,0.00035
106.61000,1.98000,0.99835,0.00043,0.00046,0.00010,0.00066
106.81000,1.98000,0.99751,0.00104,0.00057,0.00021,0.00067
107.01000,1.98000,0.99097,0.00775,0.00003,0.00019,0.00105
107.21000,1.98000,0.99869,0.00070,0.00003,0.00005,0.00054
107.41000,1.98000,0.98402,0.00867,0.00008,0.00072,0.00651
107.61000,1.98000,0.98622,0.00333,0.00015,0.00175,0.00855
107.81000,1.98000,0.92135,0.00396,0.00073,0.01373,0.06023
108.01000,1.98000,0.93781,0.00540,0.00225,0.02404,0.03050
108.21000,1.98000,0.93146,0.01456,0.00092,0.01956,0.03350
108.41000,1.98000,0.93945,0.02037,0.00069,0.02085,0.01863
108.61000,1.98000,0.99215,0.00419,0.00026,0.00128,0.00212
108.81000,1.98000,0.99909,0.00045,0.00012,0.00019,0.00016
109.01000,1.98000,0.99375,0.00076,0.00046,0.00307,0.00196
109.21000,1.98000,0.96737,0.00391,0.00420,0.02172,0.00280
109.41000,1.98000,0.99533,0.00077,0.00086,0.00280,0.00024
109.61000,1.98000,0.99480,0.00055,0.00102,0.00345,0.00018
109.81000,1.98000,0.99935,0.00005,0.00013,0.00044,0.00003
110.01000,1.98000,0.99961,0.00001,0.00010,0.00028,0.00001
110.21000,1.98000,0.99996,0.00000,0.00001,0.00003,0.00000
110.41000,1.98000,0.99984,0.00000,0.00002,0.00013,0.00001
110.61000,1.98000,0.99961,0.00000,0.00002,0.00035,0.00003
110.81000,1.98000,0.99890,0.00000,0.00004,0.00094,0.00012
111.01000,1.98000,0.96443,0.00004,0.00146,0.02841,0.00567
111.21000,1.98000,0.78882,0.00018,0.00442,0.14281,0.06376
111.41000,1.98000,0.74523,0.00026,0.00587,0.17639,0.07225
111.61000,1.98000,0.63970,0.00048,0.01175,0.21558,0.13249
111.81000,1.98000,0.99544,0.00001,0.00019,0.00229,0.00209
112.01000,1.98000,0.99915,0.00000,0.00034,0.00022,0.00029
112.21000,1.98000,0.99994,0.00000,0.00003,0.00001,0.00002
112.41000,1.98000,0.99992,0.00000,0.00005,0.00002,0.00001
112.61000,1.98000,0.99993,0.00000,0.00004,0.00002,0.00001
112.81000,1.98000,0.99976,0.00000,0.00018,0.00005,0.00001
113.01000,1.98000,0.99971,0.00002,0.00013,0.00013,0.00001
113.21000,1.98000,0.99889,0.00008,0.00038,0.00058,0.00008
113.41000,1.98000,0.99807,0.00027,0.00032,0.00117,0.00017
113.61000,1.98000,0.99904,0.00011,0.00025,0.00044,0.00017
113.81000,1.98000,0.99973,0.00001,0.00006,0.00010,0.00011
114.01000,1.98000,0.99986,0.00000,0.00005,0.00003,0.00005
114.21000,1.98000,0.99797,0.00002,0.00018,0.00103,0.00079
114.41000,1.98000,0.99691,0.00003,0.00013,0.00076,0.00217
114.61000,1.98000,0.91689,0.00050,0.00165,0.02250,0.05846
114.81000,1.98000,0.88581,0.00016,0.00612,0.04084,0.06707
115.01000,1.98000,0.75117,0.00096,0.00969,0.12821,0.10998
115.21000,1.98000,0.87581,0.00029,0.00493,0.05750,0.06146
115.41000,1.98000,0.97100,0.00016,0.00202,0.01561,0.01122
115.61000,1.98000,0.99727,0.00001,0.00068,0.00148,0.00056
115.81000,1.98000,0.99976,0.00000,0.00009,0.00013,0.00002
116.01000,1.98000,0.99993,0.00000,0.00002,0.00004,0.00000
116.21000,1.98000,0.99998,0.00000,0.00001,0.00001,0.00000
116.41000,1.98000,0.99998,0.00000,0.00001,0.00001,0.00000
116.61000,1.98000,0.99998,0.00000,0.00001,0.00002,0.00000
116.81000,1.98000,0.99976,0.00001,0.00003,0.00018,0.00002
117.01000,1.98000,0.99764,0.00019,0.00015,0.00196,0.00006
117.21000,1.98000,0.99237,0.00040,0.00036,0.00670,0.00016
117.41000,1.98000,0.99561,0.00046,0.00019,0.00363,0.00011
117.61000,1.98000,0.99954,0.00011,0.00002,0.00028,0.00006
117.81000,1.98000,0.99908,0.00030,0.00002,0.00044,0.00016
118.01000,1.98000,0.99849,0.00015,0.00001,0.00103,0.00032
118.21000,1.98000,0.99807,0.00018,0.00001,0.00143,0.00031
118.41000,1.98000,0.99076,0.00011,0.00016,0.00776,0.00121
118.61000,1.98000,0.77248,0.00162,0.00482,0.18233,0.03874
118.81000,1.98000,0.57253,0.00129,0.01233,0.35711,0.05674
119.01000,1.98000,0.34341,0.00112,0.01941,0.43651,0.19956
119.21000,1.98000,0.83066,0.00053,0.00915,0.09289,0.06678
119.41000,1.98000,0.99451,0.00000,0.00234,0.00200,0.00115
119.61000,1.98000,0.99899,0.00000,0.00055,0.00040,0.00007
119.81000,1.98000,0.99917,0.00000,0.00058,0.00020,0.00005
120.01000,1.98000,0.99987,0.00000,0.00008,0.00004,0.00001
120.21000,1.98000,0.99957,0.00000,0.00030,0.00009,0.00004
120.41000,1.98000,0.99982,0.00000,0.00013,0.00002,0.00002
120.61000,1.98000,0.99978,0.00000,0.00011,0.00004,0.00007
120.81000,1.98000,0.99874,0.00008,0.00036,0.00020,0.00062
121.01000,1.98000,0.99916,0.00004,0.00022,0.00014,0.00044
121.21000,1.98000,0.99675,0.00062,0.00014,0.00010,0.00239
121.41000,1.98000,0.99814,0.00015,0.00007,0.00006,0.00158
121.61000,1.98000,0.99074,0.00048,0.00066,0.00014,0.00798
121.81000,1.98000,0.99689,0.00022,0.00032,0.00006,0.00251
122.01000,1.98000,0.99711,0.00011,0.00052,0.00001,0.00225
122.21000,1.98000,0.99884,0.00040,0.00028,0.00001,0.00048
122.41000,1.98000,0.99647,0.00152,0.00074,0.00001,0.00126
122.61000,1.98000,0.98946,0.00960,0.00038,0.00001,0.00055
122.81000,1.98000,0.98555,0.01114,0.00123,0.00007,0.00201
123.01000,1.98000,0.97923,0.01917,0.00076,0.00007,0.00076
123.21000,1.98000,0.94930,0.04770,0.00123,0.00014,0.00164
123.41000,1.98000,0.81006,0.18852,0.00110,0.00012,0.00020
123.61000,1.98000,0.76249,0.20323,0.02070,0.00971,0.00386
123.81000,1.98000,0.93140,0.04983,0.00985,0.00792,0.00100
124.01000,1.98000,0.95820,0.00403,0.01032,0.02591,0.00154
124.21000,1.98000,0.99402,0.00030,0.00201,0.00350,0.00018
124.41000,1.98000,0.99716,0.00001,0.00067,0.00189,0.00027
124.61000,1.98000,0.99991,0.00000,0.00006,0.00002,0.00001
124.81000,1.98000,0.99985,0.00000,0.00014,0.00001,0.00001
125.01000,1.98000,0.99994,0.00000,0.00004,0.00001,0.00000
125.21000,1.98000,0.99998,0.00000,0.00001,0.00000,0.00001
