Time (seconds), Duration (seconds),pred_unlabelled,pred_circle,pred_shaking
0.01000,1.98000,0.37224,0.62684,0.00092
0.21000,1.98000,0.17123,0.82831,0.00045
0.41000,1.98000,0.18307,0.81560,0.00132
0.61000,1.98000,0.22250,0.77431,0.00319
0.81000,1.98000,0.19741,0.80113,0.00146
1.01000,1.98000,0.17826,0.82094,0.00081
1.21000,1.98000,0.15627,0.84340,0.00033
1.41000,1.98000,0.15010,0.84963,0.00027
1.61000,1.98000,0.19851,0.80021,0.00128
1.81000,1.98000,0.19926,0.79933,0.00140
2.01000,1.98000,0.18179,0.81680,0.00141
2.21000,1.98000,0.18267,0.81667,0.00067
2.41000,1.98000,0.15047,0.84931,0.00022
2.61000,1.98000,0.14599,0.85370,0.00031
2.81000,1.98000,0.14755,0.85124,0.00121
3.01000,1.98000,0.14296,0.85570,0.00134
3.21000,1.98000,0.12719,0.87184,0.00097
3.41000,1.98000,0.08939,0.91041,0.00019
3.61000,1.98000,0.07934,0.92059,0.00007
3.81000,1.98000,0.10036,0.89944,0.00020
4.01000,1.98000,0.11842,0.88090,0.00068
4.21000,1.98000,0.17897,0.81894,0.00209
4.41000,1.98000,0.49284,0.50491,0.00224
4.61000,1.98000,0.79923,0.20035,0.00042
4.81000,1.98000,0.94982,0.05014,0.00004
5.01000,1.98000,0.99257,0.00742,0.00001
5.21000,1.98000,0.99904,0.00096,0.00000
5.41000,1.98000,0.99987,0.00013,0.00000
5.61000,1.98000,0.99998,0.00002,0.00000
5.81000,1.98000,1.00000,0.00000,0.00000
6.01000,1.98000,1.00000,0.00000,0.00000
6.21000,1.98000,1.00000,0.00000,0.00000
6.41000,1.98000,1.00000,0.00000,0.00000
6.61000,1.98000,1.00000,0.00000,0.00000
6.81000,1.98000,1.00000,0.00000,0.00000
7.01000,1.98000,1.00000,0.00000,0.00000
7.21000,1.98000,1.00000,0.00000,0.00000
7.41000,1.98000,1.00000,0.00000,0.00000
7.61000,1.98000,1.00000,0.00000,0.00000
7.81000,1.98000,1.00000,0.00000,0.00000
8.01000,1.98000,1.00000,0.00000,0.00000
8.21000,1.98000,1.00000,0.00000,0.00000
8.41000,1.98000,1.00000,0.00000,0.00000
8.61000,1.98000,1.00000,0.00000,0.00000
8.81000,1.98000,1.00000,0.00000,0.00000
9.01000,1.98000,1.00000,0.00000,0.00000
9.21000,1.98000,1.00000,0.00000,0.00000
9.41000,1.98000,1.00000,0.00000,0.00000
9.61000,1.98000,1.00000,0.00000,0.00000
9.81000,1.98000,1.00000,0.00000,0.00000
10.01000,1.98000,1.00000,0.00000,0.00000
10.21000,1.98000,1.00000,0.00000,0.00000
10.41000,1.98000,1.00000,0.00000,0.00000
10.61000,1.98000,1.00000,0.00000,0.00000
10.81000,1.98000,1.00000,0.00000,0.00000
11.01000,1.98000,1.00000,0.00000,0.00000
11.21000,1.98000,1.00000,0.00000,0.00000
11.41000,1.98000,1.00000,0.00000,0.00000
11.61000,1.98000,1.00000,0.00000,0.00000
11.81000,1.98000,1.00000,0.00000,0.00000
12.01000,1.98000,1.00000,0.00000,0.00000
12.21000,1.98000,1.00000,0.00000,0.00000
12.41000,1.98000,1.00000,0.00000,0.00000
12.61000,1.98000,1.00000,0.00000,0.00000
12.81000,1.98000,1.00000,0.00000,0.00000
13.01000,1.98000,1.00000,0.00000,0.00000
13.21000,1.98000,1.00000,0.00000,0.00000
13.41000,1.98000,1.00000,0.00000,0.00000
13.61000,1.98000,1.00000,0.00000,0.00000
13.81000,1.98000,1.00000,0.00000,0.00000
14.01000,1.98000,0.99999,0.00001,0.00000
14.21000,1.98000,0.99998,0.00002,0.00001
14.41000,1.98000,0.99993,0.00002,0.00005
14.61000,1.98000,0.99922,0.00005,0.00073
14.81000,1.98000,0.98829,0.00008,0.01163
15.01000,1.98000,0.84596,0.00013,0.15391
15.21000,1.98000,0.36855,0.00025,0.63120
15.41000,1.98000,0.41015,0.00003,0.58982
15.61000,1.98000,0.32927,0.00009,0.67064
15.81000,1.98000,0.28450,0.00008,0.71542
16.01000,1.98000,0.36156,0.00001,0.63843
16.21000,1.98000,0.31903,0.00003,0.68094
16.41000,1.98000,0.31321,0.00002,0.68676
16.61000,1.98000,0.32649,0.00001,0.67351
16.81000,1.98000,0.27960,0.00002,0.72038
17.01000,1.98000,0.35658,0.00001,0.64341
17.21000,1.98000,0.29040,0.00003,0.70957
17.41000,1.98000,0.24663,0.00003,0.75334
17.61000,1.98000,0.34484,0.00000,0.65516
17.81000,1.98000,0.29317,0.00001,0.70682
18.01000,1.98000,0.29136,0.00003,0.70861
18.21000,1.98000,0.35217,0.00004,0.64780
18.41000,1.98000,0.21176,0.00011,0.78813
18.61000,1.98000,0.25086,0.00004,0.74910
18.81000,1.98000,0.26202,0.00014,0.73784
19.01000,1.98000,0.20338,0.00016,0.79646
19.21000,1.98000,0.26868,0.00003,0.73129
19.41000,1.98000,0.22786,0.00050,0.77165
19.61000,1.98000,0.16325,0.00021,0.83654
19.81000,1.98000,0.23995,0.00003,0.76002
20.01000,1.98000,0.24510,0.00001,0.75489
20.21000,1.98000,0.17981,0.00000,0.82019
20.41000,1.98000,0.22879,0.00001,0.77120
20.61000,1.98000,0.26196,0.00001,0.73803
20.81000,1.98000,0.18417,0.00000,0.81583
21.01000,1.98000,0.16925,0.00001,0.83074
21.21000,1.98000,0.20843,0.00001,0.79156
21.41000,1.98000,0.17076,0.00000,0.82924
21.61000,1.98000,0.15948,0.00002,0.84051
21.81000,1.98000,0.19704,0.00002,0.80294
22.01000,1.98000,0.17542,0.00000,0.82458
22.21000,1.98000,0.13181,0.00001,0.86818
22.41000,1.98000,0.18712,0.00002,0.81286
22.61000,1.98000,0.13464,0.00000,0.86536
22.81000,1.98000,0.13497,0.00001,0.86502
23.01000,1.98000,0.17080,0.00002,0.82918
23.21000,1.98000,0.15013,0.00001,0.84986
23.41000,1.98000,0.13048,0.00005,0.86947
23.61000,1.98000,0.38807,0.00016,0.61177
23.81000,1.98000,0.71325,0.00012,0.28663
24.01000,1.98000,0.95724,0.00040,0.04236
24.21000,1.98000,0.99624,0.00013,0.00363
24.41000,1.98000,0.99955,0.00002,0.00043
24.61000,1.98000,0.99993,0.00003,0.00004
24.81000,1.98000,0.99999,0.00001,0.00000
25.01000,1.98000,1.00000,0.00000,0.00000
25.21000,1.98000,1.00000,0.00000,0.00000
25.41000,1.98000,1.00000,0.00000,0.00000
25.61000,1.98000,1.00000,0.00000,0.00000
25.81000,1.98000,1.00000,0.00000,0.00000
26.01000,1.98000,1.00000,0.00000,0.00000
26.21000,1.98000,1.00000,0.00000,0.00000
26.41000,1.98000,1.00000,0.00000,0.00000
26.61000,1.98000,1.00000,0.00000,0.00000
26.81000,1.98000,1.00000,0.00000,0.00000
27.01000,1.98000,1.00000,0.00000,0.00000
27.21000,1.98000,1.00000,0.00000,0.00000
27.41000,1.98000,1.00000,0.00000,0.00000
27.61000,1.98000,1.00000,0.00000,0.00000
27.81000,1.98000,1.00000,0.00000,0.00000
28.01000,1.98000,1.00000,0.00000,0.00000
28.21000,1.98000,1.00000,0.00000,0.00000
28.41000,1.98000,1.00000,0.00000,0.00000
28.61000,1.98000,0.99999,0.00000,0.00000
28.81000,1.98000,0.99994,0.00002,0.00004
29.01000,1.98000,0.99979,0.00001,0.00020
29.21000,1.98000,0.99807,0.00005,0.00189
29.41000,1.98000,0.97795,0.00025,0.02181
29.61000,1.98000,0.91382,0.00008,0.08610
29.81000,1.98000,0.48390,0.00024,0.51586
30.01000,1.98000,0.33466,0.00013,0.66521
30.21000,1.98000,0.42360,0.00004,0.57636
30.41000,1.98000,0.39413,0.00008,0.60579
30.61000,1.98000,0.42181,0.00005,0.57814
30.81000,1.98000,0.31350,0.00011,0.68639
31.01000,1.98000,0.30504,0.00016,0.69481
31.21000,1.98000,0.35460,0.00007,0.64533
31.41000,1.98000,0.29724,0.00025,0.70251
31.61000,1.98000,0.28073,0.00032,0.71896
31.81000,1.98000,0.31966,0.00010,0.68025
32.01000,1.98000,0.28153,0.00044,0.71803
32.21000,1.98000,0.31750,0.00062,0.68187
32.41000,1.98000,0.33039,0.00009,0.66952
32.61000,1.98000,0.29358,0.00033,0.70609
32.81000,1.98000,0.46476,0.00093,0.53431
33.01000,1.98000,0.88139,0.00072,0.11789
33.21000,1.98000,0.99225,0.00132,0.00643
33.41000,1.98000,0.99931,0.00042,0.00027
33.61000,1.98000,0.99990,0.00008,0.00001
33.81000,1.98000,0.99993,0.00007,0.00000
34.01000,1.98000,0.99998,0.00002,0.00000
34.21000,1.98000,0.99999,0.00001,0.00000
34.41000,1.98000,1.00000,0.00000,0.00000
34.61000,1.98000,1.00000,0.00000,0.00000
34.81000,1.98000,1.00000,0.00000,0.00000
35.01000,1.98000,1.00000,0.00000,0.00000
35.21000,1.98000,1.00000,0.00000,0.00000
35.41000,1.98000,1.00000,0.00000,0.00000
35.61000,1.98000,1.00000,0.00000,0.00000
35.81000,1.98000,1.00000,0.00000,0.00000
36.01000,1.98000,1.00000,0.00000,0.00000
36.21000,1.98000,1.00000,0.00000,0.00000
36.41000,1.98000,1.00000,0.00000,0.00000
36.61000,1.98000,1.00000,0.00000,0.00000
36.81000,1.98000,1.00000,0.00000,0.00000
37.01000,1.98000,1.00000,0.00000,0.00000
37.21000,1.98000,1.00000,0.00000,0.00000
37.41000,1.98000,1.00000,0.00000,0.00000
37.61000,1.98000,1.00000,0.00000,0.00000
37.81000,1.98000,1.00000,0.00000,0.00000
38.01000,1.98000,1.00000,0.00000,0.00000
38.21000,1.98000,0.99998,0.00002,0.00000
38.41000,1.98000,0.99986,0.00014,0.00000
38.61000,1.98000,0.99939,0.00061,0.00000
38.81000,1.98000,0.99904,0.00096,0.00000
39.01000,1.98000,0.99817,0.00183,0.00000
39.21000,1.98000,0.99878,0.00122,0.00000
39.41000,1.98000,0.99914,0.00086,0.00000
39.61000,1.98000,0.99929,0.00071,0.00000
39.81000,1.98000,0.99928,0.00071,0.00000
40.01000,1.98000,0.99952,0.00048,0.00000
40.21000,1.98000,0.99994,0.00006,0.00000
40.41000,1.98000,0.99999,0.00001,0.00000
40.61000,1.98000,1.00000,0.00000,0.00000
40.81000,1.98000,1.00000,0.00000,0.00000
41.01000,1.98000,1.00000,0.00000,0.00000
41.21000,1.98000,1.00000,0.00000,0.00000
41.41000,1.98000,1.00000,0.00000,0.00000
41.61000,1.98000,1.00000,0.00000,0.00000
