Time (seconds), Duration (seconds),pred_(unlabeled),pred_On,pred_Off,pred_Dimmer,pred_Lighter
0.01000,1.98000,0.98915,0.00000,0.00088,0.00000,0.00997
0.21000,1.98000,0.98930,0.00000,0.00088,0.00000,0.00982
0.41000,1.98000,0.99242,0.00000,0.00087,0.00000,0.00671
0.61000,1.98000,0.98993,0.00000,0.00144,0.00000,0.00863
0.81000,1.98000,0.99103,0.00000,0.00212,0.00000,0.00686
1.01000,1.98000,0.99671,0.00000,0.00209,0.00000,0.00120
1.21000,1.98000,0.96161,0.00000,0.02422,0.00000,0.01417
1.41000,1.98000,0.94583,0.00000,0.03063,0.00000,0.02355
1.61000,1.98000,0.93716,0.00000,0.03736,0.00000,0.02548
1.81000,1.98000,0.93953,0.00000,0.03270,0.00000,0.02777
2.01000,1.98000,0.92861,0.00000,0.03949,0.00000,0.03190
2.21000,1.98000,0.93577,0.00000,0.03326,0.00000,0.03096
2.41000,1.98000,0.94966,0.00000,0.02645,0.00000,0.02388
2.61000,1.98000,0.96645,0.00000,0.01315,0.00000,0.02040
2.81000,1.98000,0.97909,0.00000,0.00712,0.00000,0.01379
3.01000,1.98000,0.98512,0.00000,0.00419,0.00000,0.01069
3.21000,1.98000,0.97952,0.00000,0.00182,0.00000,0.01865
3.41000,1.98000,0.98411,0.00000,0.00166,0.00000,0.01424
3.61000,1.98000,0.98068,0.00000,0.00205,0.00000,0.01726
3.81000,1.98000,0.97308,0.00000,0.00276,0.00000,0.02416
4.01000,1.98000,0.97066,0.00000,0.00463,0.00000,0.02472
4.21000,1.98000,0.97133,0.00000,0.00521,0.00000,0.02346
4.41000,1.98000,0.96652,0.00000,0.00788,0.00000,0.02560
4.61000,1.98000,0.96721,0.00000,0.00738,0.00000,0.02541
4.81000,1.98000,0.96295,0.00000,0.00985,0.00000,0.02721
5.01000,1.98000,0.96544,0.00000,0.00605,0.00000,0.02851
5.21000,1.98000,0.96900,0.00000,0.00641,0.00000,0.02459
5.41000,1.98000,0.97861,0.00000,0.00371,0.00000,0.01768
5.61000,1.98000,0.98170,0.00000,0.00370,0.00000,0.01459
5.81000,1.98000,0.98338,0.00000,0.00274,0.00000,0.01388
6.01000,1.98000,0.98917,0.00000,0.00165,0.00000,0.00918
6.21000,1.98000,0.99011,0.00000,0.00123,0.00000,0.00865
6.41000,1.98000,0.98991,0.00000,0.00100,0.00000,0.00909
6.61000,1.98000,0.98874,0.00000,0.00102,0.00000,0.01024
6.81000,1.98000,0.98967,0.00000,0.00096,0.00000,0.00938
7.01000,1.98000,0.99137,0.00000,0.00091,0.00000,0.00772
7.21000,1.98000,0.99109,0.00000,0.00091,0.00000,0.00800
7.41000,1.98000,0.99159,0.00000,0.00091,0.00000,0.00750
7.61000,1.98000,0.99209,0.00000,0.00088,0.00000,0.00703
7.81000,1.98000,0.99214,0.00000,0.00088,0.00000,0.00698
8.01000,1.98000,0.99170,0.00000,0.00089,0.00000,0.00741
8.21000,1.98000,0.99126,0.00000,0.00092,0.00000,0.00782
8.41000,1.98000,0.99139,0.00000,0.00089,0.00000,0.00772
8.61000,1.98000,0.99147,0.00000,0.00089,0.00000,0.00763
8.81000,1.98000,0.99257,0.00000,0.00085,0.00000,0.00658
9.01000,1.98000,0.99592,0.00000,0.00110,0.00000,0.00298
9.21000,1.98000,0.99865,0.00000,0.00116,0.00000,0.00019
9.41000,1.98000,0.98557,0.00000,0.01044,0.00000,0.00399
9.61000,1.98000,0.97201,0.00000,0.01894,0.00000,0.00905
9.81000,1.98000,0.97615,0.00000,0.01705,0.00000,0.00679
10.01000,1.98000,0.96749,0.00000,0.02016,0.00000,0.01235
10.21000,1.98000,0.97163,0.00000,0.01963,0.00000,0.00874
10.41000,1.98000,0.96082,0.00000,0.02291,0.00000,0.01627
10.61000,1.98000,0.96825,0.00000,0.02038,0.00000,0.01138
10.81000,1.98000,0.95560,0.00000,0.02169,0.00001,0.02270
11.01000,1.98000,0.97398,0.00000,0.01011,0.00001,0.01590
11.21000,1.98000,0.97756,0.00000,0.00323,0.00001,0.01920
11.41000,1.98000,0.96780,0.00000,0.00125,0.00002,0.03094
11.61000,1.98000,0.96890,0.00000,0.00118,0.00002,0.02990
11.81000,1.98000,0.96991,0.00000,0.00117,0.00002,0.02891
12.01000,1.98000,0.96964,0.00000,0.00116,0.00002,0.02918
12.21000,1.98000,0.97207,0.00000,0.00105,0.00002,0.02687
12.41000,1.98000,0.97146,0.00000,0.00106,0.00002,0.02746
12.61000,1.98000,0.97245,0.00000,0.00105,0.00002,0.02649
12.81000,1.98000,0.97163,0.00000,0.00106,0.00002,0.02729
13.01000,1.98000,0.97268,0.00000,0.00104,0.00002,0.02627
13.21000,1.98000,0.97296,0.00000,0.00103,0.00002,0.02599
13.41000,1.98000,0.97693,0.00000,0.00090,0.00001,0.02215
13.61000,1.98000,0.97935,0.00000,0.00096,0.00001,0.01968
13.81000,1.98000,0.98262,0.00000,0.00106,0.00000,0.01632
14.01000,1.98000,0.97658,0.00000,0.00135,0.00000,0.02207
14.21000,1.98000,0.97806,0.00000,0.00169,0.00000,0.02026
14.41000,1.98000,0.95298,0.00000,0.00291,0.00000,0.04411
14.61000,1.98000,0.96036,0.00000,0.00326,0.00000,0.03638
14.81000,1.98000,0.96583,0.00000,0.00360,0.00000,0.03057
15.01000,1.98000,0.96415,0.00000,0.00413,0.00000,0.03172
15.21000,1.98000,0.96950,0.00000,0.00414,0.00000,0.02636
15.41000,1.98000,0.97334,0.00000,0.00413,0.00000,0.02252
15.61000,1.98000,0.97481,0.00000,0.00378,0.00000,0.02141
15.81000,1.98000,0.97992,0.00000,0.00266,0.00000,0.01742
16.01000,1.98000,0.98475,0.00000,0.00227,0.00000,0.01298
16.21000,1.98000,0.99155,0.00000,0.00139,0.00000,0.00706
16.41000,1.98000,0.99247,0.00000,0.00134,0.00000,0.00619
16.61000,1.98000,0.99216,0.00000,0.00111,0.00000,0.00673
16.81000,1.98000,0.99096,0.00000,0.00099,0.00000,0.00805
17.01000,1.98000,0.99217,0.00000,0.00099,0.00000,0.00684
17.21000,1.98000,0.99199,0.00000,0.00097,0.00000,0.00705
17.41000,1.98000,0.99210,0.00000,0.00098,0.00000,0.00692
17.61000,1.98000,0.99219,0.00000,0.00094,0.00000,0.00687
17.81000,1.98000,0.99251,0.00000,0.00094,0.00000,0.00655
18.01000,1.98000,0.99455,0.00000,0.00181,0.00000,0.00364
18.21000,1.98000,0.99890,0.00000,0.00077,0.00000,0.00032
18.41000,1.98000,0.99108,0.00000,0.00417,0.00000,0.00475
18.61000,1.98000,0.97862,0.00000,0.01275,0.00000,0.00863
18.81000,1.98000,0.96821,0.00000,0.02085,0.00000,0.01094
19.01000,1.98000,0.97245,0.00000,0.01528,0.00000,0.01227
19.21000,1.98000,0.96519,0.00000,0.02195,0.00000,0.01285
19.41000,1.98000,0.97087,0.00000,0.01536,0.00000,0.01376
19.61000,1.98000,0.95730,0.00000,0.02498,0.00002,0.01770
19.81000,1.98000,0.97262,0.00000,0.01338,0.00003,0.01397
20.01000,1.98000,0.97248,0.00000,0.00977,0.00007,0.01767
20.21000,1.98000,0.97329,0.00000,0.00432,0.00008,0.02230
20.41000,1.98000,0.97880,0.00000,0.00203,0.00007,0.01910
20.61000,1.98000,0.97316,0.00000,0.00128,0.00008,0.02549
20.81000,1.98000,0.97833,0.00000,0.00114,0.00007,0.02047
21.01000,1.98000,0.97654,0.00000,0.00114,0.00008,0.02224
21.21000,1.98000,0.97603,0.00000,0.00115,0.00008,0.02274
21.41000,1.98000,0.97533,0.00000,0.00109,0.00008,0.02350
21.61000,1.98000,0.97435,0.00000,0.00112,0.00008,0.02445
21.81000,1.98000,0.97655,0.00000,0.00108,0.00009,0.02229
22.01000,1.98000,0.97721,0.00000,0.00107,0.00007,0.02164
22.21000,1.98000,0.97963,0.00000,0.00100,0.00005,0.01932
22.41000,1.98000,0.98305,0.00000,0.00115,0.00004,0.01576
22.61000,1.98000,0.98452,0.00000,0.00123,0.00003,0.01422
22.81000,1.98000,0.97127,0.00000,0.00273,0.00002,0.02598
23.01000,1.98000,0.97363,0.00000,0.00325,0.00001,0.02310
23.21000,1.98000,0.94833,0.00000,0.00684,0.00001,0.04483
23.41000,1.98000,0.94498,0.00000,0.00741,0.00000,0.04761
23.61000,1.98000,0.94895,0.00000,0.00825,0.00000,0.04280
23.81000,1.98000,0.95041,0.00000,0.00841,0.00000,0.04117
24.01000,1.98000,0.94416,0.00000,0.01116,0.00000,0.04469
24.21000,1.98000,0.94883,0.00000,0.00879,0.00000,0.04238
24.41000,1.98000,0.94759,0.00000,0.00857,0.00000,0.04384
24.61000,1.98000,0.97016,0.00000,0.00502,0.00000,0.02483
24.81000,1.98000,0.97605,0.00000,0.00355,0.00000,0.02041
25.01000,1.98000,0.96688,0.00000,0.00411,0.00000,0.02901
25.21000,1.98000,0.96944,0.00000,0.00333,0.00000,0.02723
25.41000,1.98000,0.96100,0.00000,0.00302,0.00000,0.03598
25.61000,1.98000,0.96553,0.00000,0.00236,0.00000,0.03210
25.81000,1.98000,0.96639,0.00000,0.00241,0.00000,0.03119
26.01000,1.98000,0.97267,0.00000,0.00201,0.00000,0.02532
26.21000,1.98000,0.98291,0.00000,0.00210,0.00000,0.01499
26.41000,1.98000,0.99459,0.00000,0.00256,0.00000,0.00285
26.61000,1.98000,0.99846,0.00000,0.00136,0.00000,0.00018
26.81000,1.98000,0.95656,0.00000,0.03959,0.00000,0.00385
27.01000,1.98000,0.93235,0.00000,0.06378,0.00000,0.00387
27.21000,1.98000,0.92819,0.00000,0.06423,0.00000,0.00758
27.41000,1.98000,0.93779,0.00000,0.05896,0.00000,0.00325
27.61000,1.98000,0.94378,0.00000,0.05003,0.00000,0.00618
27.81000,1.98000,0.93419,0.00000,0.06052,0.00000,0.00529
28.01000,1.98000,0.94176,0.00000,0.04870,0.00000,0.00953
28.21000,1.98000,0.94045,0.00000,0.05249,0.00000,0.00706
28.41000,1.98000,0.98360,0.00000,0.01023,0.00000,0.00616
28.61000,1.98000,0.99575,0.00000,0.00168,0.00000,0.00257
28.81000,1.98000,0.97957,0.00000,0.00108,0.00000,0.01935
29.01000,1.98000,0.98430,0.00000,0.00093,0.00000,0.01477
29.21000,1.98000,0.98112,0.00000,0.00090,0.00000,0.01798
29.41000,1.98000,0.98320,0.00000,0.00085,0.00000,0.01595
29.61000,1.98000,0.98306,0.00000,0.00086,0.00000,0.01608
29.81000,1.98000,0.98413,0.00000,0.00081,0.00000,0.01506
30.01000,1.98000,0.98340,0.00000,0.00095,0.00000,0.01565
30.21000,1.98000,0.98023,0.00000,0.00133,0.00000,0.01844
30.41000,1.98000,0.98429,0.00000,0.00122,0.00000,0.01449
30.61000,1.98000,0.98370,0.00000,0.00146,0.00000,0.01484
30.81000,1.98000,0.98186,0.00000,0.00172,0.00000,0.01641
31.01000,1.98000,0.98313,0.00000,0.00170,0.00000,0.01517
31.21000,1.98000,0.98278,0.00000,0.00190,0.00000,0.01532
31.41000,1.98000,0.98093,0.00000,0.00190,0.00000,0.01717
31.61000,1.98000,0.97922,0.00000,0.00215,0.00000,0.01863
31.81000,1.98000,0.97431,0.00000,0.00257,0.00000,0.02313
32.01000,1.98000,0.98517,0.00000,0.00182,0.00000,0.01301
32.21000,1.98000,0.97916,0.00000,0.00198,0.00000,0.01887
32.41000,1.98000,0.97826,0.00000,0.00199,0.00000,0.01975
32.61000,1.98000,0.97233,0.00000,0.00210,0.00000,0.02557
32.81000,1.98000,0.97791,0.00000,0.00177,0.00000,0.02032
33.01000,1.98000,0.97833,0.00000,0.00185,0.00000,0.01982
33.21000,1.98000,0.98226,0.00000,0.00169,0.00000,0.01605
33.41000,1.98000,0.97937,0.00000,0.00192,0.00000,0.01871
33.61000,1.98000,0.98560,0.00000,0.00162,0.00000,0.01278
33.81000,1.98000,0.98776,0.00000,0.00141,0.00000,0.01083
34.01000,1.98000,0.98788,0.00000,0.00119,0.00000,0.01093
34.21000,1.98000,0.98837,0.00000,0.00119,0.00000,0.01044
34.41000,1.98000,0.99178,0.00000,0.00104,0.00000,0.00719
34.61000,1.98000,0.99233,0.00000,0.00097,0.00000,0.00671
34.81000,1.98000,0.99130,0.00000,0.00101,0.00000,0.00769
35.01000,1.98000,0.99187,0.00000,0.00095,0.00000,0.00718
35.21000,1.98000,0.99216,0.00000,0.00098,0.00000,0.00686
35.41000,1.98000,0.99205,0.00000,0.00096,0.00000,0.00698
35.61000,1.98000,0.99192,0.00000,0.00099,0.00000,0.00709
35.81000,1.98000,0.99203,0.00000,0.00097,0.00000,0.00700
36.01000,1.98000,0.99231,0.00000,0.00098,0.00000,0.00672
36.21000,1.98000,0.99222,0.00000,0.00097,0.00000,0.00680
36.41000,1.98000,0.99191,0.00000,0.00098,0.00000,0.00711
36.61000,1.98000,0.99179,0.00000,0.00100,0.00000,0.00721
36.81000,1.98000,0.99092,0.00000,0.00113,0.00000,0.00795
37.01000,1.98000,0.99694,0.00000,0.00091,0.00000,0.00214
37.21000,1.98000,0.99333,0.00000,0.00234,0.00000,0.00434
37.41000,1.98000,0.99360,0.00000,0.00311,0.00000,0.00330
37.61000,1.98000,0.97346,0.00000,0.01683,0.00000,0.00971
37.81000,1.98000,0.95730,0.00000,0.02514,0.00000,0.01756
38.01000,1.98000,0.94189,0.00000,0.03758,0.00000,0.02053
38.21000,1.98000,0.92957,0.00000,0.03822,0.00001,0.03220
38.41000,1.98000,0.93100,0.00000,0.04192,0.00001,0.02708
38.61000,1.98000,0.91576,0.00000,0.03914,0.00002,0.04508
38.81000,1.98000,0.91196,0.00000,0.04491,0.00005,0.04308
39.01000,1.98000,0.96273,0.00000,0.01568,0.00003,0.02156
39.21000,1.98000,0.95130,0.00000,0.01040,0.00004,0.03827
39.41000,1.98000,0.95003,0.00000,0.00392,0.00002,0.04603
39.61000,1.98000,0.95624,0.00000,0.00203,0.00001,0.04171
39.81000,1.98000,0.96473,0.00000,0.00158,0.00001,0.03368
40.01000,1.98000,0.97277,0.00000,0.00107,0.00001,0.02615
40.21000,1.98000,0.97199,0.00000,0.00108,0.00001,0.02692
40.41000,1.98000,0.97471,0.00000,0.00103,0.00001,0.02425
40.61000,1.98000,0.97636,0.00000,0.00103,0.00001,0.02260
40.81000,1.98000,0.97633,0.00000,0.00100,0.00001,0.02266
41.01000,1.98000,0.97682,0.00000,0.00102,0.00001,0.02215
41.21000,1.98000,0.97577,0.00000,0.00102,0.00001,0.02320
41.41000,1.98000,0.97751,0.00000,0.00098,0.00001,0.02149
41.61000,1.98000,0.97741,0.00000,0.00101,0.00001,0.02157
41.81000,1.98000,0.97584,0.00000,0.00101,0.00001,0.02314
42.01000,1.98000,0.97676,0.00000,0.00099,0.00001,0.02224
42.21000,1.98000,0.97952,0.00000,0.00093,0.00001,0.01954
42.41000,1.98000,0.98204,0.00000,0.00088,0.00001,0.01708
42.61000,1.98000,0.98281,0.00000,0.00087,0.00001,0.01631
42.81000,1.98000,0.98410,0.00000,0.00083,0.00000,0.01507
43.01000,1.98000,0.98482,0.00000,0.00082,0.00000,0.01436
43.21000,1.98000,0.98673,0.00000,0.00081,0.00000,0.01246
43.41000,1.98000,0.98834,0.00000,0.00077,0.00000,0.01089
43.61000,1.98000,0.99060,0.00000,0.00073,0.00000,0.00867
43.81000,1.98000,0.99097,0.00000,0.00076,0.00000,0.00827
44.01000,1.98000,0.99221,0.00000,0.00071,0.00000,0.00708
44.21000,1.98000,0.99245,0.00000,0.00074,0.00000,0.00681
44.41000,1.98000,0.99272,0.00000,0.00076,0.00000,0.00652
44.61000,1.98000,0.99315,0.00000,0.00075,0.00000,0.00610
44.81000,1.98000,0.99398,0.00000,0.00076,0.00000,0.00527
45.01000,1.98000,0.99399,0.00000,0.00082,0.00000,0.00519
45.21000,1.98000,0.99377,0.00000,0.00083,0.00000,0.00541
45.41000,1.98000,0.99325,0.00000,0.00087,0.00000,0.00588
45.61000,1.98000,0.99319,0.00000,0.00090,0.00000,0.00591
45.81000,1.98000,0.99226,0.00000,0.00105,0.00000,0.00669
46.01000,1.98000,0.99274,0.00000,0.00098,0.00000,0.00628
46.21000,1.98000,0.99339,0.00000,0.00097,0.00000,0.00564
46.41000,1.98000,0.99323,0.00000,0.00097,0.00000,0.00579
46.61000,1.98000,0.99396,0.00000,0.00105,0.00000,0.00500
46.81000,1.98000,0.99270,0.00000,0.00116,0.00000,0.00614
47.01000,1.98000,0.99305,0.00000,0.00111,0.00000,0.00584
47.21000,1.98000,0.99246,0.00000,0.00121,0.00000,0.00633
47.41000,1.98000,0.99275,0.00000,0.00115,0.00000,0.00610
47.61000,1.98000,0.99215,0.00000,0.00124,0.00000,0.00662
47.81000,1.98000,0.99252,0.00000,0.00120,0.00000,0.00628
48.01000,1.98000,0.99329,0.00000,0.00116,0.00000,0.00555
48.21000,1.98000,0.99185,0.00000,0.00146,0.00000,0.00668
48.41000,1.98000,0.99121,0.00000,0.00144,0.00000,0.00735
48.61000,1.98000,0.99084,0.00000,0.00137,0.00000,0.00780
48.81000,1.98000,0.99007,0.00000,0.00132,0.00000,0.00861
49.01000,1.98000,0.99055,0.00000,0.00132,0.00000,0.00813
49.21000,1.98000,0.99006,0.00000,0.00130,0.00000,0.00864
49.41000,1.98000,0.99146,0.00000,0.00112,0.00000,0.00742
49.61000,1.98000,0.99101,0.00000,0.00113,0.00000,0.00786
49.81000,1.98000,0.99247,0.00000,0.00110,0.00000,0.00644
50.01000,1.98000,0.99824,0.00000,0.00081,0.00000,0.00095
50.21000,1.98000,0.99508,0.00000,0.00238,0.00000,0.00254
50.41000,1.98000,0.99409,0.00000,0.00457,0.00000,0.00135
50.61000,1.98000,0.96131,0.00000,0.03215,0.00000,0.00654
50.81000,1.98000,0.95957,0.00000,0.03046,0.00000,0.00997
51.01000,1.98000,0.94177,0.00000,0.04558,0.00000,0.01264
51.21000,1.98000,0.94827,0.00000,0.03586,0.00000,0.01587
51.41000,1.98000,0.93940,0.00000,0.04517,0.00000,0.01542
51.61000,1.98000,0.94368,0.00000,0.03655,0.00001,0.01975
51.81000,1.98000,0.94185,0.00000,0.03584,0.00001,0.02230
52.01000,1.98000,0.96522,0.00000,0.01404,0.00001,0.02073
52.21000,1.98000,0.96208,0.00000,0.00761,0.00002,0.03030
52.41000,1.98000,0.96882,0.00000,0.00210,0.00001,0.02908
52.61000,1.98000,0.97350,0.00000,0.00113,0.00001,0.02536
52.81000,1.98000,0.97370,0.00000,0.00100,0.00000,0.02529
53.01000,1.98000,0.97851,0.00000,0.00093,0.00000,0.02056
53.21000,1.98000,0.97858,0.00000,0.00093,0.00000,0.02049
53.41000,1.98000,0.98004,0.00000,0.00092,0.00000,0.01904
53.61000,1.98000,0.98111,0.00000,0.00090,0.00000,0.01799
53.81000,1.98000,0.98070,0.00000,0.00091,0.00000,0.01838
54.01000,1.98000,0.97935,0.00000,0.00093,0.00000,0.01971
54.21000,1.98000,0.97940,0.00000,0.00093,0.00000,0.01967
54.41000,1.98000,0.97963,0.00000,0.00093,0.00000,0.01944
54.61000,1.98000,0.97964,0.00000,0.00094,0.00000,0.01942
54.81000,1.98000,0.97950,0.00000,0.00094,0.00001,0.01956
55.01000,1.98000,0.97953,0.00000,0.00095,0.00001,0.01951
55.21000,1.98000,0.98005,0.00000,0.00092,0.00001,0.01902
55.41000,1.98000,0.98035,0.00000,0.00091,0.00001,0.01874
55.61000,1.98000,0.98071,0.00000,0.00090,0.00001,0.01838
55.81000,1.98000,0.98419,0.00000,0.00084,0.00000,0.01496
56.01000,1.98000,0.98374,0.00000,0.00086,0.00000,0.01539
56.21000,1.98000,0.98339,0.00000,0.00087,0.00000,0.01573
56.41000,1.98000,0.98317,0.00000,0.00086,0.00000,0.01596
56.61000,1.98000,0.98341,0.00000,0.00086,0.00000,0.01573
56.81000,1.98000,0.98355,0.00000,0.00084,0.00000,0.01561
57.01000,1.98000,0.98404,0.00000,0.00080,0.00000,0.01515
57.21000,1.98000,0.98448,0.00000,0.00079,0.00000,0.01472
57.41000,1.98000,0.98436,0.00000,0.00083,0.00000,0.01481
57.61000,1.98000,0.98715,0.00000,0.00073,0.00000,0.01212
57.81000,1.98000,0.98651,0.00000,0.00082,0.00000,0.01267
58.01000,1.98000,0.98881,0.00000,0.00080,0.00000,0.01039
58.21000,1.98000,0.98904,0.00000,0.00083,0.00000,0.01014
58.41000,1.98000,0.99035,0.00000,0.00079,0.00000,0.00885
58.61000,1.98000,0.99098,0.00000,0.00080,0.00000,0.00822
58.81000,1.98000,0.99133,0.00000,0.00080,0.00000,0.00787
59.01000,1.98000,0.99201,0.00000,0.00077,0.00000,0.00721
59.21000,1.98000,0.99264,0.00000,0.00082,0.00000,0.00654
59.41000,1.98000,0.99324,0.00000,0.00078,0.00000,0.00598
59.61000,1.98000,0.99203,0.00000,0.00100,0.00000,0.00698
59.81000,1.98000,0.99140,0.00000,0.00104,0.00000,0.00756
60.01000,1.98000,0.99096,0.00000,0.00110,0.00000,0.00795
60.21000,1.98000,0.99223,0.00000,0.00108,0.00000,0.00669
60.41000,1.98000,0.99225,0.00000,0.00107,0.00000,0.00667
60.61000,1.98000,0.99255,0.00000,0.00111,0.00000,0.00635
60.81000,1.98000,0.99284,0.00000,0.00118,0.00000,0.00598
61.01000,1.98000,0.99316,0.00000,0.00116,0.00000,0.00568
61.21000,1.98000,0.99372,0.00000,0.00117,0.00000,0.00511
61.41000,1.98000,0.99372,0.00000,0.00116,0.00000,0.00512
61.61000,1.98000,0.99442,0.00000,0.00099,0.00000,0.00459
61.81000,1.98000,0.99392,0.00000,0.00098,0.00000,0.00510
62.01000,1.98000,0.99407,0.00000,0.00098,0.00000,0.00495
62.21000,1.98000,0.99446,0.00000,0.00093,0.00000,0.00461
62.41000,1.98000,0.99346,0.00000,0.00114,0.00000,0.00541
62.61000,1.98000,0.99380,0.00000,0.00104,0.00000,0.00516
62.81000,1.98000,0.99224,0.00000,0.00119,0.00000,0.00657
63.01000,1.98000,0.99328,0.00000,0.00110,0.00000,0.00563
63.21000,1.98000,0.99255,0.00000,0.00119,0.00000,0.00626
63.41000,1.98000,0.99219,0.00000,0.00124,0.00000,0.00656
63.61000,1.98000,0.99344,0.00000,0.00146,0.00000,0.00510
63.81000,1.98000,0.99618,0.00000,0.00212,0.00000,0.00170
64.01000,1.98000,0.98544,0.00000,0.00898,0.00000,0.00558
64.21000,1.98000,0.96672,0.00000,0.02469,0.00000,0.00859
64.41000,1.98000,0.94448,0.00000,0.04336,0.00000,0.01216
64.61000,1.98000,0.94849,0.00000,0.03864,0.00000,0.01287
64.81000,1.98000,0.94987,0.00000,0.03736,0.00000,0.01276
65.01000,1.98000,0.95275,0.00000,0.03403,0.00000,0.01322
65.21000,1.98000,0.94685,0.00000,0.03796,0.00000,0.01519
65.41000,1.98000,0.94980,0.00000,0.03385,0.00000,0.01635
65.61000,1.98000,0.96341,0.00000,0.02057,0.00000,0.01602
65.81000,1.98000,0.97435,0.00000,0.00917,0.00000,0.01648
66.01000,1.98000,0.98960,0.00000,0.00218,0.00000,0.00822
66.21000,1.98000,0.98602,0.00000,0.00119,0.00000,0.01279
66.41000,1.98000,0.98832,0.00000,0.00088,0.00000,0.01080
66.61000,1.98000,0.98185,0.00000,0.00103,0.00000,0.01711
66.81000,1.98000,0.98342,0.00000,0.00096,0.00000,0.01562
67.01000,1.98000,0.97851,0.00000,0.00112,0.00000,0.02037
67.21000,1.98000,0.97649,0.00000,0.00119,0.00000,0.02232
67.41000,1.98000,0.98484,0.00000,0.00112,0.00000,0.01404
67.61000,1.98000,0.95694,0.00000,0.00284,0.00000,0.04023
67.81000,1.98000,0.93261,0.00000,0.00558,0.00000,0.06180
68.01000,1.98000,0.93337,0.00000,0.00618,0.00000,0.06044
68.21000,1.98000,0.92305,0.00000,0.00723,0.00000,0.06972
68.41000,1.98000,0.91559,0.00000,0.00956,0.00000,0.07485
68.61000,1.98000,0.95106,0.00000,0.00908,0.00000,0.03986
68.81000,1.98000,0.89682,0.00000,0.01424,0.00000,0.08893
69.01000,1.98000,0.92873,0.00000,0.01327,0.00000,0.05799
69.21000,1.98000,0.94406,0.00000,0.01141,0.00000,0.04453
69.41000,1.98000,0.97201,0.00000,0.00575,0.00000,0.02224
69.61000,1.98000,0.97938,0.00000,0.00339,0.00000,0.01723
69.81000,1.98000,0.97926,0.00000,0.00283,0.00000,0.01791
70.01000,1.98000,0.97945,0.00000,0.00244,0.00000,0.01810
70.21000,1.98000,0.98262,0.00000,0.00263,0.00000,0.01475
70.41000,1.98000,0.98452,0.00000,0.00217,0.00000,0.01332
70.61000,1.98000,0.98698,0.00000,0.00203,0.00000,0.01099
70.81000,1.98000,0.98455,0.00000,0.00222,0.00000,0.01324
71.01000,1.98000,0.98225,0.00000,0.00237,0.00000,0.01538
71.21000,1.98000,0.98318,0.00000,0.00230,0.00000,0.01452
71.41000,1.98000,0.98593,0.00000,0.00257,0.00000,0.01150
71.61000,1.98000,0.98585,0.00000,0.00253,0.00000,0.01162
71.81000,1.98000,0.98958,0.00000,0.00195,0.00000,0.00847
72.01000,1.98000,0.98997,0.00000,0.00227,0.00000,0.00776
72.21000,1.98000,0.99017,0.00000,0.00202,0.00000,0.00781
72.41000,1.98000,0.99090,0.00000,0.00186,0.00000,0.00724
72.61000,1.98000,0.99145,0.00000,0.00193,0.00000,0.00662
72.81000,1.98000,0.99316,0.00000,0.00178,0.00000,0.00506
73.01000,1.98000,0.99167,0.00000,0.00233,0.00000,0.00599
73.21000,1.98000,0.99259,0.00000,0.00205,0.00000,0.00536
73.41000,1.98000,0.99329,0.00000,0.00201,0.00000,0.00470
73.61000,1.98000,0.99240,0.00000,0.00196,0.00000,0.00564
73.81000,1.98000,0.99256,0.00000,0.00206,0.00000,0.00538
74.01000,1.98000,0.99118,0.00000,0.00196,0.00000,0.00685
74.21000,1.98000,0.99150,0.00000,0.00181,0.00000,0.00669
74.41000,1.98000,0.99213,0.00000,0.00152,0.00000,0.00635
74.61000,1.98000,0.99278,0.00000,0.00133,0.00000,0.00588
74.81000,1.98000,0.99217,0.00000,0.00137,0.00000,0.00646
75.01000,1.98000,0.99366,0.00000,0.00117,0.00000,0.00516
75.21000,1.98000,0.99292,0.00000,0.00111,0.00000,0.00597
75.41000,1.98000,0.99166,0.00000,0.00117,0.00000,0.00717
75.61000,1.98000,0.99708,0.00000,0.00081,0.00000,0.00211
75.81000,1.98000,0.99884,0.00000,0.00058,0.00000,0.00058
76.01000,1.98000,0.99439,0.00000,0.00409,0.00000,0.00152
76.21000,1.98000,0.99187,0.00000,0.00665,0.00000,0.00148
76.41000,1.98000,0.97339,0.00000,0.02160,0.00000,0.00501
76.61000,1.98000,0.98323,0.00000,0.01348,0.00000,0.00330
76.81000,1.98000,0.96894,0.00000,0.02412,0.00000,0.00694
77.01000,1.98000,0.98369,0.00000,0.01276,0.00000,0.00355
77.21000,1.98000,0.96865,0.00000,0.02369,0.00000,0.00766
77.41000,1.98000,0.98382,0.00000,0.01196,0.00000,0.00423
77.61000,1.98000,0.97543,0.00000,0.01635,0.00000,0.00822
77.81000,1.98000,0.99269,0.00000,0.00493,0.00000,0.00239
78.01000,1.98000,0.98571,0.00000,0.00232,0.00000,0.01197
78.21000,1.98000,0.99048,0.00000,0.00115,0.00000,0.00836
78.41000,1.98000,0.98968,0.00000,0.00100,0.00000,0.00932
78.61000,1.98000,0.98913,0.00000,0.00099,0.00000,0.00987
78.81000,1.98000,0.99001,0.00000,0.00095,0.00000,0.00903
79.01000,1.98000,0.99083,0.00000,0.00091,0.00000,0.00826
79.21000,1.98000,0.99027,0.00000,0.00093,0.00000,0.00880
79.41000,1.98000,0.99051,0.00000,0.00092,0.00000,0.00857
79.61000,1.98000,0.99073,0.00000,0.00088,0.00000,0.00839
79.81000,1.98000,0.99020,0.00000,0.00092,0.00000,0.00889
80.01000,1.98000,0.99066,0.00000,0.00090,0.00000,0.00844
80.21000,1.98000,0.99116,0.00000,0.00090,0.00000,0.00793
80.41000,1.98000,0.99269,0.00000,0.00091,0.00000,0.00640
80.61000,1.98000,0.99240,0.00000,0.00099,0.00000,0.00661
80.81000,1.98000,0.99310,0.00000,0.00099,0.00000,0.00590
81.01000,1.98000,0.99351,0.00000,0.00099,0.00000,0.00549
81.21000,1.98000,0.99613,0.00000,0.00083,0.00000,0.00303
81.41000,1.98000,0.99490,0.00000,0.00128,0.00000,0.00382
81.61000,1.98000,0.99346,0.00000,0.00174,0.00000,0.00480
81.81000,1.98000,0.99378,0.00000,0.00172,0.00000,0.00451
82.01000,1.98000,0.99332,0.00000,0.00205,0.00000,0.00464
82.21000,1.98000,0.99309,0.00000,0.00217,0.00000,0.00473
82.41000,1.98000,0.99289,0.00000,0.00228,0.00000,0.00484
82.61000,1.98000,0.99235,0.00000,0.00221,0.00000,0.00545
82.81000,1.98000,0.99150,0.00000,0.00245,0.00000,0.00606
83.01000,1.98000,0.99201,0.00000,0.00224,0.00000,0.00575
83.21000,1.98000,0.98948,0.00000,0.00228,0.00000,0.00824
83.41000,1.98000,0.99054,0.00000,0.00209,0.00000,0.00738
83.61000,1.98000,0.99137,0.00000,0.00172,0.00000,0.00690
83.81000,1.98000,0.99243,0.00000,0.00152,0.00000,0.00606
84.01000,1.98000,0.99276,0.00000,0.00145,0.00000,0.00579
84.21000,1.98000,0.99352,0.00000,0.00126,0.00000,0.00522
84.41000,1.98000,0.99332,0.00000,0.00133,0.00000,0.00534
84.61000,1.98000,0.99332,0.00000,0.00131,0.00000,0.00537
84.81000,1.98000,0.99127,0.00000,0.00148,0.00000,0.00725
85.01000,1.98000,0.99253,0.00000,0.00135,0.00000,0.00612
85.21000,1.98000,0.99303,0.00000,0.00128,0.00000,0.00568
85.41000,1.98000,0.99290,0.00000,0.00122,0.00000,0.00587
85.61000,1.98000,0.99067,0.00000,0.00151,0.00000,0.00782
85.81000,1.98000,0.99037,0.00000,0.00192,0.00000,0.00771
86.01000,1.98000,0.99322,0.00000,0.00262,0.00000,0.00416
86.21000,1.98000,0.98600,0.00000,0.00811,0.00000,0.00589
86.41000,1.98000,0.96739,0.00000,0.02298,0.00000,0.00963
86.61000,1.98000,0.96643,0.00000,0.02492,0.00000,0.00865
86.81000,1.98000,0.95474,0.00000,0.03265,0.00000,0.01261
87.01000,1.98000,0.96483,0.00000,0.02580,0.00000,0.00937
87.21000,1.98000,0.95627,0.00000,0.02991,0.00000,0.01382
87.41000,1.98000,0.96527,0.00000,0.02536,0.00000,0.00937
87.61000,1.98000,0.96484,0.00000,0.02346,0.00000,0.01170
87.81000,1.98000,0.97953,0.00000,0.01349,0.00000,0.00698
88.01000,1.98000,0.97325,0.00000,0.00629,0.00000,0.02046
88.21000,1.98000,0.98911,0.00000,0.00177,0.00000,0.00912
88.41000,1.98000,0.98635,0.00000,0.00124,0.00000,0.01241
88.61000,1.98000,0.98826,0.00000,0.00100,0.00000,0.01074
88.81000,1.98000,0.98811,0.00000,0.00102,0.00000,0.01087
89.01000,1.98000,0.98819,0.00000,0.00097,0.00000,0.01083
89.21000,1.98000,0.98883,0.00000,0.00096,0.00000,0.01021
89.41000,1.98000,0.98881,0.00000,0.00098,0.00000,0.01021
89.61000,1.98000,0.98883,0.00000,0.00096,0.00000,0.01020
89.81000,1.98000,0.98940,0.00000,0.00095,0.00000,0.00965
90.01000,1.98000,0.98985,0.00000,0.00097,0.00000,0.00919
90.21000,1.98000,0.99010,0.00000,0.00093,0.00000,0.00896
90.41000,1.98000,0.98949,0.00000,0.00097,0.00000,0.00954
90.61000,1.98000,0.98975,0.00000,0.00097,0.00000,0.00929
90.81000,1.98000,0.99011,0.00000,0.00095,0.00000,0.00894
91.01000,1.98000,0.99008,0.00000,0.00095,0.00000,0.00898
91.21000,1.98000,0.99012,0.00000,0.00096,0.00000,0.00891
91.41000,1.98000,0.99004,0.00000,0.00095,0.00000,0.00901
91.61000,1.98000,0.98950,0.00000,0.00098,0.00000,0.00952
91.81000,1.98000,0.98962,0.00000,0.00095,0.00000,0.00943
92.01000,1.98000,0.98954,0.00000,0.00092,0.00000,0.00954
92.21000,1.98000,0.98946,0.00000,0.00095,0.00000,0.00959
92.41000,1.98000,0.98939,0.00000,0.00094,0.00000,0.00967
92.61000,1.98000,0.98802,0.00000,0.00105,0.00000,0.01093
92.81000,1.98000,0.98954,0.00000,0.00092,0.00000,0.00955
93.01000,1.98000,0.98988,0.00000,0.00099,0.00000,0.00912
93.21000,1.98000,0.98969,0.00000,0.00102,0.00000,0.00929
93.41000,1.98000,0.98981,0.00000,0.00103,0.00000,0.00916
93.61000,1.98000,0.99264,0.00000,0.00100,0.00000,0.00636
93.81000,1.98000,0.99090,0.00000,0.00132,0.00000,0.00778
94.01000,1.98000,0.99023,0.00000,0.00154,0.00000,0.00824
94.21000,1.98000,0.99020,0.00000,0.00160,0.00000,0.00819
94.41000,1.98000,0.99145,0.00000,0.00165,0.00000,0.00689
94.61000,1.98000,0.99237,0.00000,0.00186,0.00000,0.00577
94.81000,1.98000,0.99288,0.00000,0.00178,0.00000,0.00535
95.01000,1.98000,0.99277,0.00000,0.00190,0.00000,0.00533
95.21000,1.98000,0.99273,0.00000,0.00206,0.00000,0.00521
95.41000,1.98000,0.99346,0.00000,0.00202,0.00000,0.00453
95.61000,1.98000,0.99506,0.00000,0.00159,0.00000,0.00335
95.81000,1.98000,0.99465,0.00000,0.00162,0.00000,0.00373
96.01000,1.98000,0.99422,0.00000,0.00194,0.00000,0.00384
96.21000,1.98000,0.99036,0.00000,0.00404,0.00000,0.00560
96.41000,1.98000,0.98792,0.00000,0.00500,0.00000,0.00708
96.61000,1.98000,0.98340,0.00000,0.00544,0.00000,0.01116
96.81000,1.98000,0.98410,0.00000,0.00526,0.00000,0.01064
97.01000,1.98000,0.98344,0.00000,0.00513,0.00000,0.01144
97.21000,1.98000,0.98115,0.00000,0.00530,0.00000,0.01354
97.41000,1.98000,0.97651,0.00000,0.00650,0.00000,0.01699
97.61000,1.98000,0.97556,0.00000,0.00600,0.00000,0.01844
97.81000,1.98000,0.97873,0.00000,0.00582,0.00000,0.01545
98.01000,1.98000,0.98007,0.00000,0.00485,0.00000,0.01508
98.21000,1.98000,0.99008,0.00000,0.00239,0.00000,0.00754
98.41000,1.98000,0.99605,0.00000,0.00165,0.00000,0.00230
98.61000,1.98000,0.98477,0.00000,0.00867,0.00000,0.00655
98.81000,1.98000,0.94392,0.00000,0.03558,0.00000,0.02050
99.01000,1.98000,0.93729,0.00000,0.03092,0.00000,0.03179
99.21000,1.98000,0.93241,0.00000,0.03970,0.00000,0.02789
99.41000,1.98000,0.93949,0.00000,0.02771,0.00000,0.03280
99.61000,1.98000,0.93576,0.00000,0.03622,0.00000,0.02802
99.81000,1.98000,0.94355,0.00000,0.02436,0.00000,0.03209
100.01000,1.98000,0.94772,0.00000,0.03018,0.00000,0.02210
100.21000,1.98000,0.96253,0.00000,0.01530,0.00000,0.02217
100.41000,1.98000,0.97286,0.00000,0.00743,0.00000,0.01970
100.61000,1.98000,0.98071,0.00000,0.00162,0.00000,0.01768
100.81000,1.98000,0.98831,0.00000,0.00152,0.00000,0.01017
101.01000,1.98000,0.98666,0.00000,0.00147,0.00000,0.01187
101.21000,1.98000,0.98796,0.00000,0.00142,0.00000,0.01062
101.41000,1.98000,0.98865,0.00000,0.00145,0.00000,0.00990
101.61000,1.98000,0.98711,0.00000,0.00158,0.00000,0.01131
101.81000,1.98000,0.98626,0.00000,0.00158,0.00000,0.01216
102.01000,1.98000,0.98911,0.00000,0.00137,0.00000,0.00953
102.21000,1.98000,0.98892,0.00000,0.00148,0.00000,0.00959
102.41000,1.98000,0.98802,0.00000,0.00152,0.00000,0.01046
102.61000,1.98000,0.98931,0.00000,0.00134,0.00000,0.00935
102.81000,1.98000,0.98927,0.00000,0.00122,0.00000,0.00951
103.01000,1.98000,0.98976,0.00000,0.00127,0.00000,0.00897
103.21000,1.98000,0.98944,0.00000,0.00112,0.00000,0.00944
103.41000,1.98000,0.99034,0.00000,0.00096,0.00000,0.00870
103.61000,1.98000,0.99036,0.00000,0.00092,0.00000,0.00872
103.81000,1.98000,0.99122,0.00000,0.00106,0.00000,0.00772
104.01000,1.98000,0.98921,0.00000,0.00113,0.00000,0.00966
104.21000,1.98000,0.99000,0.00000,0.00125,0.00000,0.00875
104.41000,1.98000,0.99109,0.00000,0.00107,0.00000,0.00783
104.61000,1.98000,0.99168,0.00000,0.00116,0.00000,0.00717
104.81000,1.98000,0.99129,0.00000,0.00128,0.00000,0.00742
105.01000,1.98000,0.99231,0.00000,0.00123,0.00000,0.00646
105.21000,1.98000,0.99282,0.00000,0.00131,0.00000,0.00587
105.41000,1.98000,0.99374,0.00000,0.00124,0.00000,0.00502
105.61000,1.98000,0.99257,0.00000,0.00158,0.00000,0.00585
105.81000,1.98000,0.99359,0.00000,0.00140,0.00000,0.00502
106.01000,1.98000,0.99330,0.00000,0.00139,0.00000,0.00531
106.21000,1.98000,0.99098,0.00000,0.00164,0.00000,0.00738
106.41000,1.98000,0.98751,0.00000,0.00204,0.00000,0.01045
106.61000,1.98000,0.98865,0.00000,0.00190,0.00000,0.00945
106.81000,1.98000,0.98849,0.00000,0.00192,0.00000,0.00958
107.01000,1.98000,0.98929,0.00000,0.00191,0.00000,0.00880
107.21000,1.98000,0.98773,0.00000,0.00221,0.00000,0.01006
107.41000,1.98000,0.98195,0.00000,0.00229,0.00000,0.01576
107.61000,1.98000,0.97344,0.00000,0.00288,0.00000,0.02367
107.81000,1.98000,0.97879,0.00000,0.00246,0.00000,0.01875
108.01000,1.98000,0.98135,0.00000,0.00218,0.00000,0.01646
108.21000,1.98000,0.98625,0.00000,0.00171,0.00000,0.01204
108.41000,1.98000,0.98737,0.00000,0.00169,0.00000,0.01093
108.61000,1.98000,0.99041,0.00000,0.00136,0.00000,0.00823
108.81000,1.98000,0.99782,0.00000,0.00087,0.00000,0.00130
109.01000,1.98000,0.99336,0.00000,0.00308,0.00000,0.00356
109.21000,1.98000,0.97710,0.00000,0.01676,0.00000,0.00614
109.41000,1.98000,0.95774,0.00000,0.03191,0.00000,0.01035
109.61000,1.98000,0.93520,0.00000,0.05058,0.00000,0.01422
109.81000,1.98000,0.94601,0.00000,0.04068,0.00000,0.01331
110.01000,1.98000,0.91657,0.00000,0.06418,0.00000,0.01925
110.21000,1.98000,0.94892,0.00000,0.03760,0.00000,0.01348
110.41000,1.98000,0.92041,0.00000,0.05875,0.00000,0.02084
110.61000,1.98000,0.95191,0.00000,0.03335,0.00000,0.01474
110.81000,1.98000,0.95859,0.00000,0.02961,0.00000,0.01180
111.01000,1.98000,0.98838,0.00000,0.00496,0.00000,0.00665
111.21000,1.98000,0.98444,0.00000,0.00142,0.00000,0.01414
111.41000,1.98000,0.98565,0.00000,0.00115,0.00000,0.01320
111.61000,1.98000,0.98831,0.00000,0.00110,0.00000,0.01059
111.81000,1.98000,0.98910,0.00000,0.00093,0.00000,0.00998
112.01000,1.98000,0.98945,0.00000,0.00090,0.00000,0.00964
112.21000,1.98000,0.98983,0.00000,0.00087,0.00000,0.00930
112.41000,1.98000,0.99051,0.00000,0.00086,0.00000,0.00863
112.61000,1.98000,0.99294,0.00000,0.00078,0.00000,0.00628
112.81000,1.98000,0.99170,0.00000,0.00103,0.00000,0.00726
113.01000,1.98000,0.99161,0.00000,0.00103,0.00000,0.00737
113.21000,1.98000,0.99185,0.00000,0.00105,0.00000,0.00710
113.41000,1.98000,0.99026,0.00000,0.00127,0.00000,0.00846
113.61000,1.98000,0.98954,0.00000,0.00147,0.00000,0.00900
113.81000,1.98000,0.98812,0.00000,0.00163,0.00000,0.01025
114.01000,1.98000,0.98849,0.00000,0.00168,0.00000,0.00983
114.21000,1.98000,0.98763,0.00000,0.00164,0.00000,0.01073
114.41000,1.98000,0.98743,0.00000,0.00171,0.00000,0.01085
114.61000,1.98000,0.98921,0.00000,0.00151,0.00000,0.00928
114.81000,1.98000,0.98598,0.00000,0.00163,0.00000,0.01239
115.01000,1.98000,0.98482,0.00000,0.00179,0.00000,0.01339
115.21000,1.98000,0.98639,0.00000,0.00182,0.00000,0.01179
115.41000,1.98000,0.98840,0.00000,0.00160,0.00000,0.01000
115.61000,1.98000,0.98568,0.00000,0.00161,0.00000,0.01271
115.81000,1.98000,0.98972,0.00000,0.00148,0.00000,0.00880
116.01000,1.98000,0.98747,0.00000,0.00162,0.00000,0.01091
116.21000,1.98000,0.98790,0.00000,0.00171,0.00000,0.01039
116.41000,1.98000,0.98449,0.00000,0.00196,0.00000,0.01355
116.61000,1.98000,0.98283,0.00000,0.00218,0.00000,0.01499
116.81000,1.98000,0.98119,0.00000,0.00221,0.00000,0.01660
117.01000,1.98000,0.98172,0.00000,0.00226,0.00000,0.01601
117.21000,1.98000,0.98468,0.00000,0.00177,0.00000,0.01355
117.41000,1.98000,0.98450,0.00000,0.00210,0.00000,0.01340
117.61000,1.98000,0.98649,0.00000,0.00194,0.00000,0.01157
117.81000,1.98000,0.99469,0.00000,0.00129,0.00000,0.00403
118.01000,1.98000,0.99128,0.00000,0.00288,0.00000,0.00584
118.21000,1.98000,0.99227,0.00000,0.00667,0.00000,0.00106
118.41000,1.98000,0.91205,0.00000,0.07958,0.00000,0.00837
118.61000,1.98000,0.89945,0.00000,0.09152,0.00000,0.00903
118.81000,1.98000,0.86623,0.00000,0.12177,0.00000,0.01200
119.01000,1.98000,0.90218,0.00000,0.08768,0.00000,0.01013
119.21000,1.98000,0.86424,0.00000,0.12059,0.00000,0.01517
119.41000,1.98000,0.90705,0.00000,0.07990,0.00000,0.01305
119.61000,1.98000,0.87441,0.00000,0.10889,0.00000,0.01669
119.81000,1.98000,0.93899,0.00000,0.05242,0.00000,0.00859
120.01000,1.98000,0.97204,0.00000,0.02060,0.00000,0.00736
120.21000,1.98000,0.99176,0.00000,0.00481,0.00000,0.00344
120.41000,1.98000,0.98945,0.00000,0.00160,0.00000,0.00895
120.61000,1.98000,0.99055,0.00000,0.00100,0.00000,0.00845
120.81000,1.98000,0.99130,0.00000,0.00099,0.00000,0.00771
121.01000,1.98000,0.99206,0.00000,0.00092,0.00000,0.00701
121.21000,1.98000,0.99107,0.00000,0.00096,0.00000,0.00797
121.41000,1.98000,0.99146,0.00000,0.00097,0.00000,0.00757
121.61000,1.98000,0.99044,0.00000,0.00099,0.00000,0.00857
121.81000,1.98000,0.99039,0.00000,0.00102,0.00000,0.00859
122.01000,1.98000,0.99085,0.00000,0.00102,0.00000,0.00813
122.21000,1.98000,0.99146,0.00000,0.00102,0.00000,0.00752
122.41000,1.98000,0.99094,0.00000,0.00108,0.00000,0.00797
122.61000,1.98000,0.99132,0.00000,0.00108,0.00000,0.00760
122.81000,1.98000,0.99001,0.00000,0.00125,0.00000,0.00874
123.01000,1.98000,0.98746,0.00000,0.00170,0.00000,0.01083
123.21000,1.98000,0.98669,0.00000,0.00181,0.00000,0.01150
123.41000,1.98000,0.98647,0.00000,0.00195,0.00000,0.01158
123.61000,1.98000,0.98447,0.00000,0.00287,0.00000,0.01266
123.81000,1.98000,0.97891,0.00000,0.00424,0.00000,0.01685
124.01000,1.98000,0.97971,0.00000,0.00373,0.00000,0.01656
124.21000,1.98000,0.97955,0.00000,0.00438,0.00000,0.01607
124.41000,1.98000,0.97872,0.00000,0.00467,0.00000,0.01661
124.61000,1.98000,0.97396,0.00000,0.00707,0.00000,0.01897
124.81000,1.98000,0.97679,0.00000,0.00593,0.00000,0.01728
125.01000,1.98000,0.97122,0.00000,0.00726,0.00000,0.02151
125.21000,1.98000,0.98912,0.00000,0.00503,0.00000,0.00586
125.41000,1.98000,0.98801,0.00000,0.00909,0.00000,0.00289
125.61000,1.98000,0.96073,0.00000,0.03346,0.00000,0.00581
125.81000,1.98000,0.96391,0.00000,0.03339,0.00000,0.00270
126.01000,1.98000,0.88546,0.00000,0.10583,0.00000,0.00871
126.21000,1.98000,0.89001,0.00000,0.10132,0.00000,0.00868
126.41000,1.98000,0.90754,0.00000,0.08309,0.00000,0.00937
126.61000,1.98000,0.91667,0.00000,0.07355,0.00000,0.00978
126.81000,1.98000,0.94851,0.00000,0.04477,0.00000,0.00673
127.01000,1.98000,0.94881,0.00000,0.04478,0.00000,0.00641
127.21000,1.98000,0.96895,0.00000,0.02454,0.00000,0.00650
127.41000,1.98000,0.98622,0.00000,0.00779,0.00000,0.00599
127.61000,1.98000,0.98772,0.00000,0.00340,0.00000,0.00888
127.81000,1.98000,0.99033,0.00000,0.00121,0.00000,0.00846
128.00999,1.98001,0.98989,0.00000,0.00101,0.00000,0.00910
128.21001,1.98000,0.99132,0.00000,0.00088,0.00000,0.00780
128.41000,1.98000,0.99119,0.00000,0.00089,0.00000,0.00792
128.61000,1.98000,0.99057,0.00000,0.00100,0.00000,0.00844
128.81000,1.98000,0.99208,0.00000,0.00091,0.00000,0.00701
129.00999,1.98001,0.99274,0.00000,0.00093,0.00000,0.00633
129.21001,1.98000,0.99288,0.00000,0.00124,0.00000,0.00588
129.41000,1.98000,0.99188,0.00000,0.00130,0.00000,0.00682
129.61000,1.98000,0.99182,0.00000,0.00147,0.00000,0.00671
129.81000,1.98000,0.99111,0.00000,0.00173,0.00000,0.00716
130.00999,1.98001,0.99176,0.00000,0.00170,0.00000,0.00654
130.21001,1.98000,0.99235,0.00000,0.00174,0.00000,0.00591
130.41000,1.98000,0.99143,0.00000,0.00204,0.00000,0.00653
130.61000,1.98000,0.99127,0.00000,0.00222,0.00000,0.00651
130.81000,1.98000,0.99156,0.00000,0.00209,0.00000,0.00634
131.00999,1.98001,0.99208,0.00000,0.00225,0.00000,0.00567
131.21001,1.98000,0.99097,0.00000,0.00177,0.00000,0.00726
131.41000,1.98000,0.99162,0.00000,0.00156,0.00000,0.00682
131.61000,1.98000,0.99170,0.00000,0.00135,0.00000,0.00695
131.81000,1.98000,0.99139,0.00000,0.00144,0.00000,0.00717
132.00999,1.98001,0.99029,0.00000,0.00128,0.00000,0.00843
