Time (seconds), Duration (seconds),pred_(unlabeled),pred_circle,pred_shaking
0.01000,1.98000,0.21329,0.00003,0.78669
0.21000,1.98000,0.34094,0.00006,0.65900
0.41000,1.98000,0.24254,0.00006,0.75740
0.61000,1.98000,0.38432,0.00017,0.61551
0.81000,1.98000,0.37718,0.00065,0.62217
1.01000,1.98000,0.30925,0.00055,0.69020
1.21000,1.98000,0.26671,0.00041,0.73288
1.41000,1.98000,0.27669,0.00013,0.72317
1.61000,1.98000,0.37083,0.00078,0.62839
1.81000,1.98000,0.25620,0.00085,0.74295
2.01000,1.98000,0.26281,0.00114,0.73605
2.21000,1.98000,0.20727,0.00018,0.79255
2.41000,1.98000,0.21055,0.00002,0.78943
2.61000,1.98000,0.09533,0.00000,0.90467
2.81000,1.98000,0.10486,0.00000,0.89514
3.01000,1.98000,0.10358,0.00001,0.89641
3.21000,1.98000,0.16603,0.00003,0.83395
3.41000,1.98000,0.13277,0.00002,0.86721
3.61000,1.98000,0.14560,0.00001,0.85439
3.81000,1.98000,0.12400,0.00002,0.87598
4.01000,1.98000,0.13028,0.00008,0.86964
4.21000,1.98000,0.14001,0.00036,0.85963
4.41000,1.98000,0.18307,0.01547,0.80146
4.61000,1.98000,0.19011,0.02120,0.78869
4.81000,1.98000,0.22513,0.01166,0.76321
5.01000,1.98000,0.15466,0.00699,0.83835
5.21000,1.98000,0.19791,0.01259,0.78951
5.41000,1.98000,0.14606,0.01952,0.83442
5.61000,1.98000,0.18085,0.02767,0.79148
5.81000,1.98000,0.29598,0.08107,0.62295
6.01000,1.98000,0.32504,0.06736,0.60759
6.21000,1.98000,0.34775,0.03776,0.61449
6.41000,1.98000,0.33762,0.01931,0.64306
6.61000,1.98000,0.19626,0.09468,0.70906
6.81000,1.98000,0.36979,0.01487,0.61534
7.01000,1.98000,0.44367,0.01331,0.54302
7.21000,1.98000,0.33650,0.00397,0.65953
7.41000,1.98000,0.35969,0.00098,0.63933
7.61000,1.98000,0.25975,0.00012,0.74013
7.81000,1.98000,0.21951,0.00004,0.78045
8.01000,1.98000,0.20704,0.00001,0.79296
8.21000,1.98000,0.18413,0.00000,0.81587
8.41000,1.98000,0.20488,0.00001,0.79511
8.61000,1.98000,0.25628,0.00001,0.74371
8.81000,1.98000,0.24613,0.00002,0.75385
9.01000,1.98000,0.23797,0.00006,0.76197
9.21000,1.98000,0.22624,0.00016,0.77360
9.41000,1.98000,0.22745,0.00016,0.77238
9.61000,1.98000,0.23298,0.00332,0.76370
9.81000,1.98000,0.28437,0.00289,0.71274
10.01000,1.98000,0.23953,0.00597,0.75450
10.21000,1.98000,0.15112,0.00166,0.84722
10.41000,1.98000,0.12246,0.00462,0.87292
10.61000,1.98000,0.13644,0.00155,0.86201
10.81000,1.98000,0.11637,0.00027,0.88336
11.01000,1.98000,0.03687,0.00008,0.96305
11.21000,1.98000,0.03024,0.00016,0.96960
11.41000,1.98000,0.02976,0.00045,0.96979
11.61000,1.98000,0.02395,0.00000,0.97605
11.81000,1.98000,0.03111,0.00001,0.96888
12.01000,1.98000,0.04550,0.00000,0.95449
12.21000,1.98000,0.06732,0.00001,0.93267
12.41000,1.98000,0.06849,0.00001,0.93150
12.61000,1.98000,0.05522,0.00004,0.94474
12.81000,1.98000,0.41079,0.00052,0.58868
13.01000,1.98000,0.28381,0.00013,0.71606
13.21000,1.98000,0.43951,0.00011,0.56038
13.41000,1.98000,0.53485,0.00026,0.46489
13.61000,1.98000,0.41898,0.00515,0.57588
13.81000,1.98000,0.35317,0.01574,0.63109
14.01000,1.98000,0.32275,0.00785,0.66940
14.21000,1.98000,0.36678,0.00675,0.62647
14.41000,1.98000,0.29584,0.00374,0.70042
14.61000,1.98000,0.26507,0.00175,0.73318
14.81000,1.98000,0.20574,0.00389,0.79037
15.01000,1.98000,0.23127,0.00111,0.76762
15.21000,1.98000,0.11425,0.00040,0.88535
15.41000,1.98000,0.10178,0.00044,0.89779
15.61000,1.98000,0.08841,0.00033,0.91126
15.81000,1.98000,0.06596,0.00012,0.93391
16.01000,1.98000,0.07613,0.00025,0.92362
16.21000,1.98000,0.06113,0.00080,0.93807
16.41000,1.98000,0.06536,0.00178,0.93286
16.61000,1.98000,0.07383,0.00176,0.92442
16.81000,1.98000,0.04287,0.00515,0.95198
17.01000,1.98000,0.04243,0.00236,0.95522
17.21000,1.98000,0.04865,0.00160,0.94975
17.41000,1.98000,0.06467,0.00145,0.93388
17.61000,1.98000,0.06969,0.00048,0.92983
17.81000,1.98000,0.05065,0.00044,0.94891
18.01000,1.98000,0.07056,0.00029,0.92915
18.21000,1.98000,0.07172,0.00008,0.92820
18.41000,1.98000,0.07023,0.00007,0.92970
18.61000,1.98000,0.09571,0.00006,0.90423
18.81000,1.98000,0.09779,0.00010,0.90211
19.01000,1.98000,0.09246,0.00018,0.90736
19.21000,1.98000,0.08041,0.00018,0.91941
19.41000,1.98000,0.07942,0.00119,0.91940
19.61000,1.98000,0.09460,0.00122,0.90418
19.81000,1.98000,0.14071,0.00401,0.85528
20.01000,1.98000,0.07958,0.00583,0.91459
20.21000,1.98000,0.09699,0.00101,0.90200
20.41000,1.98000,0.12777,0.00309,0.86915
20.61000,1.98000,0.10855,0.00388,0.88757
20.81000,1.98000,0.10701,0.00132,0.89167
21.01000,1.98000,0.11870,0.00010,0.88119
21.21000,1.98000,0.10484,0.00004,0.89511
21.41000,1.98000,0.09162,0.00001,0.90837
21.61000,1.98000,0.08584,0.00001,0.91415
21.81000,1.98000,0.12831,0.00000,0.87169
22.01000,1.98000,0.09796,0.00000,0.90203
22.21000,1.98000,0.10538,0.00001,0.89461
22.41000,1.98000,0.08861,0.00000,0.91139
22.61000,1.98000,0.11885,0.00000,0.88115
22.81000,1.98000,0.13355,0.00001,0.86644
23.01000,1.98000,0.10807,0.00002,0.89191
23.21000,1.98000,0.18142,0.00010,0.81849
23.41000,1.98000,0.15782,0.00004,0.84214
23.61000,1.98000,0.13304,0.00011,0.86685
23.81000,1.98000,0.13474,0.00058,0.86468
24.01000,1.98000,0.13617,0.00010,0.86373
24.21000,1.98000,0.16795,0.00002,0.83203
24.41000,1.98000,0.09966,0.00009,0.90025
24.61000,1.98000,0.09871,0.00010,0.90119
24.81000,1.98000,0.07703,0.00005,0.92292
25.01000,1.98000,0.09192,0.00004,0.90805
25.21000,1.98000,0.08118,0.00004,0.91878
25.41000,1.98000,0.09457,0.00006,0.90537
25.61000,1.98000,0.11800,0.00002,0.88197
25.81000,1.98000,0.13828,0.00001,0.86171
26.01000,1.98000,0.12838,0.00024,0.87137
26.21000,1.98000,0.11900,0.00004,0.88096
26.41000,1.98000,0.14474,0.00001,0.85525
26.61000,1.98000,0.17324,0.00001,0.82676
26.81000,1.98000,0.20471,0.00002,0.79528
27.01000,1.98000,0.18246,0.00002,0.81753
27.21000,1.98000,0.15406,0.00001,0.84593
27.41000,1.98000,0.12476,0.00000,0.87524
27.61000,1.98000,0.11484,0.00000,0.88516
27.81000,1.98000,0.10002,0.00000,0.89998
28.01000,1.98000,0.13285,0.00000,0.86715
28.21000,1.98000,0.09158,0.00001,0.90841
28.41000,1.98000,0.17681,0.00001,0.82318
28.61000,1.98000,0.10587,0.00010,0.89402
28.81000,1.98000,0.11160,0.00001,0.88839
29.01000,1.98000,0.11737,0.00003,0.88260
29.21000,1.98000,0.04596,0.00024,0.95380
29.41000,1.98000,0.12836,0.00001,0.87163
29.61000,1.98000,0.14302,0.00008,0.85690
29.81000,1.98000,0.08713,0.00024,0.91263
30.01000,1.98000,0.09113,0.00138,0.90748
30.21000,1.98000,0.08362,0.00055,0.91583
30.41000,1.98000,0.04825,0.00044,0.95132
30.61000,1.98000,0.07016,0.00002,0.92982
30.81000,1.98000,0.05584,0.00010,0.94406
31.01000,1.98000,0.06326,0.00003,0.93671
31.21000,1.98000,0.06123,0.00091,0.93787
31.41000,1.98000,0.03305,0.00100,0.96594
31.61000,1.98000,0.11455,0.00000,0.88545
31.81000,1.98000,0.14186,0.00000,0.85814
32.01000,1.98000,0.16305,0.00000,0.83695
32.21000,1.98000,0.25892,0.00000,0.74108
32.41000,1.98000,0.25430,0.00000,0.74569
32.61000,1.98000,0.25455,0.00000,0.74545
32.81000,1.98000,0.28799,0.00000,0.71201
33.01000,1.98000,0.16765,0.00000,0.83235
33.21000,1.98000,0.13790,0.00000,0.86210
33.41000,1.98000,0.08852,0.00003,0.91145
33.61000,1.98000,0.06683,0.00132,0.93185
33.81000,1.98000,0.08039,0.00107,0.91854
34.01000,1.98000,0.03076,0.00022,0.96902
34.21000,1.98000,0.04888,0.00087,0.95025
34.41000,1.98000,0.04861,0.00127,0.95012
34.61000,1.98000,0.04323,0.00711,0.94965
34.81000,1.98000,0.06472,0.00264,0.93264
35.01000,1.98000,0.06900,0.00221,0.92879
35.21000,1.98000,0.11058,0.00131,0.88811
35.41000,1.98000,0.08545,0.00011,0.91443
35.61000,1.98000,0.10436,0.00008,0.89555
35.81000,1.98000,0.12635,0.00016,0.87349
36.01000,1.98000,0.15360,0.00001,0.84638
36.21000,1.98000,0.14619,0.00001,0.85380
36.41000,1.98000,0.14896,0.00001,0.85103
36.61000,1.98000,0.10224,0.00001,0.89775
36.81000,1.98000,0.10338,0.00003,0.89658
37.01000,1.98000,0.12143,0.00004,0.87853
37.21000,1.98000,0.11616,0.00160,0.88223
37.41000,1.98000,0.13169,0.00128,0.86703
37.61000,1.98000,0.12152,0.00179,0.87669
37.81000,1.98000,0.17645,0.00115,0.82240
38.01000,1.98000,0.09130,0.00033,0.90837
38.21000,1.98000,0.07215,0.00045,0.92740
38.41000,1.98000,0.07166,0.00034,0.92800
38.61000,1.98000,0.09463,0.00005,0.90532
38.81000,1.98000,0.05926,0.00003,0.94071
39.01000,1.98000,0.05052,0.00001,0.94947
39.21000,1.98000,0.05526,0.00000,0.94474
39.41000,1.98000,0.04391,0.00000,0.95609
39.61000,1.98000,0.02450,0.00001,0.97549
39.81000,1.98000,0.01825,0.00000,0.98175
40.01000,1.98000,0.02580,0.00000,0.97420
40.21000,1.98000,0.02005,0.00000,0.97995
40.41000,1.98000,0.02041,0.00001,0.97957
40.61000,1.98000,0.02315,0.00001,0.97685
40.81000,1.98000,0.02521,0.00001,0.97478
41.01000,1.98000,0.01500,0.00011,0.98489
41.21000,1.98000,0.01828,0.00007,0.98165
41.41000,1.98000,0.01802,0.00003,0.98195
41.61000,1.98000,0.02408,0.00003,0.97589
41.81000,1.98000,0.02598,0.00000,0.97402
42.01000,1.98000,0.02522,0.00000,0.97478
42.21000,1.98000,0.04137,0.00000,0.95863
42.41000,1.98000,0.04534,0.00000,0.95466
42.61000,1.98000,0.06451,0.00000,0.93549
42.81000,1.98000,0.07849,0.00000,0.92151
43.01000,1.98000,0.10469,0.00000,0.89531
43.21000,1.98000,0.12454,0.00000,0.87546
43.41000,1.98000,0.12427,0.00000,0.87573
43.61000,1.98000,0.13550,0.00001,0.86449
43.81000,1.98000,0.16755,0.00001,0.83245
44.01000,1.98000,0.15287,0.00001,0.84712
44.21000,1.98000,0.18394,0.00000,0.81606
44.41000,1.98000,0.13818,0.00005,0.86177
44.61000,1.98000,0.08680,0.00002,0.91318
44.81000,1.98000,0.09152,0.00009,0.90840
45.01000,1.98000,0.05251,0.00009,0.94739
45.21000,1.98000,0.08123,0.00017,0.91860
45.41000,1.98000,0.08273,0.00005,0.91721
45.61000,1.98000,0.07463,0.00011,0.92526
45.81000,1.98000,0.10797,0.00009,0.89194
46.01000,1.98000,0.26735,0.00120,0.73145
46.21000,1.98000,0.21571,0.00117,0.78312
46.41000,1.98000,0.20329,0.00124,0.79547
46.61000,1.98000,0.16494,0.00200,0.83306
46.81000,1.98000,0.18509,0.00640,0.80851
47.01000,1.98000,0.21393,0.00300,0.78307
47.21000,1.98000,0.19994,0.02488,0.77519
47.41000,1.98000,0.12673,0.01228,0.86099
47.61000,1.98000,0.14635,0.03817,0.81548
47.81000,1.98000,0.06862,0.02251,0.90887
48.01000,1.98000,0.06486,0.01813,0.91701
48.21000,1.98000,0.05615,0.00762,0.93623
48.41000,1.98000,0.04897,0.00455,0.94647
48.61000,1.98000,0.07324,0.00015,0.92661
48.81000,1.98000,0.09673,0.00218,0.90109
49.01000,1.98000,0.04124,0.00308,0.95568
49.21000,1.98000,0.04347,0.00420,0.95233
49.41000,1.98000,0.06629,0.00063,0.93308
49.61000,1.98000,0.09715,0.00078,0.90206
49.81000,1.98000,0.10098,0.00074,0.89828
50.01000,1.98000,0.10368,0.00013,0.89618
50.21000,1.98000,0.10379,0.00015,0.89606
50.41000,1.98000,0.09636,0.00012,0.90352
50.61000,1.98000,0.07880,0.00003,0.92117
50.81000,1.98000,0.12970,0.00000,0.87030
51.01000,1.98000,0.09304,0.00000,0.90696
51.21000,1.98000,0.10533,0.00000,0.89467
51.41000,1.98000,0.07511,0.00000,0.92489
51.61000,1.98000,0.06741,0.00000,0.93259
51.81000,1.98000,0.09719,0.00000,0.90281
52.01000,1.98000,0.06619,0.00000,0.93381
52.21000,1.98000,0.08507,0.00000,0.91493
52.41000,1.98000,0.09100,0.00000,0.90900
52.61000,1.98000,0.07244,0.00000,0.92756
52.81000,1.98000,0.07374,0.00000,0.92626
53.01000,1.98000,0.08278,0.00000,0.91722
53.21000,1.98000,0.06019,0.00000,0.93981
53.41000,1.98000,0.04211,0.00000,0.95789
53.61000,1.98000,0.05362,0.00000,0.94638
53.81000,1.98000,0.05196,0.00000,0.94804
54.01000,1.98000,0.04964,0.00000,0.95036
54.21000,1.98000,0.03832,0.00000,0.96168
54.41000,1.98000,0.04446,0.00000,0.95554
54.61000,1.98000,0.03340,0.00000,0.96660
54.81000,1.98000,0.02046,0.00001,0.97953
55.01000,1.98000,0.02714,0.00002,0.97284
55.21000,1.98000,0.02483,0.00002,0.97516
55.41000,1.98000,0.01774,0.00011,0.98215
55.61000,1.98000,0.03068,0.00033,0.96899
55.81000,1.98000,0.01078,0.00093,0.98829
56.01000,1.98000,0.00939,0.00056,0.99006
56.21000,1.98000,0.00650,0.00012,0.99338
56.41000,1.98000,0.00130,0.00001,0.99870
56.61000,1.98000,0.00251,0.00000,0.99749
56.81000,1.98000,0.00292,0.00001,0.99707
57.01000,1.98000,0.00471,0.00000,0.99528
57.21000,1.98000,0.00794,0.00001,0.99206
57.41000,1.98000,0.00462,0.00000,0.99538
57.61000,1.98000,0.00895,0.00000,0.99105
57.81000,1.98000,0.01807,0.00000,0.98193
58.01000,1.98000,0.03190,0.00000,0.96810
58.21000,1.98000,0.05067,0.00000,0.94932
58.41000,1.98000,0.10919,0.00004,0.89077
58.61000,1.98000,0.13954,0.00003,0.86043
58.81000,1.98000,0.12535,0.00007,0.87457
59.01000,1.98000,0.16009,0.00009,0.83982
59.21000,1.98000,0.31431,0.00023,0.68546
59.41000,1.98000,0.18932,0.00058,0.81010
59.61000,1.98000,0.12156,0.00028,0.87816
59.81000,1.98000,0.13837,0.00039,0.86123
60.01000,1.98000,0.07944,0.00021,0.92035
60.21000,1.98000,0.10360,0.00009,0.89632
60.41000,1.98000,0.06185,0.00015,0.93800
60.61000,1.98000,0.06891,0.00014,0.93095
60.81000,1.98000,0.08287,0.00042,0.91671
61.01000,1.98000,0.09735,0.00033,0.90232
61.21000,1.98000,0.04975,0.00017,0.95009
61.41000,1.98000,0.05180,0.02174,0.92646
61.61000,1.98000,0.13083,0.01563,0.85354
61.81000,1.98000,0.12779,0.01207,0.86014
62.01000,1.98000,0.18878,0.08888,0.72235
62.21000,1.98000,0.45921,0.22115,0.31963
62.41000,1.98000,0.35525,0.16729,0.47746
62.61000,1.98000,0.41822,0.29554,0.28624
62.81000,1.98000,0.41302,0.13948,0.44750
63.01000,1.98000,0.31379,0.02975,0.65646
63.21000,1.98000,0.22791,0.01613,0.75596
63.41000,1.98000,0.20490,0.01373,0.78137
63.61000,1.98000,0.20800,0.00405,0.78795
63.81000,1.98000,0.27862,0.01171,0.70967
64.01000,1.98000,0.15103,0.00081,0.84816
64.21000,1.98000,0.10314,0.00035,0.89651
64.41000,1.98000,0.04957,0.00019,0.95024
64.61000,1.98000,0.02645,0.00004,0.97351
64.81000,1.98000,0.02060,0.00001,0.97939
65.01000,1.98000,0.01818,0.00001,0.98182
65.21000,1.98000,0.01844,0.00001,0.98155
65.41000,1.98000,0.02403,0.00000,0.97597
65.61000,1.98000,0.02367,0.00000,0.97632
65.81000,1.98000,0.03028,0.00000,0.96972
66.01000,1.98000,0.02313,0.00000,0.97686
66.21000,1.98000,0.02557,0.00000,0.97443
66.41000,1.98000,0.04096,0.00001,0.95904
66.61000,1.98000,0.03668,0.00001,0.96331
66.81000,1.98000,0.04743,0.00006,0.95251
67.01000,1.98000,0.04057,0.00003,0.95939
67.21000,1.98000,0.03541,0.00003,0.96456
67.41000,1.98000,0.05050,0.00006,0.94944
67.61000,1.98000,0.05098,0.00010,0.94892
67.81000,1.98000,0.04975,0.00007,0.95019
68.01000,1.98000,0.04349,0.00009,0.95642
68.21000,1.98000,0.02784,0.00008,0.97207
68.41000,1.98000,0.04122,0.00004,0.95874
68.61000,1.98000,0.02555,0.00001,0.97444
68.81000,1.98000,0.03146,0.00000,0.96854
69.01000,1.98000,0.02403,0.00001,0.97595
69.21000,1.98000,0.01908,0.00001,0.98090
69.41000,1.98000,0.01496,0.00000,0.98504
69.61000,1.98000,0.01098,0.00000,0.98901
69.81000,1.98000,0.02632,0.00001,0.97367
70.01000,1.98000,0.02497,0.00000,0.97502
70.21000,1.98000,0.02568,0.00000,0.97432
70.41000,1.98000,0.02791,0.00001,0.97208
70.61000,1.98000,0.02164,0.00001,0.97835
70.81000,1.98000,0.05479,0.00004,0.94517
71.01000,1.98000,0.03968,0.00001,0.96031
71.21000,1.98000,0.02200,0.00001,0.97799
71.41000,1.98000,0.03006,0.00001,0.96993
71.61000,1.98000,0.01075,0.00000,0.98925
71.81000,1.98000,0.01046,0.00000,0.98954
72.01000,1.98000,0.01766,0.00000,0.98234
72.21000,1.98000,0.02709,0.00000,0.97291
72.41000,1.98000,0.02235,0.00000,0.97765
72.61000,1.98000,0.02659,0.00000,0.97341
72.81000,1.98000,0.03100,0.00000,0.96900
73.01000,1.98000,0.05832,0.00000,0.94168
73.21000,1.98000,0.06695,0.00000,0.93305
73.41000,1.98000,0.09015,0.00000,0.90985
73.61000,1.98000,0.16533,0.00000,0.83467
73.81000,1.98000,0.15036,0.00000,0.84963
74.01000,1.98000,0.20499,0.00000,0.79501
74.21000,1.98000,0.15817,0.00000,0.84182
74.41000,1.98000,0.21852,0.00003,0.78145
74.61000,1.98000,0.19883,0.00117,0.79999
74.81000,1.98000,0.22114,0.00069,0.77817
75.01000,1.98000,0.24522,0.00043,0.75436
75.21000,1.98000,0.16409,0.00376,0.83215
75.41000,1.98000,0.20525,0.00708,0.78767
75.61000,1.98000,0.22593,0.00126,0.77280
75.81000,1.98000,0.19241,0.01286,0.79473
76.01000,1.98000,0.30875,0.03439,0.65687
76.21000,1.98000,0.19803,0.01375,0.78822
76.41000,1.98000,0.19285,0.02358,0.78357
76.61000,1.98000,0.30647,0.07368,0.61985
76.81000,1.98000,0.31325,0.03914,0.64762
77.01000,1.98000,0.41764,0.08521,0.49715
77.21000,1.98000,0.45370,0.07235,0.47395
77.41000,1.98000,0.47672,0.01202,0.51126
77.61000,1.98000,0.38142,0.04777,0.57081
77.81000,1.98000,0.40053,0.00544,0.59403
78.01000,1.98000,0.40090,0.00296,0.59614
78.21000,1.98000,0.31671,0.00268,0.68061
78.41000,1.98000,0.21003,0.00070,0.78928
78.61000,1.98000,0.13141,0.00062,0.86797
78.81000,1.98000,0.11518,0.00082,0.88400
79.01000,1.98000,0.04875,0.00029,0.95095
79.21000,1.98000,0.07156,0.00175,0.92669
79.41000,1.98000,0.06779,0.00166,0.93055
79.61000,1.98000,0.05934,0.00284,0.93782
79.81000,1.98000,0.05549,0.00854,0.93597
80.01000,1.98000,0.04745,0.00689,0.94566
80.21000,1.98000,0.03886,0.00898,0.95216
80.41000,1.98000,0.04391,0.02835,0.92773
80.61000,1.98000,0.05403,0.01438,0.93159
80.81000,1.98000,0.05145,0.01376,0.93479
81.01000,1.98000,0.01422,0.00922,0.97656
81.21000,1.98000,0.02562,0.00033,0.97406
81.41000,1.98000,0.02864,0.00017,0.97119
81.61000,1.98000,0.02026,0.00001,0.97973
81.81000,1.98000,0.02317,0.00001,0.97682
82.01000,1.98000,0.01957,0.00002,0.98041
82.21000,1.98000,0.03382,0.00003,0.96615
82.41000,1.98000,0.04520,0.00001,0.95479
82.61000,1.98000,0.03760,0.00001,0.96239
82.81000,1.98000,0.03460,0.00001,0.96540
83.01000,1.98000,0.04514,0.00010,0.95476
83.21000,1.98000,0.03266,0.00027,0.96706
83.41000,1.98000,0.03768,0.00011,0.96221
83.61000,1.98000,0.03233,0.00025,0.96742
83.81000,1.98000,0.03383,0.00041,0.96576
84.01000,1.98000,0.05577,0.00050,0.94372
84.21000,1.98000,0.04959,0.00054,0.94987
84.41000,1.98000,0.07342,0.00143,0.92515
84.61000,1.98000,0.07990,0.00033,0.91977
84.81000,1.98000,0.19151,0.00293,0.80556
85.01000,1.98000,0.08935,0.00069,0.90995
85.21000,1.98000,0.14392,0.00034,0.85574
85.41000,1.98000,0.20902,0.00060,0.79038
85.61000,1.98000,0.19455,0.00043,0.80502
85.81000,1.98000,0.28351,0.00122,0.71527
86.01000,1.98000,0.19223,0.00106,0.80671
86.21000,1.98000,0.18244,0.00008,0.81748
86.41000,1.98000,0.10778,0.00009,0.89213
86.61000,1.98000,0.07369,0.00001,0.92631
86.81000,1.98000,0.05413,0.00000,0.94587
87.01000,1.98000,0.06198,0.00000,0.93802
87.21000,1.98000,0.07673,0.00000,0.92326
87.41000,1.98000,0.07806,0.00002,0.92192
87.61000,1.98000,0.12615,0.00003,0.87381
87.81000,1.98000,0.14801,0.00000,0.85199
88.01000,1.98000,0.16953,0.00000,0.83047
88.21000,1.98000,0.17536,0.00000,0.82464
88.41000,1.98000,0.31637,0.00000,0.68363
88.61000,1.98000,0.25209,0.00000,0.74790
88.81000,1.98000,0.36429,0.00000,0.63571
89.01000,1.98000,0.43851,0.00000,0.56149
89.21000,1.98000,0.36137,0.00000,0.63863
89.41000,1.98000,0.29088,0.00000,0.70912
89.61000,1.98000,0.35936,0.00000,0.64064
89.81000,1.98000,0.24669,0.00000,0.75331
90.01000,1.98000,0.26907,0.00000,0.73093
90.21000,1.98000,0.30560,0.00000,0.69440
90.41000,1.98000,0.23439,0.00000,0.76561
90.61000,1.98000,0.27065,0.00000,0.72935
90.81000,1.98000,0.22976,0.00000,0.77024
91.01000,1.98000,0.12013,0.00000,0.87987
91.21000,1.98000,0.13079,0.00000,0.86921
91.41000,1.98000,0.11464,0.00000,0.88536
91.61000,1.98000,0.06409,0.00001,0.93591
91.81000,1.98000,0.06192,0.00001,0.93807
92.01000,1.98000,0.05785,0.00001,0.94214
92.21000,1.98000,0.05196,0.00003,0.94802
92.41000,1.98000,0.04953,0.00015,0.95032
92.61000,1.98000,0.02055,0.00016,0.97929
92.81000,1.98000,0.05497,0.00004,0.94499
93.01000,1.98000,0.03460,0.00004,0.96537
93.21000,1.98000,0.03815,0.00001,0.96183
93.41000,1.98000,0.06276,0.00001,0.93723
93.61000,1.98000,0.05928,0.00000,0.94072
93.81000,1.98000,0.05923,0.00000,0.94077
94.01000,1.98000,0.03984,0.00000,0.96016
94.21000,1.98000,0.02479,0.00000,0.97521
94.41000,1.98000,0.02098,0.00000,0.97902
94.61000,1.98000,0.01375,0.00000,0.98625
94.81000,1.98000,0.01680,0.00000,0.98320
95.01000,1.98000,0.02598,0.00000,0.97402
95.21000,1.98000,0.02039,0.00000,0.97961
95.41000,1.98000,0.02558,0.00000,0.97442
95.61000,1.98000,0.02356,0.00002,0.97642
95.81000,1.98000,0.02794,0.00020,0.97186
96.01000,1.98000,0.00850,0.00006,0.99144
96.21000,1.98000,0.01199,0.00065,0.98736
96.41000,1.98000,0.01502,0.00025,0.98473
96.61000,1.98000,0.00327,0.00091,0.99582
96.81000,1.98000,0.00462,0.00035,0.99503
97.01000,1.98000,0.00132,0.00002,0.99866
97.21000,1.98000,0.00154,0.00001,0.99845
97.41000,1.98000,0.00097,0.00001,0.99902
97.61000,1.98000,0.00031,0.00000,0.99969
97.81000,1.98000,0.00444,0.00000,0.99556
98.01000,1.98000,0.00281,0.00000,0.99719
98.21000,1.98000,0.00351,0.00000,0.99648
98.41000,1.98000,0.00539,0.00000,0.99461
98.61000,1.98000,0.01290,0.00000,0.98710
98.81000,1.98000,0.02482,0.00000,0.97518
99.01000,1.98000,0.02245,0.00000,0.97755
99.21000,1.98000,0.06694,0.00000,0.93306
99.41000,1.98000,0.02491,0.00000,0.97509
99.61000,1.98000,0.01708,0.00000,0.98292
99.81000,1.98000,0.09020,0.00000,0.90980
100.01000,1.98000,0.04950,0.00000,0.95050
100.21000,1.98000,0.04843,0.00001,0.95156
100.41000,1.98000,0.03411,0.00003,0.96585
100.61000,1.98000,0.02722,0.00100,0.97178
100.81000,1.98000,0.01021,0.00320,0.98660
101.01000,1.98000,0.01483,0.00245,0.98272
101.21000,1.98000,0.01324,0.00220,0.98455
101.41000,1.98000,0.02608,0.00761,0.96630
101.61000,1.98000,0.01413,0.00193,0.98395
101.81000,1.98000,0.01393,0.00218,0.98389
102.01000,1.98000,0.01234,0.00587,0.98179
102.21000,1.98000,0.01851,0.00695,0.97453
102.41000,1.98000,0.01535,0.02358,0.96107
102.61000,1.98000,0.00709,0.01960,0.97332
102.81000,1.98000,0.00487,0.02826,0.96686
103.01000,1.98000,0.01192,0.03941,0.94868
103.21000,1.98000,0.01215,0.00924,0.97861
103.41000,1.98000,0.01186,0.00129,0.98685
103.61000,1.98000,0.00524,0.00119,0.99357
103.81000,1.98000,0.00333,0.00216,0.99451
104.01000,1.98000,0.00705,0.00099,0.99196
104.21000,1.98000,0.00777,0.00096,0.99127
104.41000,1.98000,0.00865,0.00044,0.99090
104.61000,1.98000,0.01561,0.00057,0.98382
104.81000,1.98000,0.01112,0.00036,0.98852
105.01000,1.98000,0.02037,0.00079,0.97883
105.21000,1.98000,0.02262,0.01358,0.96380
105.41000,1.98000,0.02240,0.01028,0.96732
105.61000,1.98000,0.04839,0.01025,0.94135
105.81000,1.98000,0.09584,0.01116,0.89299
106.01000,1.98000,0.09078,0.00781,0.90141
106.21000,1.98000,0.06583,0.00235,0.93183
106.41000,1.98000,0.05391,0.00311,0.94298
106.61000,1.98000,0.05568,0.00500,0.93932
106.81000,1.98000,0.03016,0.00420,0.96564
107.01000,1.98000,0.02674,0.00350,0.96976
107.21000,1.98000,0.03889,0.00881,0.95230
107.41000,1.98000,0.08043,0.01383,0.90575
107.61000,1.98000,0.02333,0.00270,0.97397
107.81000,1.98000,0.04934,0.05605,0.89461
108.01000,1.98000,0.06225,0.05654,0.88121
108.21000,1.98000,0.05646,0.16560,0.77795
108.41000,1.98000,0.03062,0.00363,0.96575
108.61000,1.98000,0.07711,0.00226,0.92063
108.81000,1.98000,0.09047,0.00188,0.90766
109.01000,1.98000,0.14371,0.00341,0.85288
109.21000,1.98000,0.19189,0.00424,0.80387
109.41000,1.98000,0.20727,0.00426,0.78847
109.61000,1.98000,0.18207,0.00177,0.81616
109.81000,1.98000,0.11095,0.00155,0.88749
110.01000,1.98000,0.13488,0.00088,0.86424
110.21000,1.98000,0.14507,0.00533,0.84959
110.41000,1.98000,0.23817,0.11152,0.65031
110.61000,1.98000,0.14488,0.07135,0.78376
110.81000,1.98000,0.26355,0.22465,0.51180
111.01000,1.98000,0.16900,0.05289,0.77811
111.21000,1.98000,0.34997,0.11656,0.53347
111.41000,1.98000,0.43412,0.26837,0.29751
111.61000,1.98000,0.69428,0.17436,0.13136
111.81000,1.98000,0.55466,0.15869,0.28665
112.01000,1.98000,0.70624,0.04453,0.24923
112.21000,1.98000,0.79015,0.05411,0.15574
112.41000,1.98000,0.81380,0.06551,0.12070
112.61000,1.98000,0.88391,0.02796,0.08813
112.81000,1.98000,0.94182,0.02785,0.03033
113.01000,1.98000,0.91484,0.05369,0.03147
113.21000,1.98000,0.83366,0.08151,0.08482
113.41000,1.98000,0.78335,0.11482,0.10183
113.61000,1.98000,0.79079,0.01567,0.19353
113.81000,1.98000,0.95124,0.01028,0.03848
114.01000,1.98000,0.77395,0.03355,0.19250
114.21000,1.98000,0.76952,0.03786,0.19262
114.41000,1.98000,0.83319,0.03021,0.13660
114.61000,1.98000,0.76889,0.03618,0.19493
114.81000,1.98000,0.78753,0.04571,0.16676
115.01000,1.98000,0.80801,0.04687,0.14512
115.21000,1.98000,0.76559,0.05079,0.18362
115.41000,1.98000,0.74343,0.06933,0.18724
115.61000,1.98000,0.48559,0.34601,0.16840
115.81000,1.98000,0.48522,0.30331,0.21147
116.01000,1.98000,0.55461,0.31335,0.13204
116.21000,1.98000,0.58202,0.33396,0.08403
116.41000,1.98000,0.25875,0.62700,0.11425
116.61000,1.98000,0.26858,0.57997,0.15145
116.81000,1.98000,0.25535,0.35119,0.39346
117.01000,1.98000,0.25995,0.13771,0.60233
117.21000,1.98000,0.30632,0.14113,0.55255
117.41000,1.98000,0.29551,0.08095,0.62354
117.61000,1.98000,0.27338,0.12611,0.60051
117.81000,1.98000,0.24557,0.11880,0.63563
118.01000,1.98000,0.26018,0.14620,0.59362
118.21000,1.98000,0.25569,0.10020,0.64410
118.41000,1.98000,0.23204,0.03148,0.73648
118.61000,1.98000,0.21433,0.01781,0.76787
118.81000,1.98000,0.08275,0.05076,0.86650
119.01000,1.98000,0.03366,0.05696,0.90938
119.21000,1.98000,0.01405,0.04735,0.93859
119.41000,1.98000,0.01978,0.03680,0.94342
119.61000,1.98000,0.01299,0.01376,0.97325
119.81000,1.98000,0.00634,0.00331,0.99035
120.01000,1.98000,0.00576,0.00218,0.99206
120.21000,1.98000,0.00425,0.00418,0.99158
120.41000,1.98000,0.00813,0.01350,0.97837
120.61000,1.98000,0.00822,0.01742,0.97436
120.81000,1.98000,0.04028,0.03598,0.92374
121.01000,1.98000,0.08006,0.02603,0.89391
121.21000,1.98000,0.21857,0.08307,0.69836
121.41000,1.98000,0.12475,0.11549,0.75976
121.61000,1.98000,0.13492,0.05858,0.80649
121.81000,1.98000,0.14505,0.21281,0.64215
122.01000,1.98000,0.11511,0.29270,0.59219
122.21000,1.98000,0.10755,0.31447,0.57798
122.41000,1.98000,0.03970,0.21974,0.74056
122.61000,1.98000,0.04165,0.17936,0.77899
122.81000,1.98000,0.03014,0.07741,0.89245
123.01000,1.98000,0.01478,0.03441,0.95081
123.21000,1.98000,0.01687,0.02286,0.96027
123.41000,1.98000,0.01266,0.03720,0.95014
123.61000,1.98000,0.00711,0.07378,0.91911
123.81000,1.98000,0.00931,0.08044,0.91025
124.01000,1.98000,0.01723,0.08820,0.89457
124.21000,1.98000,0.01729,0.03994,0.94277
124.41000,1.98000,0.02488,0.02886,0.94627
124.61000,1.98000,0.01281,0.02396,0.96323
124.81000,1.98000,0.01634,0.03241,0.95125
125.01000,1.98000,0.01129,0.02766,0.96106
125.21000,1.98000,0.02077,0.02977,0.94946
125.41000,1.98000,0.04218,0.04113,0.91669
125.61000,1.98000,0.08363,0.03736,0.87901
125.81000,1.98000,0.13210,0.04059,0.82731
126.01000,1.98000,0.21965,0.08079,0.69956
126.21000,1.98000,0.34447,0.12901,0.52652
126.41000,1.98000,0.38297,0.20026,0.41677
126.61000,1.98000,0.39068,0.44854,0.16078
126.81000,1.98000,0.35853,0.40627,0.23519
127.01000,1.98000,0.36284,0.53479,0.10237
127.21000,1.98000,0.30268,0.56053,0.13679
127.41000,1.98000,0.50200,0.47730,0.02069
127.61000,1.98000,0.26058,0.68062,0.05880
127.81000,1.98000,0.25783,0.64224,0.09994
128.00999,1.98001,0.18499,0.54372,0.27130
128.21001,1.98000,0.18242,0.59304,0.22454
128.41000,1.98000,0.17941,0.52008,0.30051
128.61000,1.98000,0.17880,0.24112,0.58008
128.81000,1.98000,0.11951,0.06934,0.81116
129.00999,1.98001,0.09145,0.02361,0.88494
129.21001,1.98000,0.02693,0.01415,0.95892
129.41000,1.98000,0.00505,0.00681,0.98815
129.61000,1.98000,0.00104,0.00259,0.99637
129.81000,1.98000,0.00063,0.00133,0.99804
130.00999,1.98001,0.00161,0.00264,0.99575
130.21001,1.98000,0.00081,0.00062,0.99857
130.41000,1.98000,0.00075,0.00047,0.99878
130.61000,1.98000,0.00074,0.00058,0.99868
130.81000,1.98000,0.00065,0.00089,0.99846
131.00999,1.98001,0.00045,0.00037,0.99919
131.21001,1.98000,0.00093,0.00069,0.99838
131.41000,1.98000,0.00116,0.00083,0.99801
131.61000,1.98000,0.00124,0.00158,0.99718
131.81000,1.98000,0.00525,0.00203,0.99272
132.00999,1.98001,0.01919,0.00383,0.97698
132.21001,1.98000,0.01045,0.00362,0.98593
132.41000,1.98000,0.01514,0.00298,0.98188
132.61000,1.98000,0.01405,0.00088,0.98507
132.81000,1.98000,0.05296,0.00178,0.94526
133.00999,1.98001,0.02365,0.00146,0.97489
133.21001,1.98000,0.01736,0.00081,0.98183
133.41000,1.98000,0.08477,0.00109,0.91414
133.61000,1.98000,0.74520,0.00150,0.25330
133.81000,1.98000,0.85399,0.00134,0.14467
134.00999,1.98001,0.16016,0.00105,0.83879
134.21001,1.98000,0.06227,0.00079,0.93694
134.41000,1.98000,0.02487,0.00058,0.97455
134.61000,1.98000,0.09449,0.01022,0.89529
134.81000,1.98000,0.02226,0.00359,0.97415
135.00999,1.98001,0.01747,0.00261,0.97991
135.21001,1.98000,0.03938,0.00386,0.95676
135.41000,1.98000,0.11929,0.00862,0.87209
135.61000,1.98000,0.02373,0.00447,0.97180
135.81000,1.98000,0.00184,0.00143,0.99673
136.00999,1.98001,0.00115,0.00031,0.99853
136.21001,1.98000,0.00456,0.00105,0.99439
136.41000,1.98000,0.00347,0.00126,0.99527
136.61000,1.98000,0.00249,0.00102,0.99649
136.81000,1.98000,0.01291,0.00332,0.98377
137.00999,1.98001,0.05188,0.01120,0.93692
137.21001,1.98000,0.03639,0.00276,0.96085
137.41000,1.98000,0.04033,0.00388,0.95579
137.61000,1.98000,0.01972,0.00313,0.97715
137.81000,1.98000,0.06285,0.01324,0.92391
138.00999,1.98001,0.10710,0.05772,0.83518
138.21001,1.98000,0.14941,0.07555,0.77504
138.41000,1.98000,0.27708,0.07827,0.64465
138.61000,1.98000,0.34223,0.08859,0.56918
138.81000,1.98000,0.64151,0.08103,0.27746
139.00999,1.98001,0.78218,0.07318,0.14464
139.21001,1.98000,0.69751,0.11716,0.18532
139.41000,1.98000,0.67531,0.07840,0.24630
139.61000,1.98000,0.72382,0.11524,0.16094
139.81000,1.98000,0.68717,0.08936,0.22347
140.00999,1.98001,0.68048,0.14753,0.17199
140.21001,1.98000,0.68615,0.19172,0.12212
140.41000,1.98000,0.55185,0.30514,0.14301
140.61000,1.98000,0.73409,0.13483,0.13108
140.81000,1.98000,0.65279,0.19566,0.15155
141.00999,1.98001,0.35803,0.17220,0.46977
141.21001,1.98000,0.32753,0.24972,0.42275
141.41000,1.98000,0.30740,0.24173,0.45087
141.61000,1.98000,0.22711,0.13571,0.63718
141.81000,1.98000,0.34433,0.27452,0.38115
142.00999,1.98001,0.31085,0.26944,0.41971
142.21001,1.98000,0.26670,0.16105,0.57225
142.41000,1.98000,0.32936,0.06922,0.60142
142.61000,1.98000,0.37476,0.14143,0.48380
142.81000,1.98000,0.09682,0.09481,0.80837
143.00999,1.98001,0.06214,0.06636,0.87150
143.21001,1.98000,0.12627,0.12902,0.74472
143.41000,1.98000,0.15477,0.23444,0.61079
143.61000,1.98000,0.06054,0.12911,0.81035
143.81000,1.98000,0.02862,0.03495,0.93643
144.00999,1.98001,0.01619,0.01186,0.97194
144.21001,1.98000,0.01391,0.01107,0.97503
144.41000,1.98000,0.00309,0.00172,0.99519
144.61000,1.98000,0.00550,0.00106,0.99345
144.81000,1.98000,0.00411,0.00165,0.99424
145.00999,1.98001,0.00285,0.00161,0.99554
145.21001,1.98000,0.00168,0.00092,0.99740
145.41000,1.98000,0.00213,0.00120,0.99667
145.61000,1.98000,0.00111,0.00047,0.99842
145.81000,1.98000,0.00071,0.00005,0.99924
146.00999,1.98001,0.00099,0.00010,0.99891
146.21001,1.98000,0.00157,0.00037,0.99806
146.41000,1.98000,0.00084,0.00119,0.99797
146.61000,1.98000,0.00220,0.00136,0.99643
146.81000,1.98000,0.01048,0.00186,0.98766
147.00999,1.98001,0.02666,0.00463,0.96871
147.21001,1.98000,0.00865,0.00072,0.99063
147.41000,1.98000,0.00665,0.00008,0.99328
147.61000,1.98000,0.00803,0.00021,0.99176
147.81000,1.98000,0.00337,0.00061,0.99602
148.00999,1.98001,0.00759,0.00062,0.99179
148.21001,1.98000,0.01758,0.00086,0.98156
148.41000,1.98000,0.01135,0.00259,0.98606
148.61000,1.98000,0.01865,0.00241,0.97894
148.81000,1.98000,0.00329,0.00095,0.99575
149.00999,1.98001,0.00102,0.00116,0.99782
149.21001,1.98000,0.00145,0.00335,0.99520
149.41000,1.98000,0.00129,0.00056,0.99815
149.61000,1.98000,0.00734,0.00123,0.99143
149.81000,1.98000,0.00572,0.00038,0.99390
150.00999,1.98001,0.00629,0.00054,0.99317
150.21001,1.98000,0.00774,0.00024,0.99202
150.41000,1.98000,0.01827,0.00076,0.98096
150.61000,1.98000,0.04361,0.00129,0.95510
150.81000,1.98000,0.20710,0.00207,0.79083
151.00999,1.98001,0.21937,0.00203,0.77860
151.21001,1.98000,0.16930,0.00356,0.82714
151.41000,1.98000,0.20961,0.17932,0.61107
151.61000,1.98000,0.16207,0.09052,0.74741
151.81000,1.98000,0.25708,0.32856,0.41436
152.00999,1.98001,0.18232,0.28820,0.52947
152.21001,1.98000,0.25268,0.40552,0.34180
152.41000,1.98000,0.23314,0.41635,0.35052
152.61000,1.98000,0.15961,0.76829,0.07210
152.81000,1.98000,0.13319,0.75017,0.11664
153.00999,1.98001,0.12497,0.78190,0.09313
153.21001,1.98000,0.48327,0.31503,0.20169
153.41000,1.98000,0.57443,0.29095,0.13462
153.61000,1.98000,0.68634,0.25272,0.06093
153.81000,1.98000,0.53662,0.32936,0.13401
154.00999,1.98001,0.59240,0.16047,0.24713
154.21001,1.98000,0.46283,0.06574,0.47143
154.41000,1.98000,0.37151,0.03193,0.59656
154.61000,1.98000,0.19567,0.00598,0.79835
154.81000,1.98000,0.14493,0.00168,0.85339
155.00999,1.98001,0.24964,0.00449,0.74587
155.21001,1.98000,0.35358,0.00940,0.63702
155.41000,1.98000,0.29641,0.01095,0.69264
155.61000,1.98000,0.53569,0.03090,0.43341
155.81000,1.98000,0.64710,0.07101,0.28189
156.00999,1.98001,0.74795,0.05939,0.19266
156.21001,1.98000,0.77472,0.13496,0.09032
156.41000,1.98000,0.82907,0.14069,0.03024
156.61000,1.98000,0.76194,0.22257,0.01549
156.81000,1.98000,0.88193,0.10631,0.01176
157.00999,1.98001,0.87858,0.09809,0.02333
157.21001,1.98000,0.85688,0.10886,0.03426
157.41000,1.98000,0.84460,0.04330,0.11210
157.61000,1.98000,0.73759,0.03006,0.23235
157.81000,1.98000,0.51447,0.04066,0.44488
158.00999,1.98001,0.46550,0.00645,0.52806
158.21001,1.98000,0.32821,0.00265,0.66914
158.41000,1.98000,0.19649,0.00218,0.80133
158.61000,1.98000,0.18258,0.00424,0.81318
158.81000,1.98000,0.22025,0.03349,0.74626
159.00999,1.98001,0.43053,0.06118,0.50829
159.21001,1.98000,0.19553,0.00603,0.79844
159.41000,1.98000,0.33402,0.00020,0.66578
159.61000,1.98000,0.29187,0.00030,0.70783
159.81000,1.98000,0.30706,0.00020,0.69274
160.00999,1.98001,0.30896,0.00012,0.69091
160.21001,1.98000,0.20864,0.00013,0.79123
160.41000,1.98000,0.12491,0.00021,0.87487
160.61000,1.98000,0.08094,0.00006,0.91901
160.81000,1.98000,0.08756,0.00003,0.91241
161.00999,1.98001,0.11416,0.00002,0.88582
161.21001,1.98000,0.07306,0.00331,0.92363
161.41000,1.98000,0.04703,0.00312,0.94985
161.61000,1.98000,0.03244,0.02038,0.94717
161.81000,1.98000,0.04163,0.03729,0.92108
162.00999,1.98001,0.03813,0.06474,0.89713
162.21001,1.98000,0.05121,0.05548,0.89330
162.41000,1.98000,0.10897,0.08687,0.80416
162.61000,1.98000,0.11723,0.08960,0.79318
162.81000,1.98000,0.09751,0.04149,0.86100
163.00999,1.98001,0.04365,0.01167,0.94469
163.21001,1.98000,0.07902,0.03698,0.88400
163.41000,1.98000,0.13184,0.02655,0.84161
163.61000,1.98000,0.04805,0.00879,0.94316
163.81000,1.98000,0.03103,0.01000,0.95897
164.00999,1.98001,0.06042,0.01028,0.92930
164.21001,1.98000,0.05441,0.01073,0.93486
164.41000,1.98000,0.01220,0.00267,0.98513
164.61000,1.98000,0.01356,0.00691,0.97953
164.81000,1.98000,0.01816,0.02243,0.95940
165.00999,1.98001,0.02773,0.08787,0.88440
165.21001,1.98000,0.01024,0.07559,0.91418
165.41000,1.98000,0.00496,0.04563,0.94942
165.61000,1.98000,0.00841,0.02325,0.96834
165.81000,1.98000,0.00935,0.01757,0.97308
166.00999,1.98001,0.00405,0.00426,0.99169
166.21001,1.98000,0.00350,0.00287,0.99363
166.41000,1.98000,0.00097,0.00284,0.99618
166.61000,1.98000,0.00116,0.00300,0.99584
166.81000,1.98000,0.00041,0.00187,0.99772
167.00999,1.98001,0.00024,0.00123,0.99853
167.21001,1.98000,0.00030,0.00130,0.99840
167.41000,1.98000,0.00069,0.00354,0.99577
167.61000,1.98000,0.00040,0.00372,0.99589
167.81000,1.98000,0.00048,0.00184,0.99768
168.00999,1.98001,0.00090,0.00297,0.99613
168.21001,1.98000,0.00307,0.00510,0.99183
168.41000,1.98000,0.00361,0.00142,0.99497
168.61000,1.98000,0.00662,0.00224,0.99114
168.81000,1.98000,0.02330,0.00344,0.97327
169.00999,1.98001,0.02943,0.00320,0.96737
169.21001,1.98000,0.03552,0.00585,0.95863
169.41000,1.98000,0.03343,0.00341,0.96316
169.61000,1.98000,0.02320,0.00122,0.97558
169.81000,1.98000,0.05002,0.00842,0.94156
170.00999,1.98001,0.05321,0.00688,0.93991
170.21001,1.98000,0.17855,0.06927,0.75218
170.41000,1.98000,0.46789,0.32969,0.20242
170.61000,1.98000,0.49966,0.37648,0.12387
170.81000,1.98000,0.48002,0.34195,0.17802
171.00999,1.98001,0.57214,0.24422,0.18364
171.21001,1.98000,0.69981,0.10634,0.19386
171.41000,1.98000,0.63917,0.15793,0.20290
171.61000,1.98000,0.51322,0.32680,0.15998
171.81000,1.98000,0.35583,0.49570,0.14847
172.00999,1.98001,0.56036,0.07502,0.36462
172.21001,1.98000,0.07479,0.00489,0.92031
172.41000,1.98000,0.01443,0.00075,0.98482
172.61000,1.98000,0.01138,0.00087,0.98776
172.81000,1.98000,0.02844,0.00107,0.97049
173.00999,1.98001,0.01443,0.00029,0.98529
173.21001,1.98000,0.01040,0.00006,0.98954
173.41000,1.98000,0.01569,0.00002,0.98429
173.61000,1.98000,0.01569,0.00002,0.98429
173.81000,1.98000,0.01121,0.00006,0.98874
174.00999,1.98001,0.02310,0.00074,0.97616
174.21001,1.98000,0.03716,0.00106,0.96177
174.41000,1.98000,0.03592,0.00158,0.96250
174.61000,1.98000,0.06064,0.00913,0.93022
174.81000,1.98000,0.03881,0.00186,0.95933
175.00999,1.98001,0.04264,0.00999,0.94737
175.21001,1.98000,0.04585,0.09502,0.85913
175.41000,1.98000,0.05435,0.04038,0.90527
175.61000,1.98000,0.03139,0.04108,0.92753
175.81000,1.98000,0.02067,0.01688,0.96245
176.00999,1.98001,0.02348,0.00554,0.97098
176.21001,1.98000,0.02567,0.00588,0.96845
176.41000,1.98000,0.02710,0.00465,0.96824
176.61000,1.98000,0.03408,0.00651,0.95942
176.81000,1.98000,0.01321,0.00240,0.98439
177.00999,1.98001,0.02528,0.00182,0.97290
177.21001,1.98000,0.01157,0.00352,0.98491
177.41000,1.98000,0.00392,0.00222,0.99386
177.61000,1.98000,0.00288,0.00164,0.99548
177.81000,1.98000,0.00217,0.00450,0.99333
178.00999,1.98001,0.00252,0.01044,0.98704
178.21001,1.98000,0.00223,0.00308,0.99469
178.41000,1.98000,0.00185,0.00207,0.99607
178.61000,1.98000,0.00248,0.00172,0.99580
178.81000,1.98000,0.00324,0.00060,0.99616
179.00999,1.98001,0.00099,0.00011,0.99890
179.21001,1.98000,0.00423,0.00013,0.99564
179.41000,1.98000,0.01198,0.00023,0.98779
179.61000,1.98000,0.01350,0.00006,0.98644
179.81000,1.98000,0.01590,0.00007,0.98404
180.00999,1.98001,0.01659,0.00004,0.98337
180.21001,1.98000,0.01369,0.00000,0.98631
180.41000,1.98000,0.01803,0.00001,0.98197
180.61000,1.98000,0.01645,0.00001,0.98354
180.81000,1.98000,0.02824,0.00010,0.97165
181.00999,1.98001,0.03513,0.00016,0.96470
181.21001,1.98000,0.10875,0.00070,0.89056
181.41000,1.98000,0.04583,0.00003,0.95415
181.61000,1.98000,0.05283,0.00009,0.94708
181.81000,1.98000,0.04217,0.00002,0.95781
182.00999,1.98001,0.04233,0.00007,0.95760
182.21001,1.98000,0.08472,0.00002,0.91526
182.41000,1.98000,0.09323,0.00001,0.90675
182.61000,1.98000,0.18253,0.00000,0.81747
182.81000,1.98000,0.20094,0.00000,0.79906
183.00999,1.98001,0.22537,0.00000,0.77463
183.21001,1.98000,0.13037,0.00000,0.86963
183.41000,1.98000,0.18467,0.00000,0.81533
183.61000,1.98000,0.17779,0.00000,0.82221
183.81000,1.98000,0.15107,0.00000,0.84893
184.00999,1.98001,0.15678,0.00000,0.84322
184.21001,1.98000,0.15428,0.00000,0.84572
184.41000,1.98000,0.13767,0.00000,0.86233
184.61000,1.98000,0.13230,0.00000,0.86770
184.81000,1.98000,0.14357,0.00000,0.85643
185.00999,1.98001,0.13232,0.00000,0.86768
185.21001,1.98000,0.13321,0.00000,0.86679
185.41000,1.98000,0.15002,0.00000,0.84998
185.61000,1.98000,0.18186,0.00000,0.81814
185.81000,1.98000,0.16319,0.00000,0.83681
186.00999,1.98001,0.15971,0.00000,0.84029
186.21001,1.98000,0.11001,0.00000,0.88999
186.41000,1.98000,0.17258,0.00000,0.82742
186.61000,1.98000,0.15798,0.00000,0.84202
186.81000,1.98000,0.10596,0.00000,0.89404
187.00999,1.98001,0.11387,0.00000,0.88613
187.21001,1.98000,0.10863,0.00000,0.89137
187.41000,1.98000,0.07172,0.00000,0.92828
187.61000,1.98000,0.05959,0.00000,0.94041
187.81000,1.98000,0.06618,0.00000,0.93382
188.00999,1.98001,0.04496,0.00000,0.95503
188.21001,1.98000,0.02359,0.00000,0.97641
188.41000,1.98000,0.03492,0.00000,0.96508
188.61000,1.98000,0.03453,0.00000,0.96547
188.81000,1.98000,0.04142,0.00000,0.95858
189.00999,1.98001,0.06042,0.00000,0.93958
189.21001,1.98000,0.04589,0.00000,0.95411
189.41000,1.98000,0.08918,0.00000,0.91082
189.61000,1.98000,0.06429,0.00000,0.93571
189.81000,1.98000,0.05507,0.00000,0.94493
190.00999,1.98001,0.09294,0.00000,0.90706
190.21001,1.98000,0.11196,0.00000,0.88804
190.41000,1.98000,0.10726,0.00000,0.89274
190.61000,1.98000,0.10773,0.00000,0.89227
190.81000,1.98000,0.10736,0.00000,0.89264
191.00999,1.98001,0.15597,0.00000,0.84403
191.21001,1.98000,0.08454,0.00000,0.91546
191.41000,1.98000,0.12788,0.00002,0.87210
191.61000,1.98000,0.22016,0.00004,0.77980
191.81000,1.98000,0.17614,0.00002,0.82384
192.00999,1.98001,0.12260,0.00044,0.87696
192.21001,1.98000,0.18234,0.00007,0.81759
192.41000,1.98000,0.12971,0.00090,0.86940
192.61000,1.98000,0.16929,0.00003,0.83068
192.81000,1.98000,0.07404,0.00001,0.92595
193.00999,1.98001,0.12949,0.00000,0.87051
193.21001,1.98000,0.13939,0.00000,0.86061
193.41000,1.98000,0.07082,0.00001,0.92917
193.61000,1.98000,0.02110,0.00000,0.97890
193.81000,1.98000,0.02021,0.00001,0.97979
194.00999,1.98001,0.02248,0.00000,0.97751
194.21001,1.98000,0.01480,0.00000,0.98520
194.41000,1.98000,0.01276,0.00000,0.98724
194.61000,1.98000,0.01133,0.00001,0.98866
194.81000,1.98000,0.00681,0.00004,0.99315
195.00999,1.98001,0.00769,0.00013,0.99218
195.21001,1.98000,0.01863,0.00004,0.98133
195.41000,1.98000,0.06043,0.00000,0.93956
195.61000,1.98000,0.05472,0.00000,0.94528
195.81000,1.98000,0.10869,0.00000,0.89131
196.00999,1.98001,0.07652,0.00000,0.92348
196.21001,1.98000,0.09963,0.00000,0.90037
196.41000,1.98000,0.06934,0.00000,0.93066
196.61000,1.98000,0.14518,0.00000,0.85482
196.81000,1.98000,0.09944,0.00000,0.90056
197.00999,1.98001,0.11439,0.00000,0.88561
197.21001,1.98000,0.07311,0.00000,0.92689
197.41000,1.98000,0.08952,0.00000,0.91048
197.61000,1.98000,0.09826,0.00000,0.90174
197.81000,1.98000,0.09863,0.00000,0.90137
198.00999,1.98001,0.12822,0.00000,0.87178
198.21001,1.98000,0.14836,0.00000,0.85164
198.41000,1.98000,0.14841,0.00000,0.85159
198.61000,1.98000,0.17542,0.00000,0.82458
198.81000,1.98000,0.13811,0.00000,0.86189
199.00999,1.98001,0.22252,0.00000,0.77748
199.21001,1.98000,0.27979,0.00000,0.72021
199.41000,1.98000,0.08355,0.00000,0.91645
199.61000,1.98000,0.15117,0.00000,0.84883
199.81000,1.98000,0.11341,0.00000,0.88659
200.00999,1.98001,0.08092,0.00000,0.91908
200.21001,1.98000,0.04822,0.00000,0.95178
200.41000,1.98000,0.02997,0.00000,0.97003
200.61000,1.98000,0.02479,0.00000,0.97521
200.81000,1.98000,0.02238,0.00003,0.97759
201.00999,1.98001,0.01841,0.00050,0.98109
201.21001,1.98000,0.02104,0.00006,0.97890
201.41000,1.98000,0.03131,0.00007,0.96862
201.61000,1.98000,0.04043,0.00010,0.95947
201.81000,1.98000,0.04157,0.00007,0.95836
202.00999,1.98001,0.03044,0.00019,0.96938
202.21001,1.98000,0.08776,0.00043,0.91181
202.41000,1.98000,0.07065,0.00152,0.92784
202.61000,1.98000,0.06939,0.00035,0.93026
202.81000,1.98000,0.10631,0.00180,0.89190
203.00999,1.98001,0.15478,0.00350,0.84172
203.21001,1.98000,0.22079,0.00870,0.77051
203.41000,1.98000,0.20448,0.00320,0.79231
203.61000,1.98000,0.20293,0.00979,0.78728
203.81000,1.98000,0.31238,0.00177,0.68585
204.00999,1.98001,0.24710,0.00161,0.75129
204.21001,1.98000,0.34054,0.00020,0.65926
204.41000,1.98000,0.30190,0.00018,0.69792
204.61000,1.98000,0.32751,0.00010,0.67239
204.81000,1.98000,0.31297,0.00013,0.68690
205.00999,1.98001,0.31531,0.00010,0.68459
205.21001,1.98000,0.21904,0.00011,0.78086
205.41000,1.98000,0.26974,0.00027,0.72999
205.61000,1.98000,0.19518,0.00010,0.80473
205.81000,1.98000,0.24993,0.00057,0.74950
206.00999,1.98001,0.17773,0.00072,0.82154
206.21001,1.98000,0.16439,0.00094,0.83467
206.41000,1.98000,0.22331,0.00083,0.77586
206.61000,1.98000,0.17637,0.00014,0.82349
206.81000,1.98000,0.38526,0.00040,0.61434
207.00999,1.98001,0.33437,0.00051,0.66512
207.21001,1.98000,0.31674,0.00045,0.68281
207.41000,1.98000,0.28213,0.00035,0.71753
207.61000,1.98000,0.39253,0.00006,0.60741
207.81000,1.98000,0.33762,0.00009,0.66229
208.00999,1.98001,0.29657,0.00009,0.70335
208.21001,1.98000,0.23792,0.00082,0.76126
208.41000,1.98000,0.29971,0.00144,0.69885
208.61000,1.98000,0.32441,0.00099,0.67460
208.81000,1.98000,0.21965,0.00005,0.78030
209.00999,1.98001,0.10864,0.00001,0.89135
209.21001,1.98000,0.07082,0.00001,0.92917
209.41000,1.98000,0.07330,0.00013,0.92657
209.61000,1.98000,0.06304,0.00011,0.93685
209.81000,1.98000,0.20490,0.00078,0.79432
210.00999,1.98001,0.17525,0.00046,0.82428
210.21001,1.98000,0.13924,0.00056,0.86020
210.41000,1.98000,0.17207,0.00171,0.82622
210.61000,1.98000,0.15504,0.00167,0.84330
210.81000,1.98000,0.23639,0.00079,0.76282
211.00999,1.98001,0.12941,0.00099,0.86960
211.21001,1.98000,0.19688,0.00022,0.80290
211.41000,1.98000,0.25208,0.00015,0.74777
211.61000,1.98000,0.12513,0.00000,0.87487
211.81000,1.98000,0.06820,0.00000,0.93180
212.00999,1.98001,0.11049,0.00001,0.88951
212.21001,1.98000,0.11909,0.00000,0.88091
212.41000,1.98000,0.07624,0.00001,0.92375
212.61000,1.98000,0.09073,0.00026,0.90902
212.81000,1.98000,0.07992,0.00057,0.91952
213.00999,1.98001,0.11652,0.00021,0.88326
213.21001,1.98000,0.14208,0.00032,0.85760
213.41000,1.98000,0.12123,0.00367,0.87510
213.61000,1.98000,0.11827,0.00474,0.87699
213.81000,1.98000,0.09232,0.00367,0.90401
214.00999,1.98001,0.12958,0.00213,0.86829
214.21001,1.98000,0.13918,0.00178,0.85904
214.41000,1.98000,0.16500,0.00026,0.83474
214.61000,1.98000,0.18946,0.00027,0.81026
214.81000,1.98000,0.14109,0.00016,0.85874
215.00999,1.98001,0.19639,0.00082,0.80279
215.21001,1.98000,0.27780,0.00353,0.71866
215.41000,1.98000,0.22599,0.00192,0.77209
215.61000,1.98000,0.20734,0.00157,0.79109
215.81000,1.98000,0.25054,0.00262,0.74685
216.00999,1.98001,0.24876,0.00547,0.74577
216.21001,1.98000,0.21132,0.01100,0.77768
216.41000,1.98000,0.27259,0.02567,0.70174
216.61000,1.98000,0.16272,0.00989,0.82739
216.81000,1.98000,0.14845,0.00260,0.84895
217.00999,1.98001,0.11760,0.00520,0.87720
217.21001,1.98000,0.07169,0.00087,0.92744
217.41000,1.98000,0.06018,0.00151,0.93831
217.61000,1.98000,0.03804,0.00489,0.95707
217.81000,1.98000,0.04226,0.00605,0.95170
218.00999,1.98001,0.03647,0.00084,0.96269
218.21001,1.98000,0.03284,0.00028,0.96688
218.41000,1.98000,0.04397,0.00047,0.95557
218.61000,1.98000,0.11094,0.00077,0.88829
218.81000,1.98000,0.12444,0.00905,0.86650
219.00999,1.98001,0.11995,0.00244,0.87761
219.21001,1.98000,0.14306,0.00106,0.85588
219.41000,1.98000,0.20210,0.00014,0.79776
219.61000,1.98000,0.21347,0.00001,0.78652
219.81000,1.98000,0.23454,0.00001,0.76545
220.00999,1.98001,0.28563,0.00001,0.71435
220.21001,1.98000,0.34325,0.00001,0.65674
220.41000,1.98000,0.37798,0.00000,0.62202
220.61000,1.98000,0.27775,0.00000,0.72225
220.81000,1.98000,0.24266,0.00000,0.75734
221.00999,1.98001,0.09750,0.00000,0.90250
221.21001,1.98000,0.10671,0.00000,0.89329
221.41000,1.98000,0.20680,0.00001,0.79319
221.61000,1.98000,0.16658,0.00001,0.83341
221.81000,1.98000,0.10341,0.00008,0.89651
222.00999,1.98001,0.14002,0.00065,0.85933
222.21001,1.98000,0.16664,0.00724,0.82613
222.41000,1.98000,0.23638,0.19495,0.56868
222.61000,1.98000,0.16738,0.33259,0.50003
222.81000,1.98000,0.14091,0.60004,0.25905
223.00999,1.98001,0.15315,0.49842,0.34843
223.21001,1.98000,0.14166,0.44823,0.41011
223.41000,1.98000,0.11170,0.21228,0.67602
223.61000,1.98000,0.04718,0.04080,0.91202
223.81000,1.98000,0.07172,0.09263,0.83565
224.00999,1.98001,0.02250,0.02175,0.95575
224.21001,1.98000,0.00932,0.00346,0.98722
224.41000,1.98000,0.00524,0.00157,0.99319
224.61000,1.98000,0.00876,0.00049,0.99075
224.81000,1.98000,0.01818,0.00067,0.98116
225.00999,1.98001,0.01273,0.00029,0.98698
225.21001,1.98000,0.01342,0.00038,0.98620
225.41000,1.98000,0.03279,0.00142,0.96579
225.61000,1.98000,0.05356,0.00027,0.94617
225.81000,1.98000,0.14803,0.00016,0.85181
226.00999,1.98001,0.14844,0.00003,0.85153
226.21001,1.98000,0.15715,0.00003,0.84282
226.41000,1.98000,0.38305,0.00005,0.61690
226.61000,1.98000,0.14294,0.00007,0.85699
226.81000,1.98000,0.16176,0.00010,0.83814
227.00999,1.98001,0.11643,0.00012,0.88344
227.21001,1.98000,0.09151,0.00017,0.90832
227.41000,1.98000,0.10160,0.00017,0.89823
227.61000,1.98000,0.06098,0.00076,0.93826
227.81000,1.98000,0.02937,0.00156,0.96907
228.00999,1.98001,0.02656,0.00421,0.96922
228.21001,1.98000,0.03666,0.00974,0.95360
228.41000,1.98000,0.02474,0.00214,0.97312
228.61000,1.98000,0.00587,0.00007,0.99406
228.81000,1.98000,0.00121,0.00004,0.99876
229.00999,1.98001,0.00164,0.00007,0.99829
229.21001,1.98000,0.00111,0.00002,0.99887
229.41000,1.98000,0.00059,0.00004,0.99937
229.61000,1.98000,0.00097,0.00009,0.99894
229.81000,1.98000,0.00158,0.00017,0.99825
230.00999,1.98001,0.00074,0.00010,0.99916
230.21001,1.98000,0.00068,0.00016,0.99916
230.41000,1.98000,0.00301,0.00106,0.99594
230.61000,1.98000,0.00621,0.02017,0.97361
230.81000,1.98000,0.01572,0.00492,0.97937
231.00999,1.98001,0.01726,0.00904,0.97371
231.21001,1.98000,0.03207,0.01304,0.95489
231.41000,1.98000,0.02260,0.00301,0.97439
231.61000,1.98000,0.01692,0.00194,0.98114
231.81000,1.98000,0.02352,0.00399,0.97250
232.00999,1.98001,0.04347,0.01449,0.94204
232.21001,1.98000,0.02378,0.00894,0.96727
232.41000,1.98000,0.02763,0.00682,0.96555
232.61000,1.98000,0.06206,0.05163,0.88631
232.81000,1.98000,0.05933,0.06057,0.88010
233.00999,1.98001,0.03931,0.04161,0.91907
233.21001,1.98000,0.04327,0.07083,0.88591
233.41000,1.98000,0.03837,0.02888,0.93274
233.61000,1.98000,0.03891,0.05079,0.91030
233.81000,1.98000,0.02773,0.03320,0.93907
234.00999,1.98001,0.02644,0.01529,0.95827
234.21001,1.98000,0.02965,0.01250,0.95785
234.41000,1.98000,0.01856,0.01007,0.97138
234.61000,1.98000,0.00746,0.01231,0.98023
234.81000,1.98000,0.01085,0.00166,0.98749
235.00999,1.98001,0.04433,0.00050,0.95517
235.21001,1.98000,0.09008,0.00070,0.90922
235.41000,1.98000,0.11340,0.00126,0.88535
235.61000,1.98000,0.13623,0.00212,0.86165
235.81000,1.98000,0.23093,0.00552,0.76355
236.00999,1.98001,0.26203,0.00081,0.73716
236.21001,1.98000,0.19641,0.00034,0.80324
236.41000,1.98000,0.27689,0.00005,0.72306
236.61000,1.98000,0.58561,0.00031,0.41408
236.81000,1.98000,0.39897,0.00489,0.59614
237.00999,1.98001,0.11515,0.00850,0.87635
237.21001,1.98000,0.21862,0.00152,0.77985
237.41000,1.98000,0.25648,0.00089,0.74264
237.61000,1.98000,0.11711,0.00080,0.88209
237.81000,1.98000,0.06924,0.00013,0.93063
238.00999,1.98001,0.05301,0.00092,0.94607
238.21001,1.98000,0.04734,0.00165,0.95101
238.41000,1.98000,0.07084,0.00369,0.92547
