Time (seconds), Duration (seconds),pred_(unlabeled),pred_On,pred_Off,pred_Dimmer,pred_Lighter
0.01000,1.98000,0.99840,0.00010,0.00026,0.00105,0.00019
0.21000,1.98000,0.99842,0.00010,0.00026,0.00103,0.00019
0.41000,1.98000,0.99840,0.00010,0.00026,0.00104,0.00019
0.61000,1.98000,0.99840,0.00010,0.00026,0.00104,0.00020
0.81000,1.98000,0.99843,0.00010,0.00026,0.00103,0.00019
1.01000,1.98000,0.99838,0.00010,0.00027,0.00106,0.00019
1.21000,1.98000,0.99839,0.00010,0.00026,0.00104,0.00019
1.41000,1.98000,0.99842,0.00010,0.00026,0.00104,0.00018
1.61000,1.98000,0.99844,0.00010,0.00025,0.00102,0.00018
1.81000,1.98000,0.99843,0.00011,0.00025,0.00103,0.00019
2.01000,1.98000,0.99842,0.00011,0.00025,0.00103,0.00019
2.21000,1.98000,0.99841,0.00011,0.00025,0.00103,0.00019
2.41000,1.98000,0.99845,0.00011,0.00024,0.00102,0.00019
2.61000,1.98000,0.99850,0.00010,0.00024,0.00099,0.00018
2.81000,1.98000,0.99848,0.00010,0.00024,0.00100,0.00018
3.01000,1.98000,0.99843,0.00010,0.00025,0.00104,0.00018
3.21000,1.98000,0.99844,0.00010,0.00025,0.00102,0.00018
3.41000,1.98000,0.99841,0.00010,0.00026,0.00105,0.00018
3.61000,1.98000,0.99843,0.00010,0.00026,0.00103,0.00018
3.81000,1.98000,0.99840,0.00010,0.00027,0.00106,0.00018
4.01000,1.98000,0.99842,0.00009,0.00027,0.00105,0.00017
4.21000,1.98000,0.99844,0.00009,0.00027,0.00104,0.00017
4.41000,1.98000,0.99833,0.00010,0.00030,0.00109,0.00019
4.61000,1.98000,0.99835,0.00010,0.00029,0.00108,0.00019
4.81000,1.98000,0.99830,0.00010,0.00031,0.00111,0.00019
5.01000,1.98000,0.99830,0.00010,0.00030,0.00110,0.00020
5.21000,1.98000,0.99827,0.00010,0.00032,0.00112,0.00020
5.41000,1.98000,0.99824,0.00010,0.00032,0.00113,0.00021
5.61000,1.98000,0.99826,0.00010,0.00031,0.00111,0.00022
5.81000,1.98000,0.99824,0.00010,0.00031,0.00112,0.00023
6.01000,1.98000,0.99819,0.00010,0.00032,0.00114,0.00024
6.21000,1.98000,0.99824,0.00010,0.00031,0.00112,0.00023
6.41000,1.98000,0.99825,0.00010,0.00031,0.00112,0.00022
6.61000,1.98000,0.99824,0.00010,0.00031,0.00111,0.00023
6.81000,1.98000,0.99828,0.00010,0.00030,0.00109,0.00022
7.01000,1.98000,0.99830,0.00010,0.00029,0.00109,0.00022
7.21000,1.98000,0.99833,0.00010,0.00028,0.00107,0.00021
7.41000,1.98000,0.99841,0.00010,0.00027,0.00102,0.00020
7.61000,1.98000,0.99843,0.00010,0.00026,0.00103,0.00019
7.81000,1.98000,0.99838,0.00010,0.00026,0.00105,0.00020
8.01000,1.98000,0.99844,0.00010,0.00026,0.00102,0.00019
8.21000,1.98000,0.99838,0.00010,0.00027,0.00105,0.00020
8.41000,1.98000,0.99836,0.00011,0.00027,0.00106,0.00021
8.61000,1.98000,0.99840,0.00010,0.00026,0.00104,0.00020
8.81000,1.98000,0.99838,0.00010,0.00026,0.00104,0.00022
9.01000,1.98000,0.99832,0.00011,0.00027,0.00108,0.00022
9.21000,1.98000,0.99950,0.00010,0.00013,0.00020,0.00008
9.41000,1.98000,0.99927,0.00025,0.00009,0.00025,0.00014
9.61000,1.98000,0.99805,0.00066,0.00011,0.00070,0.00049
9.81000,1.98000,0.98828,0.00190,0.00049,0.00598,0.00335
10.01000,1.98000,0.98038,0.00043,0.00116,0.00410,0.01392
10.21000,1.98000,0.97837,0.00014,0.00115,0.00115,0.01920
10.41000,1.98000,0.96242,0.00003,0.00151,0.00050,0.03553
10.61000,1.98000,0.94845,0.00001,0.00147,0.00016,0.04991
10.81000,1.98000,0.90293,0.00000,0.00206,0.00008,0.09493
11.01000,1.98000,0.91866,0.00000,0.00181,0.00001,0.07952
11.21000,1.98000,0.94270,0.00000,0.00202,0.00000,0.05528
11.41000,1.98000,0.97867,0.00000,0.00194,0.00000,0.01939
11.61000,1.98000,0.95392,0.00000,0.00367,0.00000,0.04241
11.81000,1.98000,0.96388,0.00000,0.00211,0.00000,0.03400
12.01000,1.98000,0.97359,0.00000,0.00170,0.00000,0.02471
12.21000,1.98000,0.97120,0.00000,0.00217,0.00000,0.02662
12.41000,1.98000,0.95781,0.00000,0.00295,0.00000,0.03924
12.61000,1.98000,0.94317,0.00000,0.00383,0.00000,0.05300
12.81000,1.98000,0.92937,0.00000,0.00396,0.00000,0.06667
13.01000,1.98000,0.93447,0.00000,0.00379,0.00000,0.06174
13.21000,1.98000,0.96201,0.00000,0.00301,0.00000,0.03498
13.41000,1.98000,0.95031,0.00000,0.00341,0.00001,0.04627
13.61000,1.98000,0.95475,0.00000,0.00495,0.00003,0.04027
13.81000,1.98000,0.97021,0.00000,0.00360,0.00006,0.02612
14.01000,1.98000,0.98125,0.00001,0.00324,0.00017,0.01534
14.21000,1.98000,0.98899,0.00001,0.00174,0.00033,0.00893
14.41000,1.98000,0.99099,0.00004,0.00166,0.00102,0.00628
14.61000,1.98000,0.99344,0.00008,0.00124,0.00127,0.00397
14.81000,1.98000,0.99413,0.00015,0.00113,0.00181,0.00278
15.01000,1.98000,0.99589,0.00015,0.00085,0.00148,0.00163
15.21000,1.98000,0.99688,0.00013,0.00069,0.00146,0.00083
15.41000,1.98000,0.99657,0.00013,0.00070,0.00172,0.00088
15.61000,1.98000,0.99743,0.00015,0.00041,0.00141,0.00060
15.81000,1.98000,0.99705,0.00017,0.00051,0.00165,0.00062
16.01000,1.98000,0.99744,0.00014,0.00044,0.00147,0.00050
16.21000,1.98000,0.99732,0.00015,0.00051,0.00151,0.00051
16.41000,1.98000,0.99761,0.00015,0.00039,0.00139,0.00046
16.61000,1.98000,0.99851,0.00014,0.00025,0.00083,0.00027
16.81000,1.98000,0.99794,0.00021,0.00027,0.00128,0.00031
17.01000,1.98000,0.99791,0.00021,0.00030,0.00127,0.00031
17.21000,1.98000,0.99780,0.00024,0.00025,0.00141,0.00031
17.41000,1.98000,0.99765,0.00023,0.00031,0.00143,0.00038
17.61000,1.98000,0.99789,0.00022,0.00024,0.00132,0.00033
17.81000,1.98000,0.99776,0.00024,0.00027,0.00131,0.00042
18.01000,1.98000,0.99790,0.00024,0.00023,0.00130,0.00033
18.21000,1.98000,0.99923,0.00022,0.00008,0.00036,0.00011
18.41000,1.98000,0.99818,0.00054,0.00007,0.00093,0.00028
18.61000,1.98000,0.99169,0.00139,0.00014,0.00524,0.00155
18.81000,1.98000,0.98837,0.00227,0.00058,0.00431,0.00447
19.01000,1.98000,0.98057,0.00055,0.00083,0.00418,0.01387
19.21000,1.98000,0.96756,0.00012,0.00129,0.00133,0.02970
19.41000,1.98000,0.95217,0.00004,0.00112,0.00075,0.04592
19.61000,1.98000,0.94163,0.00001,0.00158,0.00023,0.05655
19.81000,1.98000,0.90701,0.00000,0.00138,0.00012,0.09149
20.01000,1.98000,0.89868,0.00000,0.00180,0.00002,0.09949
20.21000,1.98000,0.95695,0.00000,0.00179,0.00000,0.04126
20.41000,1.98000,0.97090,0.00000,0.00280,0.00000,0.02630
20.61000,1.98000,0.96820,0.00000,0.00171,0.00000,0.03009
20.81000,1.98000,0.95899,0.00000,0.00169,0.00000,0.03932
21.01000,1.98000,0.95779,0.00000,0.00226,0.00000,0.03995
21.21000,1.98000,0.96272,0.00000,0.00249,0.00000,0.03479
21.41000,1.98000,0.95779,0.00000,0.00317,0.00000,0.03904
21.61000,1.98000,0.96727,0.00000,0.00340,0.00000,0.02933
21.81000,1.98000,0.94910,0.00000,0.00652,0.00000,0.04438
22.01000,1.98000,0.94805,0.00000,0.00970,0.00000,0.04225
22.21000,1.98000,0.95580,0.00000,0.01283,0.00000,0.03137
22.41000,1.98000,0.94621,0.00000,0.02075,0.00002,0.03302
22.61000,1.98000,0.94282,0.00000,0.02468,0.00006,0.03244
22.81000,1.98000,0.96804,0.00001,0.01319,0.00012,0.01863
23.01000,1.98000,0.98168,0.00003,0.00922,0.00027,0.00881
23.21000,1.98000,0.98659,0.00007,0.00623,0.00064,0.00648
23.41000,1.98000,0.99127,0.00012,0.00399,0.00116,0.00346
23.61000,1.98000,0.99354,0.00017,0.00202,0.00211,0.00216
23.81000,1.98000,0.99290,0.00022,0.00186,0.00291,0.00211
24.01000,1.98000,0.99546,0.00022,0.00078,0.00226,0.00128
24.21000,1.98000,0.99617,0.00028,0.00060,0.00190,0.00106
24.41000,1.98000,0.99792,0.00019,0.00029,0.00101,0.00059
24.61000,1.98000,0.99752,0.00018,0.00034,0.00128,0.00068
24.81000,1.98000,0.99761,0.00017,0.00037,0.00128,0.00057
25.01000,1.98000,0.99774,0.00017,0.00036,0.00126,0.00048
25.21000,1.98000,0.99757,0.00018,0.00038,0.00136,0.00050
25.41000,1.98000,0.99772,0.00018,0.00035,0.00133,0.00043
25.61000,1.98000,0.99748,0.00020,0.00039,0.00147,0.00046
25.81000,1.98000,0.99743,0.00020,0.00041,0.00153,0.00044
26.01000,1.98000,0.99723,0.00020,0.00045,0.00166,0.00045
26.21000,1.98000,0.99744,0.00018,0.00043,0.00156,0.00039
26.41000,1.98000,0.99724,0.00021,0.00047,0.00164,0.00045
26.61000,1.98000,0.99750,0.00018,0.00041,0.00150,0.00041
26.81000,1.98000,0.99720,0.00020,0.00048,0.00166,0.00047
27.01000,1.98000,0.99757,0.00017,0.00041,0.00145,0.00040
27.21000,1.98000,0.99746,0.00018,0.00042,0.00148,0.00046
27.41000,1.98000,0.99778,0.00015,0.00036,0.00129,0.00042
27.61000,1.98000,0.99922,0.00015,0.00016,0.00036,0.00012
27.81000,1.98000,0.99887,0.00023,0.00012,0.00050,0.00028
28.01000,1.98000,0.99495,0.00131,0.00011,0.00244,0.00120
28.21000,1.98000,0.99235,0.00250,0.00033,0.00236,0.00246
28.41000,1.98000,0.98586,0.00110,0.00090,0.00382,0.00831
28.61000,1.98000,0.96408,0.00028,0.00163,0.00283,0.03118
28.81000,1.98000,0.94555,0.00005,0.00172,0.00124,0.05145
29.01000,1.98000,0.90986,0.00002,0.00199,0.00062,0.08751
29.21000,1.98000,0.86612,0.00000,0.00241,0.00023,0.13124
29.41000,1.98000,0.81153,0.00000,0.00241,0.00008,0.18598
29.61000,1.98000,0.93548,0.00000,0.00193,0.00001,0.06259
29.81000,1.98000,0.97654,0.00000,0.00182,0.00000,0.02164
30.01000,1.98000,0.96633,0.00000,0.00275,0.00000,0.03092
30.21000,1.98000,0.93955,0.00000,0.00235,0.00000,0.05810
30.41000,1.98000,0.94900,0.00000,0.00194,0.00000,0.04906
30.61000,1.98000,0.95604,0.00000,0.00166,0.00000,0.04231
30.81000,1.98000,0.96843,0.00000,0.00164,0.00000,0.02992
31.01000,1.98000,0.97207,0.00000,0.00211,0.00000,0.02582
31.21000,1.98000,0.95896,0.00000,0.00427,0.00000,0.03677
31.41000,1.98000,0.96933,0.00000,0.00587,0.00000,0.02480
31.61000,1.98000,0.96338,0.00000,0.00974,0.00000,0.02688
31.81000,1.98000,0.95263,0.00000,0.01511,0.00000,0.03226
32.01000,1.98000,0.94527,0.00000,0.02654,0.00001,0.02819
32.21000,1.98000,0.95636,0.00000,0.02196,0.00001,0.02166
32.41000,1.98000,0.96652,0.00000,0.02026,0.00003,0.01319
32.61000,1.98000,0.97728,0.00001,0.01325,0.00005,0.00942
32.81000,1.98000,0.98571,0.00003,0.00881,0.00013,0.00532
33.01000,1.98000,0.99609,0.00002,0.00215,0.00014,0.00160
33.21000,1.98000,0.99723,0.00010,0.00132,0.00035,0.00100
33.41000,1.98000,0.99775,0.00008,0.00044,0.00071,0.00101
33.61000,1.98000,0.99721,0.00019,0.00034,0.00132,0.00095
33.81000,1.98000,0.99735,0.00020,0.00022,0.00126,0.00097
34.01000,1.98000,0.99816,0.00020,0.00010,0.00096,0.00058
34.21000,1.98000,0.99809,0.00024,0.00011,0.00095,0.00061
34.41000,1.98000,0.99837,0.00018,0.00010,0.00084,0.00052
34.61000,1.98000,0.99824,0.00021,0.00011,0.00089,0.00054
34.81000,1.98000,0.99833,0.00017,0.00012,0.00089,0.00049
35.01000,1.98000,0.99829,0.00019,0.00012,0.00091,0.00048
35.21000,1.98000,0.99869,0.00014,0.00011,0.00070,0.00036
35.41000,1.98000,0.99855,0.00013,0.00017,0.00086,0.00030
35.61000,1.98000,0.99852,0.00012,0.00018,0.00087,0.00030
35.81000,1.98000,0.99854,0.00012,0.00018,0.00088,0.00028
36.01000,1.98000,0.99837,0.00012,0.00022,0.00097,0.00032
36.21000,1.98000,0.99831,0.00013,0.00024,0.00101,0.00032
36.41000,1.98000,0.99830,0.00012,0.00025,0.00102,0.00030
36.61000,1.98000,0.99825,0.00012,0.00027,0.00104,0.00032
36.81000,1.98000,0.99817,0.00013,0.00028,0.00109,0.00033
37.01000,1.98000,0.99808,0.00014,0.00029,0.00114,0.00035
37.21000,1.98000,0.99810,0.00014,0.00028,0.00116,0.00032
37.41000,1.98000,0.99802,0.00017,0.00027,0.00122,0.00033
37.61000,1.98000,0.99955,0.00007,0.00012,0.00017,0.00009
37.81000,1.98000,0.99909,0.00012,0.00013,0.00039,0.00027
38.01000,1.98000,0.99297,0.00063,0.00024,0.00365,0.00251
38.21000,1.98000,0.96718,0.00176,0.00101,0.01736,0.01269
38.41000,1.98000,0.96684,0.00028,0.00163,0.00662,0.02464
38.61000,1.98000,0.95198,0.00011,0.00208,0.00265,0.04318
38.81000,1.98000,0.92979,0.00003,0.00206,0.00094,0.06718
39.01000,1.98000,0.90304,0.00001,0.00244,0.00047,0.09404
39.21000,1.98000,0.85032,0.00000,0.00243,0.00015,0.14710
39.41000,1.98000,0.86791,0.00000,0.00273,0.00004,0.12931
39.61000,1.98000,0.93717,0.00000,0.00199,0.00000,0.06083
39.81000,1.98000,0.98072,0.00000,0.00187,0.00000,0.01740
40.01000,1.98000,0.96805,0.00000,0.00235,0.00000,0.02959
40.21000,1.98000,0.97050,0.00000,0.00151,0.00000,0.02799
40.41000,1.98000,0.97825,0.00000,0.00114,0.00000,0.02061
40.61000,1.98000,0.97438,0.00000,0.00114,0.00000,0.02448
40.81000,1.98000,0.96586,0.00000,0.00131,0.00000,0.03283
41.01000,1.98000,0.97163,0.00000,0.00113,0.00000,0.02724
41.21000,1.98000,0.96442,0.00000,0.00125,0.00000,0.03433
41.41000,1.98000,0.97455,0.00000,0.00114,0.00000,0.02431
41.61000,1.98000,0.96445,0.00000,0.00159,0.00000,0.03396
41.81000,1.98000,0.95832,0.00000,0.00164,0.00000,0.04004
42.01000,1.98000,0.96235,0.00000,0.00162,0.00000,0.03602
42.21000,1.98000,0.96399,0.00000,0.00200,0.00000,0.03401
42.41000,1.98000,0.96940,0.00000,0.00213,0.00000,0.02848
42.61000,1.98000,0.95866,0.00000,0.00346,0.00000,0.03788
42.81000,1.98000,0.96019,0.00000,0.00395,0.00001,0.03585
43.01000,1.98000,0.96952,0.00000,0.00538,0.00002,0.02509
43.21000,1.98000,0.97827,0.00000,0.00481,0.00003,0.01690
43.41000,1.98000,0.97730,0.00000,0.00627,0.00009,0.01634
43.61000,1.98000,0.98446,0.00000,0.00465,0.00021,0.01069
43.81000,1.98000,0.98962,0.00001,0.00392,0.00038,0.00606
44.01000,1.98000,0.99121,0.00002,0.00343,0.00073,0.00461
44.21000,1.98000,0.99440,0.00004,0.00200,0.00096,0.00260
44.41000,1.98000,0.99449,0.00009,0.00153,0.00155,0.00234
44.61000,1.98000,0.99570,0.00015,0.00093,0.00190,0.00132
44.81000,1.98000,0.99588,0.00021,0.00076,0.00179,0.00136
45.01000,1.98000,0.99721,0.00016,0.00042,0.00131,0.00090
45.21000,1.98000,0.99726,0.00020,0.00038,0.00139,0.00076
45.41000,1.98000,0.99788,0.00019,0.00025,0.00116,0.00053
45.61000,1.98000,0.99800,0.00018,0.00025,0.00112,0.00045
45.81000,1.98000,0.99822,0.00016,0.00022,0.00103,0.00036
46.01000,1.98000,0.99828,0.00015,0.00022,0.00107,0.00029
46.21000,1.98000,0.99829,0.00014,0.00023,0.00107,0.00027
46.41000,1.98000,0.99834,0.00014,0.00023,0.00106,0.00023
46.61000,1.98000,0.99846,0.00013,0.00020,0.00100,0.00021
46.81000,1.98000,0.99844,0.00013,0.00021,0.00101,0.00021
47.01000,1.98000,0.99841,0.00013,0.00022,0.00102,0.00022
47.21000,1.98000,0.99837,0.00013,0.00023,0.00104,0.00024
47.41000,1.98000,0.99831,0.00013,0.00025,0.00105,0.00026
47.61000,1.98000,0.99829,0.00012,0.00026,0.00107,0.00027
47.81000,1.98000,0.99824,0.00013,0.00026,0.00107,0.00030
48.01000,1.98000,0.99903,0.00013,0.00015,0.00051,0.00018
48.21000,1.98000,0.99936,0.00018,0.00009,0.00023,0.00014
48.41000,1.98000,0.99675,0.00034,0.00012,0.00184,0.00095
48.61000,1.98000,0.98298,0.00116,0.00050,0.00922,0.00614
48.81000,1.98000,0.92954,0.00106,0.00124,0.03462,0.03354
49.01000,1.98000,0.91838,0.00018,0.00178,0.01182,0.06784
49.21000,1.98000,0.89283,0.00008,0.00186,0.00513,0.10009
49.41000,1.98000,0.85757,0.00003,0.00242,0.00163,0.13835
49.61000,1.98000,0.75511,0.00001,0.00222,0.00066,0.24200
49.81000,1.98000,0.69031,0.00000,0.00281,0.00028,0.30661
50.01000,1.98000,0.79131,0.00000,0.00282,0.00004,0.20583
50.21000,1.98000,0.96378,0.00000,0.00221,0.00000,0.03401
50.41000,1.98000,0.96548,0.00000,0.00354,0.00000,0.03098
50.61000,1.98000,0.95713,0.00000,0.00283,0.00000,0.04004
50.81000,1.98000,0.97045,0.00000,0.00203,0.00000,0.02751
51.01000,1.98000,0.97697,0.00000,0.00199,0.00000,0.02104
51.21000,1.98000,0.97826,0.00000,0.00160,0.00000,0.02014
51.41000,1.98000,0.97645,0.00000,0.00179,0.00000,0.02176
51.61000,1.98000,0.98005,0.00000,0.00163,0.00000,0.01832
51.81000,1.98000,0.97655,0.00000,0.00227,0.00000,0.02118
52.01000,1.98000,0.98122,0.00000,0.00211,0.00000,0.01667
52.21000,1.98000,0.97574,0.00000,0.00323,0.00000,0.02103
52.41000,1.98000,0.97329,0.00000,0.00275,0.00000,0.02397
52.61000,1.98000,0.97639,0.00000,0.00258,0.00000,0.02102
52.81000,1.98000,0.96818,0.00000,0.00287,0.00000,0.02894
53.01000,1.98000,0.96121,0.00000,0.00323,0.00001,0.03555
53.21000,1.98000,0.96273,0.00000,0.00314,0.00002,0.03410
53.41000,1.98000,0.96732,0.00000,0.00308,0.00007,0.02953
53.61000,1.98000,0.98058,0.00000,0.00238,0.00009,0.01695
53.81000,1.98000,0.98953,0.00001,0.00168,0.00023,0.00856
54.01000,1.98000,0.99163,0.00003,0.00131,0.00047,0.00655
54.21000,1.98000,0.99154,0.00009,0.00124,0.00128,0.00585
54.41000,1.98000,0.99540,0.00015,0.00077,0.00125,0.00242
54.61000,1.98000,0.99462,0.00022,0.00087,0.00207,0.00222
54.81000,1.98000,0.99620,0.00023,0.00063,0.00171,0.00123
55.01000,1.98000,0.99607,0.00029,0.00061,0.00192,0.00111
55.21000,1.98000,0.99659,0.00024,0.00051,0.00184,0.00082
55.41000,1.98000,0.99628,0.00030,0.00051,0.00195,0.00095
55.61000,1.98000,0.99726,0.00022,0.00037,0.00140,0.00076
55.81000,1.98000,0.99795,0.00019,0.00025,0.00103,0.00057
56.01000,1.98000,0.99709,0.00027,0.00033,0.00146,0.00084
56.21000,1.98000,0.99727,0.00029,0.00028,0.00132,0.00084
56.41000,1.98000,0.99744,0.00030,0.00024,0.00126,0.00076
56.61000,1.98000,0.99760,0.00029,0.00022,0.00123,0.00067
56.81000,1.98000,0.99775,0.00026,0.00022,0.00116,0.00061
57.01000,1.98000,0.99797,0.00024,0.00020,0.00109,0.00050
57.21000,1.98000,0.99806,0.00022,0.00019,0.00106,0.00047
57.41000,1.98000,0.99804,0.00022,0.00020,0.00108,0.00045
57.61000,1.98000,0.99809,0.00021,0.00022,0.00107,0.00041
57.81000,1.98000,0.99840,0.00015,0.00020,0.00095,0.00030
58.01000,1.98000,0.99910,0.00010,0.00014,0.00049,0.00016
58.21000,1.98000,0.99929,0.00017,0.00011,0.00031,0.00012
58.41000,1.98000,0.99798,0.00068,0.00010,0.00087,0.00037
58.61000,1.98000,0.99373,0.00277,0.00016,0.00212,0.00122
58.81000,1.98000,0.98820,0.00661,0.00035,0.00248,0.00235
59.01000,1.98000,0.98049,0.01129,0.00104,0.00260,0.00459
59.21000,1.98000,0.96222,0.00623,0.00256,0.00565,0.02334
59.41000,1.98000,0.95470,0.00195,0.00324,0.00226,0.03786
59.61000,1.98000,0.92956,0.00046,0.00363,0.00068,0.06567
59.81000,1.98000,0.90185,0.00014,0.00470,0.00031,0.09300
60.01000,1.98000,0.93491,0.00002,0.00308,0.00003,0.06197
60.21000,1.98000,0.96201,0.00000,0.00481,0.00000,0.03318
60.41000,1.98000,0.97896,0.00000,0.00487,0.00000,0.01616
60.61000,1.98000,0.96531,0.00000,0.00521,0.00000,0.02948
60.81000,1.98000,0.96989,0.00000,0.00277,0.00000,0.02734
61.01000,1.98000,0.96112,0.00000,0.00199,0.00000,0.03689
61.21000,1.98000,0.96758,0.00000,0.00181,0.00000,0.03061
61.41000,1.98000,0.97247,0.00000,0.00132,0.00000,0.02620
61.61000,1.98000,0.97282,0.00000,0.00220,0.00000,0.02498
61.81000,1.98000,0.96987,0.00000,0.00264,0.00000,0.02748
62.01000,1.98000,0.95779,0.00000,0.00552,0.00000,0.03669
62.21000,1.98000,0.97081,0.00000,0.00668,0.00000,0.02251
62.41000,1.98000,0.98398,0.00000,0.00792,0.00000,0.00810
62.61000,1.98000,0.97299,0.00000,0.01288,0.00000,0.01413
62.81000,1.98000,0.98585,0.00000,0.00776,0.00000,0.00639
63.01000,1.98000,0.98148,0.00000,0.00846,0.00001,0.01005
63.21000,1.98000,0.98703,0.00000,0.00693,0.00003,0.00601
63.41000,1.98000,0.98887,0.00000,0.00539,0.00006,0.00568
63.61000,1.98000,0.99293,0.00000,0.00348,0.00028,0.00331
63.81000,1.98000,0.99516,0.00001,0.00222,0.00032,0.00229
64.01000,1.98000,0.99602,0.00003,0.00115,0.00123,0.00157
64.21000,1.98000,0.99559,0.00009,0.00060,0.00167,0.00205
64.41000,1.98000,0.99471,0.00058,0.00030,0.00302,0.00140
64.61000,1.98000,0.99660,0.00060,0.00018,0.00205,0.00057
64.81000,1.98000,0.99762,0.00032,0.00015,0.00159,0.00032
65.01000,1.98000,0.99771,0.00023,0.00017,0.00156,0.00033
65.21000,1.98000,0.99794,0.00019,0.00021,0.00135,0.00032
65.41000,1.98000,0.99806,0.00018,0.00021,0.00127,0.00028
65.61000,1.98000,0.99823,0.00016,0.00021,0.00113,0.00026
65.81000,1.98000,0.99831,0.00015,0.00020,0.00109,0.00024
66.01000,1.98000,0.99845,0.00015,0.00018,0.00100,0.00021
66.21000,1.98000,0.99844,0.00016,0.00017,0.00101,0.00022
66.41000,1.98000,0.99851,0.00015,0.00016,0.00095,0.00023
66.61000,1.98000,0.99839,0.00015,0.00018,0.00100,0.00027
66.81000,1.98000,0.99815,0.00016,0.00023,0.00114,0.00032
67.01000,1.98000,0.99811,0.00018,0.00022,0.00110,0.00040
67.21000,1.98000,0.99815,0.00018,0.00022,0.00106,0.00040
67.41000,1.98000,0.99809,0.00018,0.00023,0.00111,0.00040
67.61000,1.98000,0.99807,0.00017,0.00024,0.00111,0.00042
67.81000,1.98000,0.99805,0.00017,0.00025,0.00111,0.00042
68.01000,1.98000,0.99895,0.00016,0.00013,0.00050,0.00027
68.21000,1.98000,0.99910,0.00038,0.00007,0.00028,0.00017
68.41000,1.98000,0.99870,0.00053,0.00005,0.00040,0.00032
68.61000,1.98000,0.99451,0.00322,0.00005,0.00129,0.00094
68.81000,1.98000,0.98475,0.01211,0.00007,0.00149,0.00158
69.01000,1.98000,0.98432,0.00763,0.00022,0.00199,0.00583
69.21000,1.98000,0.98809,0.00124,0.00031,0.00096,0.00939
69.41000,1.98000,0.97603,0.00060,0.00050,0.00060,0.02228
69.61000,1.98000,0.96425,0.00013,0.00050,0.00027,0.03485
69.81000,1.98000,0.95759,0.00007,0.00060,0.00010,0.04165
70.01000,1.98000,0.97114,0.00001,0.00065,0.00002,0.02818
70.21000,1.98000,0.97218,0.00000,0.00127,0.00000,0.02654
70.41000,1.98000,0.98703,0.00000,0.00132,0.00000,0.01164
70.61000,1.98000,0.98399,0.00000,0.00184,0.00000,0.01416
70.81000,1.98000,0.96667,0.00000,0.00246,0.00000,0.03086
71.01000,1.98000,0.96657,0.00000,0.00272,0.00000,0.03070
71.21000,1.98000,0.96551,0.00000,0.00241,0.00000,0.03208
71.41000,1.98000,0.97594,0.00000,0.00235,0.00000,0.02171
71.61000,1.98000,0.96309,0.00000,0.00298,0.00000,0.03392
71.81000,1.98000,0.96199,0.00000,0.00307,0.00000,0.03494
72.01000,1.98000,0.94685,0.00000,0.00473,0.00000,0.04842
72.21000,1.98000,0.95229,0.00000,0.00515,0.00000,0.04255
72.41000,1.98000,0.94166,0.00000,0.00635,0.00000,0.05199
72.61000,1.98000,0.94094,0.00000,0.00722,0.00001,0.05183
72.81000,1.98000,0.96116,0.00000,0.00725,0.00002,0.03157
73.01000,1.98000,0.96540,0.00000,0.00720,0.00005,0.02735
73.21000,1.98000,0.97779,0.00000,0.00511,0.00009,0.01701
73.41000,1.98000,0.98581,0.00000,0.00339,0.00022,0.01058
73.61000,1.98000,0.99012,0.00001,0.00306,0.00048,0.00633
73.81000,1.98000,0.99396,0.00002,0.00208,0.00079,0.00315
74.01000,1.98000,0.99469,0.00004,0.00181,0.00133,0.00212
74.21000,1.98000,0.99553,0.00008,0.00140,0.00178,0.00120
74.41000,1.98000,0.99667,0.00013,0.00087,0.00164,0.00069
74.61000,1.98000,0.99652,0.00019,0.00062,0.00210,0.00057
74.81000,1.98000,0.99705,0.00019,0.00042,0.00185,0.00049
75.01000,1.98000,0.99760,0.00016,0.00034,0.00146,0.00044
75.21000,1.98000,0.99761,0.00016,0.00035,0.00142,0.00046
75.41000,1.98000,0.99751,0.00018,0.00038,0.00144,0.00050
75.61000,1.98000,0.99760,0.00017,0.00034,0.00138,0.00050
75.81000,1.98000,0.99756,0.00019,0.00033,0.00138,0.00054
76.01000,1.98000,0.99771,0.00019,0.00029,0.00130,0.00052
76.21000,1.98000,0.99793,0.00018,0.00025,0.00115,0.00049
76.41000,1.98000,0.99792,0.00018,0.00026,0.00116,0.00049
76.61000,1.98000,0.99783,0.00017,0.00028,0.00124,0.00047
76.81000,1.98000,0.99777,0.00017,0.00032,0.00130,0.00044
77.01000,1.98000,0.99764,0.00017,0.00036,0.00139,0.00044
77.21000,1.98000,0.99780,0.00016,0.00034,0.00133,0.00036
77.41000,1.98000,0.99797,0.00015,0.00031,0.00125,0.00032
77.61000,1.98000,0.99959,0.00015,0.00012,0.00010,0.00005
77.81000,1.98000,0.99915,0.00032,0.00014,0.00026,0.00012
78.01000,1.98000,0.99847,0.00085,0.00011,0.00033,0.00024
78.21000,1.98000,0.98708,0.00692,0.00036,0.00374,0.00189
78.41000,1.98000,0.99134,0.00175,0.00055,0.00125,0.00510
78.61000,1.98000,0.98898,0.00108,0.00087,0.00114,0.00792
78.81000,1.98000,0.98604,0.00025,0.00088,0.00023,0.01260
79.01000,1.98000,0.97553,0.00008,0.00119,0.00019,0.02302
79.21000,1.98000,0.97363,0.00003,0.00101,0.00003,0.02530
79.41000,1.98000,0.97232,0.00000,0.00115,0.00001,0.02652
79.61000,1.98000,0.98533,0.00000,0.00101,0.00000,0.01366
79.81000,1.98000,0.98945,0.00000,0.00146,0.00000,0.00908
80.01000,1.98000,0.98528,0.00000,0.00181,0.00000,0.01290
80.21000,1.98000,0.98398,0.00000,0.00230,0.00000,0.01372
80.41000,1.98000,0.98212,0.00000,0.00222,0.00000,0.01566
80.61000,1.98000,0.98042,0.00000,0.00219,0.00000,0.01739
80.81000,1.98000,0.98800,0.00000,0.00193,0.00000,0.01007
81.01000,1.98000,0.97903,0.00000,0.00297,0.00000,0.01800
81.21000,1.98000,0.97685,0.00000,0.00348,0.00000,0.01967
81.41000,1.98000,0.97081,0.00000,0.00457,0.00000,0.02462
81.61000,1.98000,0.97353,0.00000,0.00482,0.00000,0.02165
81.81000,1.98000,0.96602,0.00000,0.00631,0.00002,0.02766
82.01000,1.98000,0.98618,0.00000,0.00241,0.00003,0.01137
82.21000,1.98000,0.98216,0.00002,0.00297,0.00017,0.01468
82.41000,1.98000,0.98855,0.00003,0.00235,0.00038,0.00869
82.61000,1.98000,0.99193,0.00012,0.00145,0.00073,0.00577
82.81000,1.98000,0.99156,0.00039,0.00059,0.00141,0.00605
83.01000,1.98000,0.99403,0.00071,0.00016,0.00150,0.00361
83.21000,1.98000,0.99297,0.00107,0.00007,0.00177,0.00413
83.41000,1.98000,0.99302,0.00133,0.00003,0.00139,0.00423
83.61000,1.98000,0.98626,0.00225,0.00002,0.00344,0.00804
83.81000,1.98000,0.99235,0.00119,0.00002,0.00183,0.00460
84.01000,1.98000,0.99392,0.00059,0.00001,0.00150,0.00398
84.21000,1.98000,0.99108,0.00085,0.00003,0.00166,0.00638
84.41000,1.98000,0.99321,0.00050,0.00002,0.00139,0.00488
84.61000,1.98000,0.99573,0.00033,0.00002,0.00080,0.00312
84.81000,1.98000,0.99712,0.00025,0.00003,0.00078,0.00182
85.01000,1.98000,0.99859,0.00010,0.00004,0.00044,0.00083
85.21000,1.98000,0.99834,0.00013,0.00008,0.00084,0.00060
85.41000,1.98000,0.99867,0.00010,0.00015,0.00072,0.00036
85.61000,1.98000,0.99780,0.00015,0.00028,0.00115,0.00062
85.81000,1.98000,0.99787,0.00015,0.00028,0.00115,0.00054
86.01000,1.98000,0.99780,0.00014,0.00032,0.00119,0.00054
86.21000,1.98000,0.99797,0.00014,0.00028,0.00111,0.00051
86.41000,1.98000,0.99800,0.00014,0.00027,0.00110,0.00049
86.61000,1.98000,0.99797,0.00014,0.00027,0.00111,0.00050
86.81000,1.98000,0.99777,0.00015,0.00030,0.00121,0.00057
87.01000,1.98000,0.99756,0.00017,0.00031,0.00128,0.00067
87.21000,1.98000,0.99775,0.00017,0.00030,0.00120,0.00059
87.41000,1.98000,0.99782,0.00016,0.00028,0.00118,0.00056
87.61000,1.98000,0.99793,0.00016,0.00026,0.00111,0.00054
87.81000,1.98000,0.99752,0.00020,0.00032,0.00130,0.00066
88.01000,1.98000,0.99818,0.00015,0.00021,0.00101,0.00044
88.21000,1.98000,0.99817,0.00026,0.00012,0.00094,0.00052
88.41000,1.98000,0.99787,0.00026,0.00008,0.00099,0.00081
88.61000,1.98000,0.99586,0.00102,0.00014,0.00115,0.00183
88.81000,1.98000,0.99118,0.00134,0.00028,0.00226,0.00493
89.01000,1.98000,0.98487,0.00053,0.00069,0.00162,0.01230
89.21000,1.98000,0.97810,0.00014,0.00065,0.00075,0.02036
89.41000,1.98000,0.96030,0.00003,0.00098,0.00040,0.03829
89.61000,1.98000,0.94646,0.00001,0.00089,0.00022,0.05243
89.81000,1.98000,0.92036,0.00000,0.00114,0.00010,0.07840
90.01000,1.98000,0.91536,0.00000,0.00108,0.00003,0.08353
90.21000,1.98000,0.93491,0.00000,0.00209,0.00000,0.06300
90.41000,1.98000,0.96839,0.00000,0.00161,0.00000,0.03000
90.61000,1.98000,0.95772,0.00000,0.00155,0.00000,0.04074
90.81000,1.98000,0.90727,0.00000,0.00217,0.00000,0.09056
91.01000,1.98000,0.93007,0.00000,0.00191,0.00000,0.06801
91.21000,1.98000,0.89520,0.00000,0.00264,0.00000,0.10216
91.41000,1.98000,0.87299,0.00000,0.00304,0.00000,0.12397
91.61000,1.98000,0.83685,0.00000,0.00338,0.00000,0.15977
91.81000,1.98000,0.81176,0.00000,0.00412,0.00000,0.18412
92.01000,1.98000,0.87864,0.00000,0.00363,0.00000,0.11772
92.21000,1.98000,0.85300,0.00000,0.00553,0.00000,0.14147
92.41000,1.98000,0.86628,0.00000,0.00576,0.00000,0.12796
92.61000,1.98000,0.87520,0.00000,0.00732,0.00000,0.11748
92.81000,1.98000,0.90571,0.00000,0.00730,0.00000,0.08699
93.01000,1.98000,0.90301,0.00000,0.00932,0.00001,0.08767
93.21000,1.98000,0.94117,0.00000,0.00711,0.00001,0.05171
93.41000,1.98000,0.96006,0.00000,0.00669,0.00003,0.03322
93.61000,1.98000,0.97846,0.00000,0.00538,0.00007,0.01609
93.81000,1.98000,0.98488,0.00000,0.00551,0.00016,0.00946
94.01000,1.98000,0.99252,0.00000,0.00338,0.00033,0.00376
94.21000,1.98000,0.99446,0.00001,0.00260,0.00059,0.00235
94.41000,1.98000,0.99374,0.00001,0.00299,0.00142,0.00184
94.61000,1.98000,0.99551,0.00002,0.00200,0.00155,0.00092
94.81000,1.98000,0.99562,0.00004,0.00164,0.00203,0.00068
95.01000,1.98000,0.99527,0.00005,0.00166,0.00230,0.00072
95.21000,1.98000,0.99587,0.00005,0.00130,0.00215,0.00063
95.41000,1.98000,0.99481,0.00007,0.00171,0.00256,0.00086
95.61000,1.98000,0.99669,0.00006,0.00112,0.00153,0.00061
95.81000,1.98000,0.99577,0.00008,0.00122,0.00218,0.00076
96.01000,1.98000,0.99649,0.00007,0.00105,0.00182,0.00057
96.21000,1.98000,0.99409,0.00013,0.00176,0.00282,0.00120
96.41000,1.98000,0.99536,0.00014,0.00123,0.00237,0.00090
96.61000,1.98000,0.99295,0.00016,0.00208,0.00336,0.00144
96.81000,1.98000,0.99790,0.00012,0.00096,0.00061,0.00041
97.01000,1.98000,0.99841,0.00012,0.00060,0.00038,0.00048
97.21000,1.98000,0.99563,0.00062,0.00076,0.00154,0.00144
97.41000,1.98000,0.99412,0.00162,0.00043,0.00190,0.00194
97.61000,1.98000,0.93875,0.00551,0.00196,0.01919,0.03458
97.81000,1.98000,0.94537,0.00152,0.00231,0.00550,0.04530
98.01000,1.98000,0.84685,0.00077,0.00419,0.00540,0.14279
98.21000,1.98000,0.93578,0.00027,0.00153,0.00076,0.06165
98.41000,1.98000,0.85482,0.00016,0.00239,0.00061,0.14202
98.61000,1.98000,0.95720,0.00004,0.00076,0.00006,0.04194
98.81000,1.98000,0.96223,0.00000,0.00116,0.00002,0.03659
99.01000,1.98000,0.98838,0.00000,0.00105,0.00000,0.01056
99.21000,1.98000,0.98210,0.00000,0.00169,0.00000,0.01621
99.41000,1.98000,0.98668,0.00000,0.00185,0.00000,0.01148
99.61000,1.98000,0.98778,0.00000,0.00122,0.00000,0.01099
99.81000,1.98000,0.98896,0.00000,0.00104,0.00000,0.01000
100.01000,1.98000,0.99120,0.00000,0.00096,0.00000,0.00783
100.21000,1.98000,0.99096,0.00000,0.00098,0.00000,0.00807
100.41000,1.98000,0.99242,0.00000,0.00088,0.00000,0.00670
100.61000,1.98000,0.99198,0.00000,0.00095,0.00000,0.00707
100.81000,1.98000,0.99404,0.00000,0.00077,0.00000,0.00519
101.01000,1.98000,0.99032,0.00000,0.00117,0.00000,0.00850
101.21000,1.98000,0.98960,0.00000,0.00122,0.00000,0.00918
101.41000,1.98000,0.98732,0.00000,0.00154,0.00000,0.01114
101.61000,1.98000,0.98504,0.00000,0.00158,0.00001,0.01337
101.81000,1.98000,0.99065,0.00000,0.00097,0.00001,0.00837
102.01000,1.98000,0.98529,0.00001,0.00107,0.00007,0.01356
102.21000,1.98000,0.98684,0.00002,0.00088,0.00016,0.01209
102.41000,1.98000,0.98714,0.00006,0.00073,0.00062,0.01146
102.61000,1.98000,0.98902,0.00014,0.00050,0.00109,0.00925
102.81000,1.98000,0.99284,0.00018,0.00036,0.00201,0.00461
103.01000,1.98000,0.99227,0.00043,0.00031,0.00350,0.00349
103.21000,1.98000,0.99248,0.00074,0.00022,0.00426,0.00230
103.41000,1.98000,0.99361,0.00098,0.00015,0.00343,0.00182
103.61000,1.98000,0.99526,0.00090,0.00011,0.00282,0.00091
103.81000,1.98000,0.99678,0.00062,0.00009,0.00191,0.00060
104.01000,1.98000,0.99732,0.00047,0.00010,0.00158,0.00053
104.21000,1.98000,0.99794,0.00032,0.00009,0.00123,0.00041
104.41000,1.98000,0.99844,0.00023,0.00009,0.00090,0.00033
104.61000,1.98000,0.99854,0.00022,0.00010,0.00082,0.00032
104.81000,1.98000,0.99836,0.00028,0.00009,0.00093,0.00034
105.01000,1.98000,0.99856,0.00027,0.00007,0.00082,0.00028
105.21000,1.98000,0.99844,0.00032,0.00006,0.00093,0.00024
105.41000,1.98000,0.99858,0.00029,0.00006,0.00088,0.00019
105.61000,1.98000,0.99850,0.00026,0.00008,0.00099,0.00017
105.81000,1.98000,0.99875,0.00021,0.00006,0.00085,0.00013
106.01000,1.98000,0.99859,0.00023,0.00008,0.00097,0.00013
106.21000,1.98000,0.99884,0.00018,0.00006,0.00081,0.00011
106.41000,1.98000,0.99869,0.00018,0.00009,0.00093,0.00011
106.61000,1.98000,0.99886,0.00014,0.00008,0.00083,0.00009
106.81000,1.98000,0.99880,0.00014,0.00010,0.00086,0.00010
107.01000,1.98000,0.99884,0.00011,0.00011,0.00084,0.00011
107.21000,1.98000,0.99863,0.00010,0.00017,0.00097,0.00013
107.41000,1.98000,0.99863,0.00011,0.00018,0.00093,0.00016
107.61000,1.98000,0.99862,0.00011,0.00018,0.00094,0.00016
107.81000,1.98000,0.99865,0.00010,0.00018,0.00089,0.00018
108.01000,1.98000,0.99907,0.00008,0.00013,0.00058,0.00014
108.21000,1.98000,0.99931,0.00011,0.00007,0.00039,0.00012
108.41000,1.98000,0.99841,0.00022,0.00006,0.00092,0.00038
108.61000,1.98000,0.99237,0.00108,0.00012,0.00427,0.00217
108.81000,1.98000,0.96219,0.00182,0.00048,0.02285,0.01267
109.01000,1.98000,0.95355,0.00051,0.00089,0.01381,0.03124
109.21000,1.98000,0.94002,0.00014,0.00092,0.00802,0.05091
109.41000,1.98000,0.91385,0.00005,0.00116,0.00315,0.08178
109.61000,1.98000,0.89581,0.00003,0.00115,0.00166,0.10136
109.81000,1.98000,0.81018,0.00001,0.00169,0.00072,0.18740
110.01000,1.98000,0.83888,0.00000,0.00151,0.00027,0.15934
110.21000,1.98000,0.92420,0.00000,0.00243,0.00002,0.07334
110.41000,1.98000,0.96689,0.00000,0.00252,0.00000,0.03058
110.61000,1.98000,0.96519,0.00000,0.00264,0.00000,0.03217
110.81000,1.98000,0.96170,0.00000,0.00199,0.00000,0.03631
111.01000,1.98000,0.96472,0.00000,0.00157,0.00000,0.03371
111.21000,1.98000,0.97696,0.00000,0.00138,0.00000,0.02165
111.41000,1.98000,0.97193,0.00000,0.00156,0.00000,0.02652
111.61000,1.98000,0.95428,0.00000,0.00201,0.00000,0.04371
111.81000,1.98000,0.94677,0.00000,0.00208,0.00000,0.05114
112.01000,1.98000,0.95501,0.00000,0.00221,0.00001,0.04277
112.21000,1.98000,0.95574,0.00000,0.00208,0.00001,0.04218
112.41000,1.98000,0.96683,0.00000,0.00165,0.00001,0.03152
112.61000,1.98000,0.94034,0.00000,0.00245,0.00001,0.05720
112.81000,1.98000,0.94944,0.00000,0.00256,0.00001,0.04799
113.01000,1.98000,0.95762,0.00000,0.00299,0.00003,0.03936
113.21000,1.98000,0.97178,0.00000,0.00278,0.00004,0.02541
113.41000,1.98000,0.97551,0.00000,0.00345,0.00009,0.02096
113.61000,1.98000,0.98055,0.00000,0.00362,0.00012,0.01571
113.81000,1.98000,0.98550,0.00000,0.00397,0.00028,0.01025
114.01000,1.98000,0.99025,0.00000,0.00307,0.00023,0.00644
114.21000,1.98000,0.99345,0.00001,0.00229,0.00054,0.00371
114.41000,1.98000,0.99385,0.00001,0.00154,0.00094,0.00365
114.61000,1.98000,0.99536,0.00003,0.00100,0.00142,0.00218
114.81000,1.98000,0.99503,0.00004,0.00106,0.00162,0.00225
115.01000,1.98000,0.99550,0.00008,0.00085,0.00192,0.00165
115.21000,1.98000,0.99578,0.00011,0.00059,0.00184,0.00168
115.41000,1.98000,0.99583,0.00021,0.00039,0.00217,0.00140
115.61000,1.98000,0.99629,0.00025,0.00030,0.00193,0.00124
115.81000,1.98000,0.99667,0.00024,0.00024,0.00174,0.00111
116.01000,1.98000,0.99741,0.00024,0.00017,0.00130,0.00088
116.21000,1.98000,0.99814,0.00016,0.00017,0.00101,0.00052
116.41000,1.98000,0.99798,0.00017,0.00023,0.00109,0.00054
116.61000,1.98000,0.99792,0.00018,0.00024,0.00112,0.00055
116.81000,1.98000,0.99854,0.00015,0.00015,0.00084,0.00033
117.01000,1.98000,0.99859,0.00015,0.00015,0.00081,0.00030
117.21000,1.98000,0.99862,0.00014,0.00014,0.00081,0.00028
117.41000,1.98000,0.99873,0.00013,0.00013,0.00077,0.00025
117.61000,1.98000,0.99870,0.00013,0.00013,0.00077,0.00027
117.81000,1.98000,0.99864,0.00013,0.00014,0.00081,0.00027
118.01000,1.98000,0.99868,0.00013,0.00014,0.00076,0.00028
118.21000,1.98000,0.99838,0.00015,0.00018,0.00091,0.00038
118.41000,1.98000,0.99817,0.00018,0.00021,0.00102,0.00043
118.61000,1.98000,0.99825,0.00016,0.00020,0.00100,0.00039
118.81000,1.98000,0.99810,0.00018,0.00022,0.00107,0.00043
119.01000,1.98000,0.99829,0.00015,0.00020,0.00099,0.00036
119.21000,1.98000,0.99804,0.00018,0.00023,0.00112,0.00042
119.41000,1.98000,0.99917,0.00014,0.00009,0.00038,0.00022
119.61000,1.98000,0.99798,0.00033,0.00011,0.00104,0.00055
119.81000,1.98000,0.99655,0.00071,0.00014,0.00136,0.00124
120.01000,1.98000,0.98643,0.00082,0.00066,0.00652,0.00557
120.21000,1.98000,0.97823,0.00061,0.00106,0.00389,0.01621
120.41000,1.98000,0.97492,0.00021,0.00140,0.00141,0.02206
120.61000,1.98000,0.94762,0.00006,0.00177,0.00067,0.04987
120.81000,1.98000,0.91946,0.00001,0.00223,0.00029,0.07800
121.01000,1.98000,0.82425,0.00000,0.00252,0.00015,0.17307
121.21000,1.98000,0.90330,0.00000,0.00226,0.00004,0.09441
121.41000,1.98000,0.92939,0.00000,0.00359,0.00001,0.06702
121.61000,1.98000,0.96125,0.00000,0.00354,0.00000,0.03521
121.81000,1.98000,0.95653,0.00000,0.00299,0.00000,0.04048
122.01000,1.98000,0.96317,0.00000,0.00193,0.00000,0.03490
122.21000,1.98000,0.95242,0.00000,0.00194,0.00000,0.04563
122.41000,1.98000,0.95448,0.00000,0.00167,0.00000,0.04384
122.61000,1.98000,0.94866,0.00000,0.00188,0.00000,0.04946
122.81000,1.98000,0.93887,0.00000,0.00198,0.00000,0.05915
123.01000,1.98000,0.93889,0.00000,0.00214,0.00000,0.05896
123.21000,1.98000,0.94792,0.00000,0.00199,0.00000,0.05009
123.41000,1.98000,0.95538,0.00000,0.00164,0.00000,0.04298
123.61000,1.98000,0.94619,0.00000,0.00184,0.00001,0.05196
123.81000,1.98000,0.95531,0.00000,0.00174,0.00001,0.04294
124.01000,1.98000,0.95691,0.00000,0.00170,0.00002,0.04137
124.21000,1.98000,0.95949,0.00000,0.00208,0.00003,0.03840
124.41000,1.98000,0.94391,0.00000,0.00386,0.00010,0.05213
124.61000,1.98000,0.96143,0.00000,0.00358,0.00016,0.03484
124.81000,1.98000,0.98264,0.00000,0.00381,0.00023,0.01332
125.01000,1.98000,0.99607,0.00000,0.00180,0.00004,0.00208
125.21000,1.98000,0.98808,0.00001,0.00609,0.00087,0.00495
125.41000,1.98000,0.99318,0.00002,0.00397,0.00121,0.00162
125.61000,1.98000,0.99488,0.00012,0.00241,0.00176,0.00082
