Time(Seconds),Length(Seconds),Label(string),Confidence(double),Comment(string)
11.9673449,0.3802816,Off,1,
16.5452234,0.3627192,Off,1,
20.2491453,0.3278424,Off,1,
23.7936977,0.265064,Off,1,
27.2883585,0.4673498,Off,1,
30.8248687,0.3836453,Off,1,
34.3055787,0.4882759,Off,1,
37.6537534,0.320867,Off,1,
41.1344635,0.3627192,Off,1,
43.8269544,0.2929655,Off,1,
46.5961767,0.3417931,Off,1,
49.8335218,0.3138916,Off,1,
52.5678672,0.3348178,Off,1,
55.316162,0.4115468,Off,1,
57.8203202,0.2441379,Off,1,
60.2547143,0.4394483,Off,1,
62.5635621,0.4324729,Off,1,
65.4862329,0.4045715,Off,1,
67.8369329,0.3417931,Off,1,
71.1920839,0.2999409,Off,1,
74.1635919,0.1813596,Off,1,
77.5815212,0.4115468,Off,1,
81.4528462,0.2511133,Off,1,
84.1662655,0.37667,Off,1,
87.1447471,0.4952513,Off,1,
89.6977328,0.4394483,Off,1,
91.9089232,0.4813005,Off,1,
94.4479583,0.509202,Off,1,
97.126498,0.4673498,Off,1,
100.153809,0.3627192,Off,1,
103.3973465,0.3627192,Off,1,
106.1944703,0.5161774,Off,1,
108.3986857,0.4115468,Off,1,
111.000499,0.5440789,Off,1,
113.8394737,0.4324729,Off,1,
117.0481443,0.3348178,Off,1,
