Time (seconds), Duration (seconds),pred_(unlabeled),pred_On,pred_Off,pred_Dimmer,pred_Lighter
0.01000,1.98000,0.99998,0.00000,0.00000,0.00000,0.00001
0.21000,1.98000,0.99981,0.00005,0.00000,0.00000,0.00013
0.41000,1.98000,0.99765,0.00026,0.00000,0.00020,0.00189
0.61000,1.98000,0.99908,0.00001,0.00001,0.00007,0.00083
0.81000,1.98000,0.99917,0.00000,0.00000,0.00003,0.00079
1.01000,1.98000,0.99913,0.00000,0.00000,0.00004,0.00083
1.21000,1.98000,0.99980,0.00000,0.00001,0.00000,0.00018
1.41000,1.98000,0.99990,0.00000,0.00001,0.00001,0.00008
1.61000,1.98000,0.99997,0.00001,0.00000,0.00001,0.00001
1.81000,1.98000,0.99976,0.00010,0.00000,0.00006,0.00007
2.01000,1.98000,0.99815,0.00005,0.00008,0.00094,0.00078
2.21000,1.98000,0.99475,0.00047,0.00021,0.00224,0.00233
2.41000,1.98000,0.99990,0.00001,0.00000,0.00002,0.00006
2.61000,1.98000,0.99998,0.00001,0.00000,0.00000,0.00001
2.81000,1.98000,0.99998,0.00000,0.00000,0.00000,0.00001
3.01000,1.98000,0.99996,0.00000,0.00000,0.00001,0.00003
3.21000,1.98000,0.99994,0.00000,0.00000,0.00001,0.00004
3.41000,1.98000,0.99993,0.00000,0.00000,0.00001,0.00005
3.61000,1.98000,0.99994,0.00000,0.00000,0.00001,0.00005
3.81000,1.98000,0.99992,0.00000,0.00000,0.00001,0.00006
4.01000,1.98000,0.99986,0.00000,0.00001,0.00002,0.00010
4.21000,1.98000,0.99984,0.00000,0.00001,0.00001,0.00013
4.41000,1.98000,0.99986,0.00000,0.00001,0.00002,0.00011
4.61000,1.98000,0.99964,0.00000,0.00001,0.00008,0.00027
4.81000,1.98000,0.99864,0.00002,0.00002,0.00067,0.00064
5.01000,1.98000,0.99566,0.00008,0.00005,0.00109,0.00312
5.21000,1.98000,0.99718,0.00008,0.00003,0.00140,0.00130
5.41000,1.98000,0.98985,0.00014,0.00010,0.00580,0.00410
5.61000,1.98000,0.99786,0.00008,0.00006,0.00090,0.00109
5.81000,1.98000,0.99979,0.00002,0.00000,0.00003,0.00016
6.01000,1.98000,0.99940,0.00003,0.00002,0.00026,0.00029
6.21000,1.98000,0.99971,0.00000,0.00001,0.00006,0.00022
6.41000,1.98000,0.99966,0.00000,0.00002,0.00022,0.00009
6.61000,1.98000,0.99993,0.00000,0.00000,0.00002,0.00005
6.81000,1.98000,0.99990,0.00000,0.00001,0.00004,0.00005
7.01000,1.98000,0.99994,0.00000,0.00000,0.00001,0.00004
7.21000,1.98000,0.99997,0.00000,0.00000,0.00001,0.00002
7.41000,1.98000,0.99997,0.00000,0.00000,0.00001,0.00002
7.61000,1.98000,0.99996,0.00000,0.00000,0.00001,0.00003
7.81000,1.98000,0.99995,0.00000,0.00000,0.00001,0.00004
8.01000,1.98000,0.99996,0.00000,0.00000,0.00001,0.00003
8.21000,1.98000,0.99996,0.00000,0.00000,0.00001,0.00003
8.41000,1.98000,0.99996,0.00000,0.00000,0.00001,0.00003
8.61000,1.98000,0.99996,0.00000,0.00000,0.00001,0.00003
8.81000,1.98000,0.99996,0.00000,0.00000,0.00001,0.00003
9.01000,1.98000,0.99996,0.00000,0.00000,0.00001,0.00003
9.21000,1.98000,0.99996,0.00000,0.00000,0.00000,0.00003
9.41000,1.98000,0.99996,0.00000,0.00000,0.00001,0.00003
9.61000,1.98000,0.99996,0.00000,0.00000,0.00000,0.00003
9.81000,1.98000,0.99996,0.00000,0.00000,0.00001,0.00003
10.01000,1.98000,0.99996,0.00000,0.00000,0.00000,0.00003
10.21000,1.98000,0.99995,0.00000,0.00000,0.00000,0.00004
10.41000,1.98000,0.99999,0.00000,0.00000,0.00000,0.00000
10.61000,1.98000,0.99999,0.00000,0.00000,0.00001,0.00001
10.81000,1.98000,0.99999,0.00000,0.00000,0.00000,0.00000
11.01000,1.98000,0.99994,0.00000,0.00000,0.00003,0.00003
11.21000,1.98000,0.98768,0.00009,0.00002,0.01059,0.00162
11.41000,1.98000,0.03655,0.00080,0.00015,0.95279,0.00972
11.61000,1.98000,0.86507,0.00161,0.00009,0.11642,0.01681
11.81000,1.98000,0.99896,0.00001,0.00002,0.00052,0.00049
12.01000,1.98000,0.99836,0.00003,0.00015,0.00060,0.00086
12.21000,1.98000,0.99968,0.00001,0.00012,0.00007,0.00013
12.41000,1.98000,0.99992,0.00000,0.00004,0.00001,0.00004
12.61000,1.98000,0.99994,0.00000,0.00001,0.00001,0.00004
12.81000,1.98000,0.99997,0.00000,0.00000,0.00001,0.00002
13.01000,1.98000,0.99995,0.00000,0.00000,0.00001,0.00004
13.21000,1.98000,0.99993,0.00000,0.00000,0.00001,0.00005
13.41000,1.98000,0.99989,0.00000,0.00000,0.00002,0.00008
13.61000,1.98000,0.99983,0.00000,0.00000,0.00001,0.00015
13.81000,1.98000,0.99959,0.00000,0.00001,0.00006,0.00033
14.01000,1.98000,0.99979,0.00000,0.00000,0.00002,0.00018
14.21000,1.98000,0.99993,0.00001,0.00000,0.00001,0.00006
14.41000,1.98000,0.99524,0.00011,0.00007,0.00067,0.00391
14.61000,1.98000,0.99549,0.00032,0.00003,0.00214,0.00201
14.81000,1.98000,0.99927,0.00001,0.00002,0.00007,0.00063
15.01000,1.98000,0.99645,0.00017,0.00035,0.00065,0.00238
15.21000,1.98000,0.99994,0.00000,0.00000,0.00000,0.00005
15.41000,1.98000,0.99990,0.00005,0.00000,0.00002,0.00003
15.61000,1.98000,0.99997,0.00000,0.00001,0.00001,0.00002
15.81000,1.98000,0.99989,0.00000,0.00001,0.00003,0.00007
16.01000,1.98000,0.99993,0.00000,0.00000,0.00001,0.00005
16.21000,1.98000,0.99992,0.00000,0.00001,0.00001,0.00006
16.41000,1.98000,0.99991,0.00000,0.00001,0.00001,0.00007
16.61000,1.98000,0.99993,0.00000,0.00000,0.00001,0.00005
16.81000,1.98000,0.99994,0.00000,0.00001,0.00001,0.00005
17.01000,1.98000,0.99995,0.00000,0.00000,0.00001,0.00004
17.21000,1.98000,0.99995,0.00000,0.00000,0.00001,0.00004
17.41000,1.98000,0.99996,0.00000,0.00000,0.00001,0.00003
17.61000,1.98000,0.99996,0.00000,0.00000,0.00000,0.00003
17.81000,1.98000,0.99999,0.00000,0.00000,0.00000,0.00001
18.01000,1.98000,1.00000,0.00000,0.00000,0.00000,0.00000
18.21000,1.98000,0.99999,0.00000,0.00000,0.00000,0.00000
18.41000,1.98000,0.99996,0.00000,0.00000,0.00003,0.00001
18.61000,1.98000,0.99923,0.00000,0.00000,0.00062,0.00014
18.81000,1.98000,0.42377,0.00133,0.00007,0.56089,0.01395
19.01000,1.98000,0.05926,0.00061,0.00017,0.92581,0.01416
19.21000,1.98000,0.98366,0.00014,0.00002,0.01340,0.00279
19.41000,1.98000,0.99690,0.00005,0.00010,0.00193,0.00102
19.61000,1.98000,0.99956,0.00000,0.00012,0.00013,0.00019
19.81000,1.98000,0.99983,0.00000,0.00007,0.00002,0.00008
20.01000,1.98000,0.99984,0.00000,0.00003,0.00005,0.00008
20.21000,1.98000,0.99993,0.00000,0.00000,0.00002,0.00005
20.41000,1.98000,0.99993,0.00000,0.00000,0.00000,0.00006
20.61000,1.98000,0.99998,0.00000,0.00000,0.00000,0.00001
20.81000,1.98000,0.99974,0.00000,0.00001,0.00005,0.00020
21.01000,1.98000,0.99980,0.00000,0.00001,0.00004,0.00015
21.21000,1.98000,0.99948,0.00000,0.00001,0.00009,0.00042
21.41000,1.98000,0.99985,0.00000,0.00001,0.00001,0.00013
21.61000,1.98000,0.99962,0.00000,0.00001,0.00004,0.00032
21.81000,1.98000,0.99989,0.00000,0.00000,0.00001,0.00010
22.01000,1.98000,0.99994,0.00000,0.00000,0.00001,0.00005
22.21000,1.98000,0.99997,0.00000,0.00000,0.00000,0.00002
22.41000,1.98000,0.99992,0.00000,0.00001,0.00001,0.00006
22.61000,1.98000,0.99991,0.00000,0.00001,0.00001,0.00007
22.81000,1.98000,0.99992,0.00000,0.00001,0.00001,0.00006
23.01000,1.98000,0.99991,0.00000,0.00001,0.00001,0.00007
23.21000,1.98000,0.99991,0.00000,0.00001,0.00001,0.00007
23.41000,1.98000,0.99992,0.00000,0.00001,0.00001,0.00007
23.61000,1.98000,0.99996,0.00000,0.00000,0.00000,0.00004
23.81000,1.98000,0.99999,0.00000,0.00000,0.00000,0.00000
24.01000,1.98000,0.99999,0.00000,0.00000,0.00001,0.00000
24.21000,1.98000,0.99999,0.00000,0.00000,0.00001,0.00000
24.41000,1.98000,0.99984,0.00000,0.00000,0.00011,0.00005
24.61000,1.98000,0.96039,0.00006,0.00003,0.03806,0.00146
24.81000,1.98000,0.01329,0.00008,0.00008,0.98313,0.00342
25.01000,1.98000,0.56804,0.00050,0.00011,0.41866,0.01269
25.21000,1.98000,0.99093,0.00004,0.00003,0.00792,0.00108
25.41000,1.98000,0.99845,0.00000,0.00012,0.00081,0.00061
25.61000,1.98000,0.99974,0.00000,0.00011,0.00007,0.00009
25.81000,1.98000,0.99993,0.00000,0.00003,0.00001,0.00003
26.01000,1.98000,0.99996,0.00000,0.00000,0.00001,0.00003
26.21000,1.98000,0.99996,0.00000,0.00000,0.00000,0.00003
26.41000,1.98000,0.99996,0.00000,0.00000,0.00000,0.00003
26.61000,1.98000,0.99996,0.00000,0.00000,0.00001,0.00003
26.81000,1.98000,0.99981,0.00000,0.00001,0.00007,0.00012
27.01000,1.98000,0.99904,0.00000,0.00002,0.00051,0.00042
27.21000,1.98000,0.99853,0.00000,0.00005,0.00071,0.00071
27.41000,1.98000,0.99830,0.00000,0.00005,0.00064,0.00101
27.61000,1.98000,0.99797,0.00001,0.00004,0.00114,0.00084
27.81000,1.98000,0.99905,0.00000,0.00003,0.00038,0.00054
28.01000,1.98000,0.99953,0.00000,0.00002,0.00010,0.00034
28.21000,1.98000,0.99987,0.00000,0.00001,0.00003,0.00010
28.41000,1.98000,0.99995,0.00000,0.00000,0.00001,0.00004
28.61000,1.98000,0.99995,0.00000,0.00000,0.00001,0.00004
28.81000,1.98000,0.99996,0.00000,0.00000,0.00001,0.00003
29.01000,1.98000,0.99997,0.00000,0.00000,0.00001,0.00002
29.21000,1.98000,0.99996,0.00000,0.00000,0.00001,0.00003
29.41000,1.98000,0.99996,0.00000,0.00000,0.00000,0.00003
29.61000,1.98000,0.99998,0.00000,0.00000,0.00001,0.00001
29.81000,1.98000,0.99995,0.00000,0.00000,0.00003,0.00001
30.01000,1.98000,0.99999,0.00000,0.00000,0.00001,0.00001
30.21000,1.98000,0.99960,0.00003,0.00000,0.00017,0.00021
30.41000,1.98000,0.96189,0.00077,0.00003,0.03381,0.00350
30.61000,1.98000,0.05259,0.00662,0.00043,0.90858,0.03178
30.81000,1.98000,0.93952,0.00247,0.00006,0.04212,0.01583
31.01000,1.98000,0.99862,0.00005,0.00004,0.00075,0.00055
31.21000,1.98000,0.99901,0.00002,0.00009,0.00035,0.00052
31.41000,1.98000,0.99975,0.00001,0.00007,0.00004,0.00013
31.61000,1.98000,0.99993,0.00000,0.00002,0.00000,0.00004
31.81000,1.98000,0.99997,0.00000,0.00000,0.00000,0.00003
32.01000,1.98000,0.99996,0.00000,0.00000,0.00000,0.00003
32.21000,1.98000,0.99991,0.00000,0.00000,0.00001,0.00008
32.41000,1.98000,0.99946,0.00001,0.00001,0.00017,0.00035
32.61000,1.98000,0.99851,0.00000,0.00002,0.00011,0.00136
32.81000,1.98000,0.99864,0.00000,0.00001,0.00004,0.00130
33.01000,1.98000,0.99764,0.00001,0.00000,0.00005,0.00230
33.21000,1.98000,0.99837,0.00004,0.00000,0.00005,0.00154
33.41000,1.98000,0.99374,0.00012,0.00001,0.00009,0.00603
33.61000,1.98000,0.99715,0.00009,0.00001,0.00034,0.00241
33.81000,1.98000,0.99422,0.00018,0.00001,0.00111,0.00449
34.01000,1.98000,0.99269,0.00014,0.00003,0.00186,0.00528
34.21000,1.98000,0.99947,0.00000,0.00001,0.00004,0.00049
34.41000,1.98000,0.99982,0.00000,0.00001,0.00003,0.00014
34.61000,1.98000,0.99992,0.00001,0.00000,0.00002,0.00005
34.81000,1.98000,0.99993,0.00000,0.00000,0.00003,0.00003
35.01000,1.98000,0.99996,0.00000,0.00000,0.00000,0.00004
35.21000,1.98000,0.99999,0.00000,0.00000,0.00000,0.00000
35.41000,1.98000,1.00000,0.00000,0.00000,0.00000,0.00000
35.61000,1.98000,1.00000,0.00000,0.00000,0.00000,0.00000
35.81000,1.98000,0.99996,0.00000,0.00001,0.00001,0.00001
36.01000,1.98000,0.99332,0.00000,0.00046,0.00565,0.00057
36.21000,1.98000,0.26397,0.00006,0.00775,0.72132,0.00692
36.41000,1.98000,0.98156,0.00001,0.00210,0.01273,0.00361
36.61000,1.98000,0.99939,0.00000,0.00042,0.00011,0.00007
36.81000,1.98000,0.99918,0.00000,0.00052,0.00024,0.00006
37.01000,1.98000,0.99983,0.00000,0.00011,0.00004,0.00002
37.21000,1.98000,0.99988,0.00000,0.00004,0.00002,0.00005
37.41000,1.98000,0.99985,0.00000,0.00001,0.00007,0.00007
37.61000,1.98000,0.99997,0.00000,0.00000,0.00001,0.00002
37.81000,1.98000,0.99997,0.00000,0.00000,0.00000,0.00002
38.01000,1.98000,0.99988,0.00000,0.00000,0.00002,0.00010
38.21000,1.98000,0.99945,0.00000,0.00001,0.00011,0.00043
38.41000,1.98000,0.99835,0.00000,0.00003,0.00027,0.00134
38.61000,1.98000,0.99917,0.00001,0.00000,0.00024,0.00058
38.81000,1.98000,0.99894,0.00000,0.00002,0.00017,0.00087
39.01000,1.98000,0.99907,0.00000,0.00002,0.00011,0.00079
39.21000,1.98000,0.99986,0.00000,0.00000,0.00001,0.00013
39.41000,1.98000,0.99982,0.00000,0.00001,0.00002,0.00016
39.61000,1.98000,0.99994,0.00000,0.00001,0.00001,0.00005
39.81000,1.98000,0.99995,0.00000,0.00000,0.00001,0.00003
40.01000,1.98000,0.99998,0.00000,0.00000,0.00000,0.00002
40.21000,1.98000,0.99999,0.00000,0.00000,0.00000,0.00000
40.41000,1.98000,0.99999,0.00000,0.00000,0.00000,0.00000
40.61000,1.98000,0.99999,0.00000,0.00000,0.00000,0.00000
40.81000,1.98000,0.99984,0.00000,0.00000,0.00009,0.00006
41.01000,1.98000,0.97713,0.00014,0.00000,0.02216,0.00057
41.21000,1.98000,0.00938,0.00025,0.00005,0.98633,0.00400
41.41000,1.98000,0.75403,0.00128,0.00007,0.23166,0.01296
41.61000,1.98000,0.99468,0.00003,0.00003,0.00448,0.00078
41.81000,1.98000,0.99709,0.00002,0.00019,0.00199,0.00071
42.01000,1.98000,0.99979,0.00000,0.00007,0.00005,0.00008
42.21000,1.98000,0.99993,0.00000,0.00003,0.00001,0.00003
42.41000,1.98000,0.99994,0.00000,0.00000,0.00001,0.00004
42.61000,1.98000,0.99997,0.00000,0.00000,0.00001,0.00002
42.81000,1.98000,0.99993,0.00001,0.00000,0.00001,0.00006
43.01000,1.98000,0.99927,0.00002,0.00000,0.00017,0.00053
43.21000,1.98000,0.99906,0.00002,0.00000,0.00027,0.00065
43.41000,1.98000,0.94763,0.00040,0.00007,0.03755,0.01436
43.61000,1.98000,0.98024,0.00051,0.00004,0.00976,0.00944
43.81000,1.98000,0.99695,0.00004,0.00002,0.00034,0.00265
44.01000,1.98000,0.99917,0.00001,0.00002,0.00005,0.00074
44.21000,1.98000,0.99988,0.00000,0.00001,0.00001,0.00011
44.41000,1.98000,0.99992,0.00000,0.00000,0.00000,0.00007
44.61000,1.98000,0.99998,0.00000,0.00000,0.00000,0.00002
44.81000,1.98000,0.99992,0.00000,0.00000,0.00001,0.00006
45.01000,1.98000,0.99995,0.00000,0.00000,0.00001,0.00003
45.21000,1.98000,0.99997,0.00000,0.00000,0.00001,0.00002
45.41000,1.98000,0.99998,0.00000,0.00000,0.00000,0.00002
45.61000,1.98000,0.99999,0.00000,0.00000,0.00000,0.00001
45.81000,1.98000,0.99999,0.00000,0.00000,0.00001,0.00000
46.01000,1.98000,1.00000,0.00000,0.00000,0.00000,0.00000
46.21000,1.98000,0.99994,0.00000,0.00000,0.00004,0.00002
46.41000,1.98000,0.99553,0.00002,0.00001,0.00408,0.00036
46.61000,1.98000,0.15039,0.00030,0.00022,0.83775,0.01135
46.81000,1.98000,0.56885,0.00077,0.00114,0.34784,0.08140
47.01000,1.98000,0.98340,0.00019,0.00003,0.01434,0.00204
47.21000,1.98000,0.99770,0.00004,0.00024,0.00056,0.00146
47.41000,1.98000,0.99951,0.00003,0.00008,0.00014,0.00024
47.61000,1.98000,0.99990,0.00001,0.00002,0.00000,0.00007
47.81000,1.98000,0.99991,0.00005,0.00000,0.00000,0.00004
48.01000,1.98000,0.99985,0.00013,0.00000,0.00000,0.00002
48.21000,1.98000,0.99929,0.00069,0.00000,0.00000,0.00002
48.41000,1.98000,0.99679,0.00299,0.00000,0.00005,0.00017
48.61000,1.98000,0.99854,0.00128,0.00000,0.00005,0.00013
48.81000,1.98000,0.99952,0.00031,0.00001,0.00001,0.00016
49.01000,1.98000,0.99994,0.00003,0.00000,0.00000,0.00002
49.21000,1.98000,0.99997,0.00001,0.00000,0.00000,0.00002
49.41000,1.98000,0.99999,0.00000,0.00000,0.00000,0.00001
49.61000,1.98000,1.00000,0.00000,0.00000,0.00000,0.00000
49.81000,1.98000,1.00000,0.00000,0.00000,0.00000,0.00000
50.01000,1.98000,0.99999,0.00000,0.00000,0.00000,0.00000
50.21000,1.98000,0.99954,0.00000,0.00000,0.00023,0.00023
50.41000,1.98000,0.97073,0.00003,0.00001,0.02829,0.00095
50.61000,1.98000,0.01626,0.00003,0.00062,0.96132,0.02176
50.81000,1.98000,0.89910,0.00022,0.00003,0.09359,0.00706
51.01000,1.98000,0.99676,0.00002,0.00001,0.00238,0.00083
51.21000,1.98000,0.99916,0.00000,0.00008,0.00037,0.00038
51.41000,1.98000,0.99986,0.00000,0.00004,0.00002,0.00008
51.61000,1.98000,0.99994,0.00000,0.00002,0.00000,0.00004
51.81000,1.98000,0.99992,0.00000,0.00000,0.00002,0.00006
52.01000,1.98000,0.99996,0.00000,0.00000,0.00001,0.00003
52.21000,1.98000,0.99995,0.00000,0.00000,0.00001,0.00004
52.41000,1.98000,0.99995,0.00000,0.00000,0.00001,0.00004
52.61000,1.98000,0.99994,0.00000,0.00000,0.00001,0.00005
52.81000,1.98000,0.99994,0.00000,0.00000,0.00001,0.00005
53.01000,1.98000,0.99995,0.00000,0.00000,0.00001,0.00004
53.21000,1.98000,0.99994,0.00000,0.00000,0.00001,0.00005
53.41000,1.98000,0.99993,0.00000,0.00000,0.00001,0.00005
53.61000,1.98000,0.99992,0.00000,0.00000,0.00001,0.00006
53.81000,1.98000,0.99993,0.00000,0.00001,0.00001,0.00005
54.01000,1.98000,0.99987,0.00000,0.00001,0.00001,0.00011
54.21000,1.98000,0.99989,0.00000,0.00001,0.00000,0.00010
54.41000,1.98000,0.99966,0.00000,0.00002,0.00007,0.00025
54.61000,1.98000,0.99649,0.00002,0.00004,0.00183,0.00162
54.81000,1.98000,0.99743,0.00001,0.00013,0.00142,0.00101
55.01000,1.98000,0.99746,0.00000,0.00014,0.00107,0.00133
55.21000,1.98000,0.98799,0.00002,0.00028,0.00769,0.00401
55.41000,1.98000,0.99980,0.00000,0.00000,0.00003,0.00017
55.61000,1.98000,0.99999,0.00000,0.00000,0.00000,0.00001
55.81000,1.98000,0.99999,0.00000,0.00000,0.00001,0.00000
56.01000,1.98000,0.99996,0.00000,0.00000,0.00003,0.00001
56.21000,1.98000,0.99623,0.00000,0.00000,0.00354,0.00023
56.41000,1.98000,0.16358,0.00005,0.00013,0.82791,0.00834
56.61000,1.98000,0.23047,0.00007,0.00021,0.75510,0.01416
56.81000,1.98000,0.99280,0.00001,0.00000,0.00661,0.00058
57.01000,1.98000,0.99887,0.00000,0.00003,0.00059,0.00051
57.21000,1.98000,0.99967,0.00000,0.00010,0.00012,0.00011
57.41000,1.98000,0.99993,0.00000,0.00003,0.00000,0.00003
57.61000,1.98000,0.99995,0.00000,0.00001,0.00001,0.00003
57.81000,1.98000,0.99999,0.00000,0.00000,0.00000,0.00001
58.01000,1.98000,0.99998,0.00000,0.00000,0.00000,0.00001
58.21000,1.98000,0.99998,0.00001,0.00000,0.00000,0.00001
58.41000,1.98000,0.99996,0.00000,0.00000,0.00000,0.00003
58.61000,1.98000,0.99995,0.00003,0.00000,0.00000,0.00001
58.81000,1.98000,0.99977,0.00013,0.00000,0.00000,0.00010
59.01000,1.98000,0.99947,0.00051,0.00000,0.00000,0.00002
59.21000,1.98000,0.99989,0.00011,0.00000,0.00000,0.00000
59.41000,1.98000,0.99749,0.00249,0.00000,0.00000,0.00002
59.61000,1.98000,0.99515,0.00482,0.00000,0.00000,0.00003
59.81000,1.98000,0.99771,0.00216,0.00001,0.00000,0.00011
60.01000,1.98000,0.99959,0.00040,0.00001,0.00000,0.00000
60.21000,1.98000,0.99996,0.00004,0.00000,0.00000,0.00000
60.41000,1.98000,0.99989,0.00010,0.00000,0.00000,0.00001
60.61000,1.98000,0.99999,0.00000,0.00000,0.00000,0.00000
60.81000,1.98000,1.00000,0.00000,0.00000,0.00000,0.00000
61.01000,1.98000,1.00000,0.00000,0.00000,0.00000,0.00000
61.21000,1.98000,0.99997,0.00000,0.00000,0.00001,0.00002
61.41000,1.98000,0.99878,0.00001,0.00001,0.00100,0.00020
61.61000,1.98000,0.68557,0.00030,0.00179,0.28032,0.03203
61.81000,1.98000,0.62466,0.00084,0.00115,0.34762,0.02573
62.01000,1.98000,0.99150,0.00009,0.00008,0.00663,0.00171
62.21000,1.98000,0.99814,0.00002,0.00018,0.00092,0.00073
62.41000,1.98000,0.99870,0.00001,0.00059,0.00031,0.00039
62.61000,1.98000,0.99994,0.00000,0.00003,0.00000,0.00002
62.81000,1.98000,0.99993,0.00000,0.00001,0.00001,0.00005
63.01000,1.98000,0.99996,0.00000,0.00000,0.00001,0.00002
63.21000,1.98000,0.99997,0.00000,0.00000,0.00001,0.00002
63.41000,1.98000,0.99997,0.00000,0.00000,0.00000,0.00003
63.61000,1.98000,0.99994,0.00000,0.00000,0.00001,0.00004
63.81000,1.98000,0.99984,0.00000,0.00001,0.00004,0.00011
64.01000,1.98000,0.99974,0.00000,0.00002,0.00005,0.00019
64.21000,1.98000,0.99988,0.00000,0.00001,0.00002,0.00010
64.41000,1.98000,0.99989,0.00000,0.00001,0.00002,0.00009
64.61000,1.98000,0.99993,0.00000,0.00000,0.00001,0.00006
64.81000,1.98000,0.99998,0.00001,0.00000,0.00000,0.00002
65.01000,1.98000,0.99996,0.00002,0.00000,0.00000,0.00001
65.21000,1.98000,0.99991,0.00004,0.00000,0.00002,0.00003
65.41000,1.98000,0.99927,0.00003,0.00007,0.00012,0.00050
65.61000,1.98000,0.99980,0.00004,0.00002,0.00003,0.00012
65.81000,1.98000,0.99934,0.00026,0.00000,0.00014,0.00026
66.01000,1.98000,0.99784,0.00121,0.00001,0.00052,0.00041
66.21000,1.98000,0.99915,0.00020,0.00002,0.00012,0.00051
66.41000,1.98000,0.99987,0.00003,0.00000,0.00003,0.00006
66.61000,1.98000,0.99965,0.00000,0.00001,0.00003,0.00030
66.81000,1.98000,0.99990,0.00000,0.00000,0.00003,0.00007
67.01000,1.98000,0.99992,0.00000,0.00000,0.00003,0.00005
67.21000,1.98000,0.99997,0.00000,0.00000,0.00002,0.00001
67.41000,1.98000,0.99630,0.00000,0.00001,0.00290,0.00079
67.61000,1.98000,0.87951,0.00005,0.00002,0.11733,0.00308
67.81000,1.98000,0.02206,0.00002,0.00052,0.96242,0.01498
68.01000,1.98000,0.96737,0.00007,0.00001,0.03063,0.00192
68.21000,1.98000,0.99746,0.00001,0.00002,0.00145,0.00106
68.41000,1.98000,0.99932,0.00000,0.00013,0.00035,0.00020
68.61000,1.98000,0.99983,0.00000,0.00009,0.00003,0.00006
68.81000,1.98000,0.99995,0.00000,0.00001,0.00001,0.00002
69.01000,1.98000,0.99996,0.00000,0.00000,0.00001,0.00003
69.21000,1.98000,0.99994,0.00000,0.00001,0.00001,0.00004
69.41000,1.98000,0.99996,0.00000,0.00000,0.00001,0.00003
69.61000,1.98000,0.99996,0.00000,0.00000,0.00000,0.00004
69.81000,1.98000,0.99995,0.00000,0.00000,0.00000,0.00004
70.01000,1.98000,0.99996,0.00000,0.00000,0.00000,0.00004
70.21000,1.98000,0.99980,0.00001,0.00001,0.00001,0.00017
70.41000,1.98000,0.99992,0.00000,0.00000,0.00000,0.00007
70.61000,1.98000,0.99986,0.00001,0.00000,0.00001,0.00011
70.81000,1.98000,0.99788,0.00010,0.00000,0.00017,0.00185
71.01000,1.98000,0.99409,0.00042,0.00002,0.00132,0.00415
71.21000,1.98000,0.99380,0.00010,0.00002,0.00044,0.00564
71.41000,1.98000,0.99975,0.00001,0.00001,0.00002,0.00020
71.61000,1.98000,0.99982,0.00000,0.00000,0.00000,0.00018
71.81000,1.98000,0.99962,0.00000,0.00000,0.00000,0.00038
72.01000,1.98000,0.99754,0.00001,0.00001,0.00004,0.00239
72.21000,1.98000,0.93435,0.00002,0.00088,0.00070,0.06405
72.41000,1.98000,0.99526,0.00000,0.00022,0.00002,0.00450
72.61000,1.98000,0.99750,0.00000,0.00002,0.00040,0.00208
72.81000,1.98000,0.99978,0.00000,0.00000,0.00011,0.00011
73.01000,1.98000,0.99991,0.00000,0.00000,0.00002,0.00007
73.21000,1.98000,0.99966,0.00000,0.00000,0.00006,0.00028
73.41000,1.98000,0.95893,0.00014,0.00013,0.03393,0.00687
73.61000,1.98000,0.00320,0.00003,0.00005,0.99540,0.00132
73.81000,1.98000,0.68394,0.00032,0.00007,0.30939,0.00628
74.01000,1.98000,0.99570,0.00001,0.00001,0.00396,0.00033
74.21000,1.98000,0.99805,0.00001,0.00015,0.00127,0.00053
74.41000,1.98000,0.99981,0.00000,0.00007,0.00007,0.00005
74.61000,1.98000,0.99992,0.00000,0.00004,0.00001,0.00003
74.81000,1.98000,0.99992,0.00000,0.00001,0.00003,0.00004
75.01000,1.98000,0.99997,0.00000,0.00000,0.00001,0.00002
75.21000,1.98000,0.99996,0.00000,0.00000,0.00001,0.00003
75.41000,1.98000,0.99996,0.00000,0.00000,0.00001,0.00003
75.61000,1.98000,0.99995,0.00000,0.00000,0.00001,0.00004
75.81000,1.98000,0.99995,0.00000,0.00000,0.00001,0.00004
76.01000,1.98000,0.99993,0.00000,0.00001,0.00001,0.00005
76.21000,1.98000,0.99991,0.00000,0.00001,0.00002,0.00007
76.41000,1.98000,0.99991,0.00000,0.00001,0.00001,0.00007
76.61000,1.98000,0.99991,0.00000,0.00001,0.00001,0.00007
76.81000,1.98000,0.99987,0.00000,0.00001,0.00001,0.00011
77.01000,1.98000,0.99989,0.00000,0.00001,0.00002,0.00009
77.21000,1.98000,0.99977,0.00000,0.00001,0.00003,0.00018
77.41000,1.98000,0.99989,0.00000,0.00001,0.00002,0.00009
77.61000,1.98000,0.99988,0.00000,0.00001,0.00002,0.00009
77.81000,1.98000,0.99993,0.00000,0.00000,0.00001,0.00005
78.01000,1.98000,0.99994,0.00000,0.00000,0.00001,0.00004
78.21000,1.98000,0.99997,0.00000,0.00000,0.00001,0.00002
78.41000,1.98000,0.99997,0.00000,0.00000,0.00001,0.00002
78.61000,1.98000,0.99996,0.00000,0.00000,0.00001,0.00002
78.81000,1.98000,0.99998,0.00000,0.00000,0.00000,0.00002
79.01000,1.98000,0.99997,0.00000,0.00000,0.00001,0.00002
79.21000,1.98000,0.99996,0.00000,0.00000,0.00002,0.00002
79.41000,1.98000,0.99989,0.00000,0.00001,0.00006,0.00004
79.61000,1.98000,0.99996,0.00000,0.00000,0.00001,0.00003
79.81000,1.98000,0.99991,0.00000,0.00001,0.00003,0.00005
80.01000,1.98000,0.99995,0.00000,0.00000,0.00002,0.00003
80.21000,1.98000,0.99991,0.00000,0.00001,0.00004,0.00004
80.41000,1.98000,0.99996,0.00000,0.00000,0.00002,0.00002
80.61000,1.98000,0.99998,0.00000,0.00000,0.00001,0.00001
80.81000,1.98000,0.99993,0.00000,0.00001,0.00002,0.00004
81.01000,1.98000,0.99992,0.00000,0.00001,0.00002,0.00005
81.21000,1.98000,0.99990,0.00000,0.00001,0.00002,0.00006
81.41000,1.98000,0.99997,0.00000,0.00000,0.00000,0.00003
81.61000,1.98000,0.99999,0.00000,0.00000,0.00000,0.00000
81.81000,1.98000,0.99999,0.00000,0.00000,0.00000,0.00000
82.01000,1.98000,0.99998,0.00000,0.00000,0.00001,0.00001
82.21000,1.98000,0.99951,0.00000,0.00000,0.00032,0.00017
82.41000,1.98000,0.89050,0.00041,0.00002,0.10466,0.00441
82.61000,1.98000,0.02359,0.00006,0.00041,0.94511,0.03084
82.81000,1.98000,0.99253,0.00004,0.00001,0.00572,0.00171
83.01000,1.98000,0.99805,0.00001,0.00002,0.00058,0.00134
83.21000,1.98000,0.99968,0.00000,0.00005,0.00009,0.00019
83.41000,1.98000,0.99992,0.00000,0.00002,0.00001,0.00005
83.61000,1.98000,0.99991,0.00000,0.00002,0.00000,0.00007
83.81000,1.98000,0.99993,0.00000,0.00000,0.00001,0.00005
84.01000,1.98000,0.99967,0.00000,0.00002,0.00009,0.00022
84.21000,1.98000,0.99910,0.00000,0.00002,0.00040,0.00047
84.41000,1.98000,0.99925,0.00000,0.00003,0.00022,0.00050
84.61000,1.98000,0.99834,0.00001,0.00009,0.00047,0.00110
84.81000,1.98000,0.99928,0.00003,0.00003,0.00017,0.00049
85.01000,1.98000,0.99967,0.00008,0.00001,0.00002,0.00023
85.21000,1.98000,0.99937,0.00007,0.00001,0.00006,0.00049
85.41000,1.98000,0.99986,0.00004,0.00000,0.00002,0.00008
85.61000,1.98000,0.99945,0.00004,0.00001,0.00009,0.00041
85.81000,1.98000,0.99931,0.00004,0.00002,0.00003,0.00060
86.01000,1.98000,0.99972,0.00001,0.00000,0.00000,0.00027
86.21000,1.98000,0.99980,0.00004,0.00000,0.00001,0.00015
86.41000,1.98000,0.99952,0.00025,0.00000,0.00004,0.00018
86.61000,1.98000,0.99971,0.00003,0.00000,0.00004,0.00022
86.81000,1.98000,0.99891,0.00008,0.00002,0.00029,0.00071
87.01000,1.98000,0.99807,0.00003,0.00005,0.00065,0.00121
87.21000,1.98000,0.99983,0.00004,0.00000,0.00002,0.00011
87.41000,1.98000,0.99982,0.00000,0.00001,0.00001,0.00016
87.61000,1.98000,0.99998,0.00000,0.00000,0.00000,0.00001
87.81000,1.98000,0.99997,0.00000,0.00000,0.00001,0.00002
88.01000,1.98000,0.99999,0.00000,0.00000,0.00000,0.00001
88.21000,1.98000,0.99998,0.00000,0.00000,0.00000,0.00002
88.41000,1.98000,0.99997,0.00000,0.00000,0.00001,0.00002
88.61000,1.98000,0.99997,0.00000,0.00000,0.00001,0.00002
88.81000,1.98000,0.99997,0.00000,0.00000,0.00001,0.00002
89.01000,1.98000,0.99999,0.00000,0.00000,0.00001,0.00001
89.21000,1.98000,0.99999,0.00000,0.00000,0.00000,0.00000
89.41000,1.98000,0.99999,0.00000,0.00000,0.00000,0.00000
89.61000,1.98000,0.99969,0.00000,0.00000,0.00020,0.00011
89.81000,1.98000,0.96912,0.00006,0.00001,0.03004,0.00077
90.01000,1.98000,0.04787,0.00001,0.00142,0.91449,0.03621
90.21000,1.98000,0.86172,0.00008,0.00007,0.13137,0.00676
90.41000,1.98000,0.99714,0.00001,0.00001,0.00216,0.00069
90.61000,1.98000,0.99936,0.00000,0.00006,0.00029,0.00029
90.81000,1.98000,0.99980,0.00000,0.00005,0.00002,0.00013
91.01000,1.98000,0.99993,0.00000,0.00002,0.00001,0.00004
91.21000,1.98000,0.99996,0.00000,0.00000,0.00001,0.00003
91.41000,1.98000,0.99994,0.00000,0.00000,0.00001,0.00004
91.61000,1.98000,0.99996,0.00000,0.00000,0.00001,0.00003
91.81000,1.98000,0.99995,0.00000,0.00000,0.00001,0.00004
92.01000,1.98000,0.99994,0.00000,0.00000,0.00001,0.00005
92.21000,1.98000,0.99995,0.00000,0.00000,0.00001,0.00004
92.41000,1.98000,0.99995,0.00000,0.00000,0.00001,0.00004
92.61000,1.98000,0.99993,0.00000,0.00000,0.00001,0.00005
92.81000,1.98000,0.99992,0.00000,0.00001,0.00001,0.00006
93.01000,1.98000,0.99993,0.00000,0.00001,0.00001,0.00005
93.21000,1.98000,0.99995,0.00000,0.00000,0.00001,0.00004
93.41000,1.98000,0.99984,0.00000,0.00001,0.00003,0.00013
93.61000,1.98000,0.99998,0.00000,0.00000,0.00000,0.00002
93.81000,1.98000,0.99978,0.00000,0.00000,0.00005,0.00016
94.01000,1.98000,0.99969,0.00001,0.00001,0.00011,0.00018
94.21000,1.98000,0.99915,0.00001,0.00007,0.00033,0.00044
94.41000,1.98000,0.99977,0.00004,0.00001,0.00003,0.00015
94.61000,1.98000,0.99849,0.00018,0.00001,0.00059,0.00073
94.81000,1.98000,0.99992,0.00001,0.00001,0.00000,0.00006
95.01000,1.98000,0.99983,0.00001,0.00002,0.00002,0.00012
95.21000,1.98000,0.99998,0.00000,0.00000,0.00000,0.00001
95.41000,1.98000,0.99997,0.00000,0.00000,0.00000,0.00002
95.61000,1.98000,0.99999,0.00000,0.00000,0.00000,0.00000
95.81000,1.98000,0.99999,0.00000,0.00000,0.00000,0.00001
96.01000,1.98000,0.99996,0.00000,0.00000,0.00001,0.00003
96.21000,1.98000,0.99992,0.00000,0.00001,0.00001,0.00006
96.41000,1.98000,0.99990,0.00000,0.00001,0.00001,0.00008
96.61000,1.98000,0.99991,0.00000,0.00001,0.00000,0.00008
96.81000,1.98000,0.99999,0.00000,0.00000,0.00000,0.00001
97.01000,1.98000,0.99999,0.00000,0.00000,0.00000,0.00001
97.21000,1.98000,0.99996,0.00000,0.00000,0.00001,0.00003
97.41000,1.98000,0.99764,0.00000,0.00001,0.00177,0.00057
97.61000,1.98000,0.81800,0.00004,0.00026,0.17462,0.00708
97.81000,1.98000,0.11050,0.00002,0.00172,0.84545,0.04231
98.01000,1.98000,0.99241,0.00001,0.00001,0.00668,0.00089
98.21000,1.98000,0.99829,0.00000,0.00002,0.00074,0.00095
98.41000,1.98000,0.99968,0.00000,0.00009,0.00010,0.00013
98.61000,1.98000,0.99993,0.00000,0.00003,0.00001,0.00003
98.81000,1.98000,0.99993,0.00000,0.00001,0.00001,0.00005
99.01000,1.98000,0.99996,0.00000,0.00000,0.00001,0.00003
99.21000,1.98000,0.99995,0.00000,0.00000,0.00001,0.00004
99.41000,1.98000,0.99995,0.00000,0.00000,0.00001,0.00004
99.61000,1.98000,0.99995,0.00000,0.00000,0.00001,0.00004
99.81000,1.98000,0.99995,0.00000,0.00000,0.00001,0.00004
100.01000,1.98000,0.99995,0.00000,0.00000,0.00001,0.00004
100.21000,1.98000,0.99994,0.00000,0.00000,0.00001,0.00004
100.41000,1.98000,0.99993,0.00000,0.00000,0.00001,0.00005
100.61000,1.98000,0.99986,0.00000,0.00001,0.00003,0.00010
100.81000,1.98000,0.99987,0.00000,0.00001,0.00002,0.00010
101.01000,1.98000,0.99987,0.00000,0.00001,0.00003,0.00009
101.21000,1.98000,0.99979,0.00000,0.00002,0.00006,0.00013
101.41000,1.98000,0.99984,0.00000,0.00002,0.00002,0.00012
101.61000,1.98000,0.99991,0.00000,0.00001,0.00002,0.00007
101.81000,1.98000,0.99994,0.00000,0.00000,0.00001,0.00004
102.01000,1.98000,0.99989,0.00000,0.00001,0.00002,0.00008
102.21000,1.98000,0.99991,0.00000,0.00001,0.00001,0.00007
102.41000,1.98000,0.99996,0.00000,0.00000,0.00001,0.00003
102.61000,1.98000,0.99995,0.00000,0.00000,0.00001,0.00004
102.81000,1.98000,0.99994,0.00000,0.00000,0.00001,0.00004
103.01000,1.98000,0.99995,0.00000,0.00000,0.00001,0.00004
103.21000,1.98000,0.99997,0.00000,0.00000,0.00001,0.00002
103.41000,1.98000,0.99995,0.00000,0.00000,0.00001,0.00004
103.61000,1.98000,0.99994,0.00000,0.00001,0.00001,0.00005
103.81000,1.98000,0.99994,0.00000,0.00001,0.00001,0.00005
104.01000,1.98000,0.99996,0.00000,0.00000,0.00000,0.00003
104.21000,1.98000,1.00000,0.00000,0.00000,0.00000,0.00000
104.41000,1.98000,0.99998,0.00000,0.00000,0.00001,0.00001
104.61000,1.98000,0.99999,0.00000,0.00000,0.00000,0.00001
104.81000,1.98000,0.99807,0.00000,0.00001,0.00137,0.00055
105.01000,1.98000,0.89258,0.00007,0.00009,0.10255,0.00471
105.21000,1.98000,0.00880,0.00002,0.00027,0.98295,0.00796
105.41000,1.98000,0.89854,0.00013,0.00012,0.09483,0.00639
105.61000,1.98000,0.99651,0.00001,0.00004,0.00244,0.00100
105.81000,1.98000,0.99944,0.00000,0.00017,0.00020,0.00019
106.01000,1.98000,0.99972,0.00000,0.00010,0.00004,0.00015
106.21000,1.98000,0.99990,0.00000,0.00002,0.00001,0.00007
106.41000,1.98000,0.99993,0.00000,0.00000,0.00001,0.00006
106.61000,1.98000,0.99991,0.00000,0.00000,0.00001,0.00007
106.81000,1.98000,0.99986,0.00000,0.00001,0.00002,0.00012
107.01000,1.98000,0.99988,0.00000,0.00001,0.00002,0.00008
107.21000,1.98000,0.99981,0.00000,0.00001,0.00004,0.00014
107.41000,1.98000,0.99977,0.00000,0.00000,0.00001,0.00021
107.61000,1.98000,0.99904,0.00000,0.00001,0.00002,0.00092
107.81000,1.98000,0.99275,0.00000,0.00009,0.00005,0.00711
108.01000,1.98000,0.99869,0.00000,0.00003,0.00003,0.00125
108.21000,1.98000,0.99837,0.00003,0.00001,0.00047,0.00113
108.41000,1.98000,0.98326,0.00014,0.00027,0.00628,0.01004
108.61000,1.98000,0.99788,0.00015,0.00003,0.00048,0.00146
108.81000,1.98000,0.99975,0.00001,0.00001,0.00001,0.00023
109.01000,1.98000,0.99985,0.00000,0.00002,0.00000,0.00013
109.21000,1.98000,0.99991,0.00000,0.00003,0.00000,0.00006
109.41000,1.98000,0.99990,0.00000,0.00002,0.00001,0.00008
109.61000,1.98000,0.99995,0.00000,0.00000,0.00001,0.00003
109.81000,1.98000,0.99997,0.00000,0.00000,0.00001,0.00002
110.01000,1.98000,0.99995,0.00000,0.00000,0.00001,0.00003
110.21000,1.98000,0.99997,0.00000,0.00000,0.00001,0.00003
110.41000,1.98000,0.99997,0.00000,0.00000,0.00001,0.00003
110.61000,1.98000,0.99997,0.00000,0.00000,0.00000,0.00002
110.81000,1.98000,0.99996,0.00000,0.00000,0.00000,0.00003
111.01000,1.98000,1.00000,0.00000,0.00000,0.00000,0.00000
111.21000,1.98000,1.00000,0.00000,0.00000,0.00000,0.00000
111.41000,1.98000,0.99999,0.00000,0.00000,0.00000,0.00001
111.61000,1.98000,0.99919,0.00000,0.00000,0.00053,0.00028
111.81000,1.98000,0.91346,0.00007,0.00008,0.08203,0.00437
112.01000,1.98000,0.27401,0.00006,0.00089,0.66488,0.06015
112.21000,1.98000,0.99689,0.00001,0.00000,0.00203,0.00107
112.41000,1.98000,0.99931,0.00000,0.00001,0.00019,0.00048
112.61000,1.98000,0.99964,0.00000,0.00015,0.00004,0.00017
112.81000,1.98000,0.99996,0.00000,0.00002,0.00000,0.00002
113.01000,1.98000,0.99998,0.00000,0.00001,0.00000,0.00001
113.21000,1.98000,0.99996,0.00000,0.00000,0.00001,0.00002
113.41000,1.98000,0.99998,0.00000,0.00000,0.00000,0.00002
113.61000,1.98000,0.99997,0.00000,0.00000,0.00001,0.00002
113.81000,1.98000,0.99996,0.00000,0.00000,0.00001,0.00003
114.01000,1.98000,0.99995,0.00000,0.00000,0.00001,0.00004
114.21000,1.98000,0.99995,0.00000,0.00000,0.00001,0.00004
114.41000,1.98000,0.99993,0.00000,0.00001,0.00001,0.00006
114.61000,1.98000,0.99986,0.00000,0.00001,0.00003,0.00010
114.81000,1.98000,0.99990,0.00000,0.00001,0.00001,0.00007
115.01000,1.98000,0.99983,0.00001,0.00001,0.00003,0.00012
115.21000,1.98000,0.99857,0.00009,0.00008,0.00050,0.00077
115.41000,1.98000,0.99970,0.00001,0.00003,0.00007,0.00019
115.61000,1.98000,0.99962,0.00001,0.00003,0.00010,0.00023
115.81000,1.98000,0.99988,0.00000,0.00001,0.00003,0.00008
116.01000,1.98000,0.99974,0.00001,0.00002,0.00005,0.00017
116.21000,1.98000,0.99996,0.00000,0.00000,0.00001,0.00003
116.41000,1.98000,0.99998,0.00000,0.00000,0.00000,0.00001
116.61000,1.98000,0.99996,0.00000,0.00000,0.00001,0.00003
116.81000,1.98000,0.99996,0.00000,0.00000,0.00001,0.00003
117.01000,1.98000,0.99998,0.00000,0.00000,0.00000,0.00002
117.21000,1.98000,1.00000,0.00000,0.00000,0.00000,0.00000
117.41000,1.98000,1.00000,0.00000,0.00000,0.00000,0.00000
117.61000,1.98000,0.99996,0.00000,0.00000,0.00001,0.00003
117.81000,1.98000,0.99827,0.00000,0.00000,0.00079,0.00094
118.01000,1.98000,0.23166,0.00008,0.00351,0.50858,0.25617
118.21000,1.98000,0.71811,0.00005,0.00063,0.20916,0.07206
118.41000,1.98000,0.99878,0.00000,0.00000,0.00060,0.00062
118.61000,1.98000,0.99884,0.00000,0.00003,0.00008,0.00105
118.81000,1.98000,0.99985,0.00000,0.00004,0.00001,0.00010
119.01000,1.98000,0.99995,0.00000,0.00001,0.00000,0.00004
119.21000,1.98000,0.99995,0.00000,0.00000,0.00001,0.00004
119.41000,1.98000,0.99994,0.00000,0.00000,0.00002,0.00004
119.61000,1.98000,0.99936,0.00000,0.00001,0.00024,0.00039
119.81000,1.98000,0.99963,0.00000,0.00001,0.00006,0.00030
120.01000,1.98000,0.99995,0.00000,0.00001,0.00000,0.00004
120.21000,1.98000,0.99981,0.00000,0.00000,0.00000,0.00018
120.41000,1.98000,0.99997,0.00000,0.00000,0.00000,0.00003
120.61000,1.98000,0.99972,0.00000,0.00000,0.00002,0.00026
120.81000,1.98000,0.99966,0.00000,0.00003,0.00006,0.00025
121.01000,1.98000,0.99880,0.00000,0.00001,0.00027,0.00092
121.21000,1.98000,0.99998,0.00000,0.00001,0.00000,0.00001
121.41000,1.98000,0.99997,0.00000,0.00000,0.00000,0.00003
121.61000,1.98000,1.00000,0.00000,0.00000,0.00000,0.00000
121.81000,1.98000,0.99995,0.00000,0.00000,0.00001,0.00004
