Time (seconds), Duration (seconds),pred_(unlabeled),pred_On,pred_Off,pred_Dimmer,pred_Lighter
0.01000,1.98000,0.99996,0.00000,0.00001,0.00003,0.00000
0.21000,1.98000,0.99997,0.00000,0.00001,0.00002,0.00000
0.41000,1.98000,0.99997,0.00000,0.00001,0.00002,0.00000
0.61000,1.98000,0.99997,0.00000,0.00001,0.00002,0.00000
0.81000,1.98000,0.99998,0.00000,0.00001,0.00001,0.00000
1.01000,1.98000,0.99998,0.00000,0.00000,0.00002,0.00000
1.21000,1.98000,0.99991,0.00000,0.00000,0.00008,0.00000
1.41000,1.98000,0.99970,0.00000,0.00001,0.00028,0.00001
1.61000,1.98000,0.99932,0.00002,0.00001,0.00064,0.00002
1.81000,1.98000,0.99822,0.00036,0.00003,0.00132,0.00006
2.01000,1.98000,0.99374,0.00510,0.00003,0.00099,0.00014
2.21000,1.98000,0.81037,0.17726,0.00015,0.00998,0.00225
2.41000,1.98000,0.41801,0.56658,0.00008,0.01237,0.00297
2.61000,1.98000,0.35690,0.62268,0.00030,0.01739,0.00274
2.81000,1.98000,0.91906,0.07694,0.00040,0.00325,0.00034
3.01000,1.98000,0.99422,0.00414,0.00028,0.00125,0.00011
3.21000,1.98000,0.99874,0.00096,0.00006,0.00022,0.00001
3.41000,1.98000,0.99972,0.00007,0.00005,0.00016,0.00001
3.61000,1.98000,0.99993,0.00001,0.00002,0.00005,0.00000
3.81000,1.98000,0.99994,0.00000,0.00002,0.00004,0.00000
4.01000,1.98000,0.99997,0.00000,0.00001,0.00002,0.00000
4.21000,1.98000,0.99997,0.00000,0.00001,0.00002,0.00000
4.41000,1.98000,0.99998,0.00000,0.00001,0.00002,0.00000
4.61000,1.98000,0.99997,0.00000,0.00001,0.00002,0.00000
4.81000,1.98000,0.99996,0.00000,0.00001,0.00002,0.00000
5.01000,1.98000,0.99997,0.00000,0.00001,0.00002,0.00000
5.21000,1.98000,0.99997,0.00000,0.00001,0.00002,0.00000
5.41000,1.98000,0.99997,0.00000,0.00001,0.00002,0.00000
5.61000,1.98000,0.99996,0.00000,0.00001,0.00003,0.00000
5.81000,1.98000,0.99997,0.00000,0.00001,0.00002,0.00000
6.01000,1.98000,0.99996,0.00000,0.00001,0.00003,0.00000
6.21000,1.98000,0.99997,0.00000,0.00001,0.00002,0.00000
6.41000,1.98000,0.99998,0.00000,0.00001,0.00002,0.00000
6.61000,1.98000,0.99998,0.00000,0.00001,0.00002,0.00000
6.81000,1.98000,0.99998,0.00000,0.00000,0.00001,0.00000
7.01000,1.98000,0.99998,0.00000,0.00001,0.00002,0.00000
7.21000,1.98000,0.99998,0.00000,0.00001,0.00002,0.00000
7.41000,1.98000,0.99997,0.00000,0.00001,0.00002,0.00000
7.61000,1.98000,0.99998,0.00000,0.00001,0.00002,0.00000
7.81000,1.98000,0.99997,0.00000,0.00001,0.00002,0.00000
8.01000,1.98000,0.99997,0.00000,0.00001,0.00002,0.00000
8.21000,1.98000,0.99998,0.00000,0.00000,0.00001,0.00000
8.41000,1.98000,0.99999,0.00000,0.00000,0.00001,0.00000
8.61000,1.98000,0.99994,0.00000,0.00000,0.00005,0.00000
8.81000,1.98000,0.99970,0.00001,0.00001,0.00027,0.00001
9.01000,1.98000,0.99978,0.00002,0.00002,0.00016,0.00002
9.21000,1.98000,0.98196,0.00243,0.00037,0.01375,0.00150
9.41000,1.98000,0.70974,0.02178,0.00519,0.24935,0.01393
9.61000,1.98000,0.71857,0.02867,0.00736,0.22692,0.01848
9.81000,1.98000,0.96511,0.00469,0.00127,0.02620,0.00274
10.01000,1.98000,0.99635,0.00054,0.00042,0.00254,0.00015
10.21000,1.98000,0.99764,0.00006,0.00095,0.00133,0.00003
10.41000,1.98000,0.99931,0.00000,0.00031,0.00037,0.00001
10.61000,1.98000,0.99990,0.00000,0.00004,0.00007,0.00000
10.81000,1.98000,0.99999,0.00000,0.00000,0.00001,0.00000
11.01000,1.98000,0.99997,0.00000,0.00001,0.00002,0.00000
11.21000,1.98000,0.99997,0.00000,0.00001,0.00002,0.00000
11.41000,1.98000,0.99997,0.00000,0.00001,0.00002,0.00000
11.61000,1.98000,0.99998,0.00000,0.00001,0.00002,0.00000
11.81000,1.98000,0.99997,0.00000,0.00001,0.00002,0.00000
12.01000,1.98000,0.99998,0.00000,0.00001,0.00002,0.00000
12.21000,1.98000,0.99997,0.00000,0.00001,0.00002,0.00000
12.41000,1.98000,0.99998,0.00000,0.00001,0.00002,0.00000
12.61000,1.98000,0.99997,0.00000,0.00001,0.00002,0.00000
12.81000,1.98000,0.99998,0.00000,0.00001,0.00002,0.00000
13.01000,1.98000,0.99997,0.00000,0.00001,0.00002,0.00000
13.21000,1.98000,0.99998,0.00000,0.00001,0.00002,0.00000
13.41000,1.98000,0.99998,0.00000,0.00001,0.00002,0.00000
13.61000,1.98000,0.99998,0.00000,0.00001,0.00001,0.00000
13.81000,1.98000,0.99997,0.00000,0.00001,0.00002,0.00000
14.01000,1.98000,0.99998,0.00000,0.00000,0.00001,0.00000
14.21000,1.98000,0.99996,0.00000,0.00000,0.00004,0.00000
14.41000,1.98000,0.99985,0.00000,0.00001,0.00014,0.00000
14.61000,1.98000,0.99963,0.00000,0.00001,0.00035,0.00001
14.81000,1.98000,0.99572,0.00025,0.00007,0.00389,0.00008
15.01000,1.98000,0.99446,0.00214,0.00004,0.00318,0.00018
15.21000,1.98000,0.96857,0.02840,0.00009,0.00244,0.00050
15.41000,1.98000,0.38130,0.60886,0.00011,0.00630,0.00343
15.61000,1.98000,0.38266,0.61353,0.00003,0.00162,0.00216
15.81000,1.98000,0.65645,0.34134,0.00016,0.00153,0.00053
16.01000,1.98000,0.95358,0.04561,0.00007,0.00060,0.00015
16.21000,1.98000,0.99132,0.00675,0.00022,0.00155,0.00015
16.41000,1.98000,0.99880,0.00091,0.00005,0.00022,0.00002
16.61000,1.98000,0.99981,0.00007,0.00003,0.00008,0.00000
16.81000,1.98000,0.99998,0.00000,0.00000,0.00001,0.00000
17.01000,1.98000,0.99993,0.00000,0.00001,0.00005,0.00000
17.21000,1.98000,0.99997,0.00000,0.00001,0.00002,0.00000
17.41000,1.98000,0.99993,0.00000,0.00002,0.00005,0.00000
17.61000,1.98000,0.99996,0.00000,0.00001,0.00003,0.00000
17.81000,1.98000,0.99992,0.00000,0.00003,0.00006,0.00000
18.01000,1.98000,0.99997,0.00000,0.00001,0.00002,0.00000
18.21000,1.98000,0.99996,0.00000,0.00000,0.00003,0.00000
18.41000,1.98000,0.99973,0.00000,0.00001,0.00026,0.00000
18.61000,1.98000,0.99928,0.00001,0.00001,0.00070,0.00001
18.81000,1.98000,0.99860,0.00006,0.00001,0.00131,0.00002
19.01000,1.98000,0.99748,0.00085,0.00001,0.00160,0.00005
19.21000,1.98000,0.96570,0.03181,0.00005,0.00220,0.00024
19.41000,1.98000,0.56223,0.43370,0.00006,0.00297,0.00104
19.61000,1.98000,0.39941,0.59761,0.00002,0.00175,0.00121
19.81000,1.98000,0.21612,0.78124,0.00007,0.00203,0.00054
20.01000,1.98000,0.72091,0.27499,0.00076,0.00297,0.00038
20.21000,1.98000,0.98083,0.01758,0.00044,0.00108,0.00007
20.41000,1.98000,0.99601,0.00312,0.00025,0.00060,0.00002
20.61000,1.98000,0.99933,0.00030,0.00016,0.00020,0.00001
20.81000,1.98000,0.99981,0.00004,0.00005,0.00010,0.00000
21.01000,1.98000,0.99989,0.00000,0.00003,0.00007,0.00000
21.21000,1.98000,0.99994,0.00000,0.00002,0.00004,0.00000
21.41000,1.98000,0.99994,0.00000,0.00002,0.00004,0.00000
21.61000,1.98000,0.99997,0.00000,0.00001,0.00002,0.00000
21.81000,1.98000,0.99996,0.00000,0.00001,0.00003,0.00000
22.01000,1.98000,0.99997,0.00000,0.00001,0.00002,0.00000
22.21000,1.98000,0.99997,0.00000,0.00001,0.00002,0.00000
22.41000,1.98000,0.99997,0.00000,0.00001,0.00002,0.00000
22.61000,1.98000,0.99998,0.00000,0.00000,0.00001,0.00000
22.81000,1.98000,0.99997,0.00000,0.00001,0.00002,0.00000
23.01000,1.98000,0.99998,0.00000,0.00000,0.00001,0.00000
23.21000,1.98000,0.99997,0.00000,0.00000,0.00002,0.00000
23.41000,1.98000,0.99996,0.00000,0.00000,0.00003,0.00000
23.61000,1.98000,0.99987,0.00001,0.00001,0.00011,0.00001
23.81000,1.98000,0.99838,0.00097,0.00004,0.00058,0.00004
24.01000,1.98000,0.99399,0.00541,0.00003,0.00049,0.00008
24.21000,1.98000,0.93637,0.06247,0.00006,0.00075,0.00034
24.41000,1.98000,0.19712,0.79796,0.00016,0.00298,0.00177
24.61000,1.98000,0.25580,0.74285,0.00005,0.00088,0.00041
24.81000,1.98000,0.66997,0.32821,0.00038,0.00126,0.00018
25.01000,1.98000,0.98063,0.01682,0.00043,0.00197,0.00015
25.21000,1.98000,0.99660,0.00168,0.00052,0.00116,0.00003
25.41000,1.98000,0.99880,0.00040,0.00022,0.00056,0.00002
25.61000,1.98000,0.99962,0.00011,0.00011,0.00016,0.00000
25.81000,1.98000,0.99954,0.00000,0.00013,0.00032,0.00000
26.01000,1.98000,0.99852,0.00001,0.00041,0.00106,0.00000
26.21000,1.98000,0.99938,0.00000,0.00016,0.00045,0.00000
26.41000,1.98000,0.99531,0.00001,0.00115,0.00352,0.00001
26.61000,1.98000,0.99946,0.00000,0.00014,0.00039,0.00001
26.81000,1.98000,0.99814,0.00001,0.00015,0.00168,0.00001
27.01000,1.98000,0.99854,0.00002,0.00012,0.00129,0.00003
27.21000,1.98000,0.99658,0.00067,0.00030,0.00236,0.00009
27.41000,1.98000,0.99660,0.00061,0.00012,0.00252,0.00015
27.61000,1.98000,0.98897,0.00406,0.00033,0.00613,0.00052
27.81000,1.98000,0.94663,0.04656,0.00029,0.00577,0.00076
28.01000,1.98000,0.88789,0.11082,0.00006,0.00075,0.00049
28.21000,1.98000,0.56263,0.43655,0.00002,0.00026,0.00054
28.41000,1.98000,0.46715,0.53239,0.00004,0.00008,0.00034
28.61000,1.98000,0.40322,0.59570,0.00016,0.00033,0.00059
28.81000,1.98000,0.31313,0.68521,0.00020,0.00091,0.00055
29.01000,1.98000,0.75782,0.24052,0.00036,0.00108,0.00022
29.21000,1.98000,0.95554,0.03975,0.00141,0.00302,0.00028
29.41000,1.98000,0.99246,0.00690,0.00022,0.00039,0.00002
29.61000,1.98000,0.99960,0.00023,0.00006,0.00011,0.00000
29.81000,1.98000,0.99971,0.00004,0.00006,0.00019,0.00000
30.01000,1.98000,0.99973,0.00000,0.00008,0.00018,0.00000
30.21000,1.98000,0.99979,0.00000,0.00006,0.00015,0.00000
30.41000,1.98000,0.99997,0.00000,0.00001,0.00002,0.00000
30.61000,1.98000,0.99990,0.00000,0.00003,0.00006,0.00000
30.81000,1.98000,0.99998,0.00000,0.00001,0.00001,0.00000
31.01000,1.98000,0.99995,0.00000,0.00001,0.00003,0.00000
31.21000,1.98000,0.99996,0.00000,0.00001,0.00003,0.00000
31.41000,1.98000,0.99996,0.00000,0.00001,0.00003,0.00000
31.61000,1.98000,0.99997,0.00000,0.00001,0.00002,0.00000
31.81000,1.98000,0.99997,0.00000,0.00001,0.00002,0.00000
32.01000,1.98000,0.99996,0.00000,0.00001,0.00003,0.00000
32.21000,1.98000,0.99996,0.00000,0.00001,0.00003,0.00000
32.41000,1.98000,0.99996,0.00000,0.00001,0.00003,0.00000
32.61000,1.98000,0.99995,0.00000,0.00001,0.00003,0.00000
32.81000,1.98000,0.99995,0.00000,0.00001,0.00004,0.00000
33.01000,1.98000,0.99995,0.00000,0.00001,0.00004,0.00000
33.21000,1.98000,0.99994,0.00000,0.00002,0.00004,0.00000
33.41000,1.98000,0.99996,0.00000,0.00001,0.00003,0.00000
33.61000,1.98000,0.99994,0.00000,0.00002,0.00004,0.00000
33.81000,1.98000,0.99996,0.00000,0.00001,0.00004,0.00000
34.01000,1.98000,0.99993,0.00000,0.00001,0.00006,0.00000
34.21000,1.98000,0.99992,0.00000,0.00000,0.00007,0.00000
34.41000,1.98000,0.99896,0.00005,0.00004,0.00092,0.00003
34.61000,1.98000,0.99853,0.00022,0.00004,0.00109,0.00012
34.81000,1.98000,0.98147,0.00595,0.00025,0.01091,0.00143
35.01000,1.98000,0.96534,0.01730,0.00010,0.01236,0.00490
35.21000,1.98000,0.69549,0.26441,0.00019,0.02482,0.01508
35.41000,1.98000,0.72421,0.27351,0.00001,0.00063,0.00163
35.61000,1.98000,0.51489,0.48380,0.00003,0.00043,0.00085
35.81000,1.98000,0.53546,0.46293,0.00005,0.00046,0.00110
36.01000,1.98000,0.35763,0.64131,0.00001,0.00023,0.00082
36.21000,1.98000,0.45681,0.54158,0.00002,0.00028,0.00131
36.41000,1.98000,0.41905,0.57530,0.00005,0.00242,0.00319
36.61000,1.98000,0.64866,0.34614,0.00029,0.00398,0.00093
36.81000,1.98000,0.96331,0.03540,0.00013,0.00097,0.00018
37.01000,1.98000,0.99738,0.00193,0.00016,0.00049,0.00004
37.21000,1.98000,0.99943,0.00033,0.00005,0.00017,0.00001
37.41000,1.98000,0.99969,0.00001,0.00005,0.00024,0.00000
37.61000,1.98000,0.99989,0.00000,0.00003,0.00008,0.00000
37.81000,1.98000,0.99965,0.00000,0.00011,0.00024,0.00000
38.01000,1.98000,0.99995,0.00000,0.00002,0.00003,0.00000
38.21000,1.98000,0.99995,0.00000,0.00002,0.00004,0.00000
38.41000,1.98000,0.99994,0.00000,0.00002,0.00004,0.00000
38.61000,1.98000,0.99993,0.00000,0.00002,0.00005,0.00000
38.81000,1.98000,0.99996,0.00000,0.00001,0.00003,0.00000
39.01000,1.98000,0.99995,0.00000,0.00001,0.00003,0.00000
39.21000,1.98000,0.99997,0.00000,0.00000,0.00003,0.00000
39.41000,1.98000,0.99993,0.00000,0.00000,0.00007,0.00000
39.61000,1.98000,0.99967,0.00000,0.00001,0.00031,0.00000
39.81000,1.98000,0.99942,0.00005,0.00002,0.00050,0.00001
40.01000,1.98000,0.99800,0.00116,0.00002,0.00079,0.00003
40.21000,1.98000,0.98472,0.01307,0.00004,0.00198,0.00018
40.41000,1.98000,0.66365,0.26466,0.00064,0.06679,0.00426
40.61000,1.98000,0.51139,0.38116,0.00106,0.09882,0.00757
40.81000,1.98000,0.92638,0.06899,0.00010,0.00416,0.00037
41.01000,1.98000,0.99779,0.00140,0.00018,0.00060,0.00003
41.21000,1.98000,0.99977,0.00009,0.00002,0.00011,0.00001
41.41000,1.98000,0.99980,0.00001,0.00005,0.00013,0.00000
41.61000,1.98000,0.99993,0.00000,0.00002,0.00004,0.00000
41.81000,1.98000,0.99998,0.00000,0.00000,0.00002,0.00000
42.01000,1.98000,0.99997,0.00000,0.00000,0.00003,0.00000
42.21000,1.98000,0.99989,0.00000,0.00001,0.00010,0.00000
42.41000,1.98000,0.99973,0.00001,0.00001,0.00025,0.00000
42.61000,1.98000,0.99915,0.00030,0.00003,0.00052,0.00001
42.81000,1.98000,0.99400,0.00479,0.00004,0.00108,0.00008
43.01000,1.98000,0.89587,0.07995,0.00055,0.02239,0.00123
43.21000,1.98000,0.26548,0.59387,0.00217,0.13235,0.00612
43.41000,1.98000,0.91918,0.06547,0.00063,0.01428,0.00044
43.61000,1.98000,0.99463,0.00415,0.00022,0.00096,0.00004
43.81000,1.98000,0.99890,0.00013,0.00029,0.00067,0.00001
44.01000,1.98000,0.99930,0.00006,0.00018,0.00046,0.00001
44.21000,1.98000,0.99984,0.00000,0.00005,0.00010,0.00000
44.41000,1.98000,0.99990,0.00000,0.00004,0.00005,0.00000
44.61000,1.98000,0.99989,0.00000,0.00004,0.00007,0.00000
44.81000,1.98000,0.99996,0.00000,0.00001,0.00003,0.00000
45.01000,1.98000,0.99994,0.00000,0.00001,0.00004,0.00000
45.21000,1.98000,0.99995,0.00000,0.00001,0.00004,0.00000
45.41000,1.98000,0.99996,0.00000,0.00001,0.00003,0.00000
45.61000,1.98000,0.99995,0.00000,0.00001,0.00004,0.00000
45.81000,1.98000,0.99996,0.00000,0.00001,0.00003,0.00000
46.01000,1.98000,0.99996,0.00000,0.00001,0.00003,0.00000
46.21000,1.98000,0.99994,0.00000,0.00002,0.00004,0.00000
46.41000,1.98000,0.99997,0.00000,0.00001,0.00002,0.00000
46.61000,1.98000,0.99997,0.00000,0.00001,0.00002,0.00000
46.81000,1.98000,0.99997,0.00000,0.00001,0.00002,0.00000
47.01000,1.98000,0.99997,0.00000,0.00001,0.00003,0.00000
47.21000,1.98000,0.99997,0.00000,0.00001,0.00002,0.00000
47.41000,1.98000,0.99996,0.00000,0.00001,0.00003,0.00000
47.61000,1.98000,0.99998,0.00000,0.00001,0.00002,0.00000
47.81000,1.98000,0.99997,0.00000,0.00001,0.00002,0.00000
48.01000,1.98000,0.99997,0.00000,0.00001,0.00002,0.00000
48.21000,1.98000,0.99997,0.00000,0.00001,0.00002,0.00000
48.41000,1.98000,0.99996,0.00000,0.00001,0.00003,0.00000
48.61000,1.98000,0.99998,0.00000,0.00001,0.00002,0.00000
48.81000,1.98000,0.99996,0.00000,0.00000,0.00004,0.00000
49.01000,1.98000,0.99992,0.00000,0.00001,0.00007,0.00000
49.21000,1.98000,0.99950,0.00003,0.00002,0.00044,0.00001
49.41000,1.98000,0.99691,0.00071,0.00004,0.00227,0.00007
49.61000,1.98000,0.98951,0.00660,0.00004,0.00365,0.00019
49.81000,1.98000,0.88771,0.10956,0.00006,0.00233,0.00034
50.01000,1.98000,0.43099,0.56750,0.00002,0.00068,0.00081
50.21000,1.98000,0.31201,0.68735,0.00001,0.00034,0.00029
50.41000,1.98000,0.22812,0.77017,0.00004,0.00142,0.00025
50.61000,1.98000,0.91614,0.08101,0.00025,0.00244,0.00016
50.81000,1.98000,0.98771,0.00977,0.00029,0.00215,0.00008
51.01000,1.98000,0.99665,0.00223,0.00026,0.00083,0.00002
51.21000,1.98000,0.99954,0.00027,0.00005,0.00014,0.00000
51.41000,1.98000,0.99995,0.00001,0.00001,0.00003,0.00000
51.61000,1.98000,0.99993,0.00000,0.00001,0.00005,0.00000
51.81000,1.98000,0.99993,0.00000,0.00001,0.00005,0.00000
52.01000,1.98000,0.99997,0.00000,0.00001,0.00002,0.00000
52.21000,1.98000,0.99997,0.00000,0.00001,0.00002,0.00000
52.41000,1.98000,0.99997,0.00000,0.00001,0.00002,0.00000
52.61000,1.98000,0.99997,0.00000,0.00001,0.00002,0.00000
52.81000,1.98000,0.99997,0.00000,0.00001,0.00002,0.00000
53.01000,1.98000,0.99996,0.00000,0.00001,0.00003,0.00000
53.21000,1.98000,0.99997,0.00000,0.00001,0.00002,0.00000
53.41000,1.98000,0.99997,0.00000,0.00000,0.00003,0.00000
53.61000,1.98000,0.99993,0.00000,0.00000,0.00006,0.00000
53.81000,1.98000,0.99967,0.00000,0.00001,0.00032,0.00000
54.01000,1.98000,0.99831,0.00002,0.00001,0.00163,0.00002
54.21000,1.98000,0.99714,0.00036,0.00001,0.00243,0.00005
54.41000,1.98000,0.98964,0.00604,0.00003,0.00413,0.00017
54.61000,1.98000,0.78743,0.20709,0.00005,0.00460,0.00083
54.81000,1.98000,0.56525,0.43260,0.00002,0.00124,0.00089
55.01000,1.98000,0.25041,0.74835,0.00002,0.00085,0.00037
55.21000,1.98000,0.40172,0.58923,0.00051,0.00776,0.00078
55.41000,1.98000,0.91714,0.07974,0.00037,0.00261,0.00014
55.61000,1.98000,0.98816,0.00975,0.00038,0.00164,0.00006
55.81000,1.98000,0.99903,0.00056,0.00016,0.00024,0.00001
56.01000,1.98000,0.99956,0.00014,0.00011,0.00018,0.00000
56.21000,1.98000,0.99988,0.00001,0.00004,0.00006,0.00000
56.41000,1.98000,0.99994,0.00000,0.00002,0.00004,0.00000
56.61000,1.98000,0.99994,0.00000,0.00001,0.00005,0.00000
56.81000,1.98000,0.99997,0.00000,0.00001,0.00002,0.00000
57.01000,1.98000,0.99997,0.00000,0.00001,0.00002,0.00000
57.21000,1.98000,0.99996,0.00000,0.00001,0.00003,0.00000
57.41000,1.98000,0.99997,0.00000,0.00001,0.00002,0.00000
57.61000,1.98000,0.99999,0.00000,0.00000,0.00001,0.00000
57.81000,1.98000,0.99996,0.00000,0.00001,0.00003,0.00000
58.01000,1.98000,0.99991,0.00001,0.00002,0.00005,0.00000
58.21000,1.98000,0.99986,0.00006,0.00002,0.00004,0.00001
58.41000,1.98000,0.99884,0.00111,0.00002,0.00002,0.00001
58.61000,1.98000,0.96788,0.03193,0.00007,0.00008,0.00004
58.81000,1.98000,0.56309,0.43657,0.00010,0.00009,0.00015
59.01000,1.98000,0.43190,0.56789,0.00003,0.00004,0.00015
59.21000,1.98000,0.31089,0.68904,0.00002,0.00001,0.00004
59.41000,1.98000,0.75942,0.24015,0.00030,0.00007,0.00006
59.61000,1.98000,0.98352,0.01632,0.00007,0.00004,0.00004
59.81000,1.98000,0.99597,0.00333,0.00040,0.00027,0.00004
60.01000,1.98000,0.99470,0.00501,0.00015,0.00011,0.00004
60.21000,1.98000,0.99902,0.00065,0.00017,0.00013,0.00003
60.41000,1.98000,0.99444,0.00157,0.00086,0.00297,0.00017
60.61000,1.98000,0.98643,0.00027,0.00216,0.01095,0.00020
60.81000,1.98000,0.98695,0.00012,0.00303,0.00974,0.00016
61.01000,1.98000,0.99717,0.00001,0.00096,0.00183,0.00003
61.21000,1.98000,0.99042,0.00005,0.00413,0.00537,0.00002
61.41000,1.98000,0.99637,0.00002,0.00081,0.00278,0.00001
61.61000,1.98000,0.99982,0.00000,0.00006,0.00011,0.00000
61.81000,1.98000,0.99986,0.00000,0.00007,0.00007,0.00000
62.01000,1.98000,0.99985,0.00000,0.00004,0.00011,0.00000
62.21000,1.98000,0.99997,0.00000,0.00001,0.00002,0.00000
62.41000,1.98000,0.99994,0.00000,0.00002,0.00004,0.00000
62.61000,1.98000,0.99996,0.00000,0.00001,0.00003,0.00000
62.81000,1.98000,0.99998,0.00000,0.00001,0.00001,0.00000
63.01000,1.98000,0.99995,0.00000,0.00000,0.00005,0.00000
63.21000,1.98000,0.99972,0.00000,0.00001,0.00026,0.00001
63.41000,1.98000,0.99949,0.00000,0.00001,0.00048,0.00002
63.61000,1.98000,0.99801,0.00005,0.00003,0.00184,0.00008
63.81000,1.98000,0.99550,0.00090,0.00006,0.00326,0.00028
64.01000,1.98000,0.95992,0.02893,0.00022,0.00907,0.00187
64.21000,1.98000,0.59944,0.39332,0.00008,0.00496,0.00221
64.41000,1.98000,0.56219,0.43394,0.00003,0.00137,0.00247
64.61000,1.98000,0.27966,0.71894,0.00006,0.00053,0.00081
64.81000,1.98000,0.66628,0.32578,0.00117,0.00475,0.00202
65.01000,1.98000,0.89423,0.10314,0.00049,0.00178,0.00036
65.21000,1.98000,0.99530,0.00367,0.00028,0.00068,0.00008
65.41000,1.98000,0.99835,0.00134,0.00011,0.00019,0.00001
65.61000,1.98000,0.99981,0.00007,0.00005,0.00006,0.00000
65.81000,1.98000,0.99992,0.00001,0.00002,0.00004,0.00000
66.01000,1.98000,0.99995,0.00000,0.00001,0.00003,0.00000
66.21000,1.98000,0.99990,0.00000,0.00004,0.00007,0.00000
66.41000,1.98000,0.99994,0.00000,0.00002,0.00004,0.00000
66.61000,1.98000,0.99989,0.00000,0.00004,0.00007,0.00000
66.81000,1.98000,0.99988,0.00000,0.00004,0.00008,0.00000
67.01000,1.98000,0.99994,0.00000,0.00002,0.00004,0.00000
67.21000,1.98000,0.99995,0.00000,0.00001,0.00004,0.00000
67.41000,1.98000,0.99966,0.00000,0.00003,0.00031,0.00000
67.61000,1.98000,0.99947,0.00001,0.00002,0.00050,0.00000
67.81000,1.98000,0.99769,0.00043,0.00006,0.00179,0.00003
68.01000,1.98000,0.99184,0.00364,0.00010,0.00429,0.00014
68.21000,1.98000,0.93230,0.06498,0.00012,0.00233,0.00027
68.41000,1.98000,0.41711,0.57672,0.00008,0.00441,0.00168
68.61000,1.98000,0.28986,0.70525,0.00004,0.00349,0.00137
68.81000,1.98000,0.47109,0.52536,0.00012,0.00285,0.00059
69.01000,1.98000,0.97306,0.02597,0.00014,0.00074,0.00009
69.21000,1.98000,0.99251,0.00544,0.00024,0.00171,0.00010
69.41000,1.98000,0.99901,0.00055,0.00008,0.00035,0.00001
69.61000,1.98000,0.99982,0.00006,0.00003,0.00009,0.00000
69.81000,1.98000,0.99993,0.00001,0.00001,0.00005,0.00000
70.01000,1.98000,0.99989,0.00000,0.00002,0.00009,0.00000
70.21000,1.98000,0.99996,0.00000,0.00001,0.00003,0.00000
70.41000,1.98000,0.99997,0.00000,0.00001,0.00002,0.00000
70.61000,1.98000,0.99995,0.00000,0.00001,0.00004,0.00000
70.81000,1.98000,0.99997,0.00000,0.00001,0.00002,0.00000
71.01000,1.98000,0.99997,0.00000,0.00000,0.00002,0.00000
71.21000,1.98000,0.99994,0.00000,0.00000,0.00005,0.00000
71.41000,1.98000,0.99989,0.00000,0.00000,0.00010,0.00000
71.61000,1.98000,0.99946,0.00009,0.00001,0.00042,0.00001
71.81000,1.98000,0.99792,0.00097,0.00001,0.00106,0.00004
72.01000,1.98000,0.98047,0.01853,0.00002,0.00088,0.00009
72.21000,1.98000,0.81600,0.18219,0.00003,0.00141,0.00037
72.41000,1.98000,0.41391,0.58570,0.00001,0.00018,0.00021
72.61000,1.98000,0.38577,0.61398,0.00000,0.00013,0.00013
72.81000,1.98000,0.40852,0.58909,0.00024,0.00170,0.00045
73.01000,1.98000,0.84673,0.15148,0.00020,0.00135,0.00025
73.21000,1.98000,0.98549,0.01358,0.00020,0.00067,0.00006
73.41000,1.98000,0.99782,0.00168,0.00012,0.00035,0.00002
73.61000,1.98000,0.99966,0.00021,0.00003,0.00009,0.00000
73.81000,1.98000,0.99985,0.00002,0.00003,0.00009,0.00000
74.01000,1.98000,0.99985,0.00000,0.00004,0.00011,0.00000
74.21000,1.98000,0.99991,0.00000,0.00002,0.00007,0.00000
74.41000,1.98000,0.99992,0.00000,0.00003,0.00005,0.00000
74.61000,1.98000,0.99994,0.00000,0.00002,0.00004,0.00000
74.81000,1.98000,0.99996,0.00000,0.00001,0.00003,0.00000
75.01000,1.98000,0.99996,0.00000,0.00001,0.00003,0.00000
75.21000,1.98000,0.99998,0.00000,0.00001,0.00002,0.00000
75.41000,1.98000,0.99997,0.00000,0.00001,0.00002,0.00000
75.61000,1.98000,0.99997,0.00000,0.00000,0.00002,0.00000
75.81000,1.98000,0.99996,0.00000,0.00001,0.00003,0.00000
76.01000,1.98000,0.99992,0.00000,0.00001,0.00007,0.00000
76.21000,1.98000,0.99988,0.00005,0.00001,0.00005,0.00000
76.41000,1.98000,0.99881,0.00083,0.00002,0.00031,0.00003
76.61000,1.98000,0.96983,0.02924,0.00008,0.00069,0.00016
76.81000,1.98000,0.65569,0.34249,0.00012,0.00106,0.00065
77.01000,1.98000,0.45753,0.54182,0.00002,0.00016,0.00047
77.21000,1.98000,0.29462,0.70473,0.00003,0.00030,0.00032
77.41000,1.98000,0.57611,0.42236,0.00024,0.00098,0.00032
77.61000,1.98000,0.94972,0.04899,0.00016,0.00102,0.00011
77.81000,1.98000,0.99693,0.00220,0.00014,0.00070,0.00003
78.01000,1.98000,0.99946,0.00026,0.00005,0.00022,0.00001
78.21000,1.98000,0.99983,0.00003,0.00003,0.00010,0.00000
78.41000,1.98000,0.99993,0.00000,0.00001,0.00005,0.00000
78.61000,1.98000,0.99995,0.00000,0.00001,0.00004,0.00000
78.81000,1.98000,0.99995,0.00000,0.00001,0.00004,0.00000
79.01000,1.98000,0.99997,0.00000,0.00001,0.00002,0.00000
79.21000,1.98000,0.99995,0.00000,0.00001,0.00004,0.00000
79.41000,1.98000,0.99996,0.00000,0.00001,0.00003,0.00000
79.61000,1.98000,0.99996,0.00000,0.00001,0.00003,0.00000
79.81000,1.98000,0.99997,0.00000,0.00001,0.00002,0.00000
80.01000,1.98000,0.99997,0.00000,0.00001,0.00002,0.00000
80.21000,1.98000,0.99996,0.00000,0.00001,0.00003,0.00000
80.41000,1.98000,0.99996,0.00000,0.00000,0.00003,0.00000
80.61000,1.98000,0.99996,0.00000,0.00000,0.00003,0.00000
80.81000,1.98000,0.99993,0.00000,0.00001,0.00006,0.00000
81.01000,1.98000,0.99963,0.00007,0.00002,0.00028,0.00001
81.21000,1.98000,0.99828,0.00061,0.00004,0.00103,0.00004
81.41000,1.98000,0.99138,0.00806,0.00002,0.00048,0.00006
81.61000,1.98000,0.90308,0.09597,0.00005,0.00070,0.00020
81.81000,1.98000,0.28589,0.71353,0.00002,0.00022,0.00034
82.01000,1.98000,0.25616,0.74338,0.00002,0.00025,0.00019
82.21000,1.98000,0.26788,0.73121,0.00017,0.00057,0.00017
82.41000,1.98000,0.92231,0.07578,0.00061,0.00121,0.00009
82.61000,1.98000,0.98538,0.01313,0.00032,0.00112,0.00005
82.81000,1.98000,0.99721,0.00206,0.00023,0.00049,0.00001
83.01000,1.98000,0.99952,0.00023,0.00007,0.00017,0.00001
83.21000,1.98000,0.99989,0.00001,0.00005,0.00005,0.00000
83.41000,1.98000,0.99993,0.00000,0.00002,0.00005,0.00000
83.61000,1.98000,0.99989,0.00000,0.00003,0.00008,0.00000
83.81000,1.98000,0.99996,0.00000,0.00001,0.00003,0.00000
84.01000,1.98000,0.99997,0.00000,0.00001,0.00002,0.00000
84.21000,1.98000,0.99997,0.00000,0.00001,0.00002,0.00000
84.41000,1.98000,0.99997,0.00000,0.00001,0.00002,0.00000
84.61000,1.98000,0.99997,0.00000,0.00001,0.00002,0.00000
84.81000,1.98000,0.99997,0.00000,0.00001,0.00002,0.00000
85.01000,1.98000,0.99997,0.00000,0.00001,0.00002,0.00000
85.21000,1.98000,0.99997,0.00000,0.00001,0.00002,0.00000
85.41000,1.98000,0.99997,0.00000,0.00001,0.00002,0.00000
85.61000,1.98000,0.99999,0.00000,0.00000,0.00001,0.00000
85.81000,1.98000,0.99996,0.00000,0.00000,0.00003,0.00000
86.01000,1.98000,0.99998,0.00000,0.00000,0.00001,0.00000
86.21000,1.98000,0.99998,0.00000,0.00000,0.00001,0.00000
86.41000,1.98000,0.99987,0.00004,0.00001,0.00007,0.00001
86.61000,1.98000,0.99865,0.00081,0.00004,0.00039,0.00012
86.81000,1.98000,0.99169,0.00706,0.00007,0.00092,0.00027
87.01000,1.98000,0.69495,0.29890,0.00027,0.00430,0.00158
87.21000,1.98000,0.86249,0.13693,0.00002,0.00018,0.00038
87.41000,1.98000,0.71484,0.28506,0.00002,0.00002,0.00005
87.61000,1.98000,0.39490,0.60493,0.00002,0.00005,0.00010
87.81000,1.98000,0.30512,0.69345,0.00018,0.00087,0.00039
88.01000,1.98000,0.64234,0.35226,0.00080,0.00416,0.00045
88.21000,1.98000,0.92765,0.06747,0.00083,0.00386,0.00018
88.41000,1.98000,0.99673,0.00252,0.00017,0.00054,0.00004
88.61000,1.98000,0.99931,0.00040,0.00006,0.00022,0.00001
88.81000,1.98000,0.99986,0.00004,0.00002,0.00008,0.00000
89.01000,1.98000,0.99984,0.00001,0.00004,0.00011,0.00000
89.21000,1.98000,0.99997,0.00000,0.00001,0.00002,0.00000
89.41000,1.98000,0.99997,0.00000,0.00001,0.00002,0.00000
89.61000,1.98000,0.99997,0.00000,0.00001,0.00002,0.00000
89.81000,1.98000,0.99996,0.00000,0.00001,0.00003,0.00000
90.01000,1.98000,0.99997,0.00000,0.00001,0.00003,0.00000
90.21000,1.98000,0.99996,0.00000,0.00001,0.00003,0.00000
90.41000,1.98000,0.99997,0.00000,0.00001,0.00002,0.00000
90.61000,1.98000,0.99996,0.00000,0.00001,0.00003,0.00000
90.81000,1.98000,0.99999,0.00000,0.00000,0.00001,0.00000
91.01000,1.98000,0.99994,0.00000,0.00002,0.00005,0.00000
91.21000,1.98000,0.99997,0.00000,0.00000,0.00003,0.00000
91.41000,1.98000,0.99992,0.00000,0.00000,0.00008,0.00000
91.61000,1.98000,0.99951,0.00001,0.00001,0.00047,0.00001
91.81000,1.98000,0.99896,0.00013,0.00001,0.00087,0.00002
92.01000,1.98000,0.99781,0.00159,0.00001,0.00056,0.00003
92.21000,1.98000,0.99032,0.00939,0.00000,0.00023,0.00005
92.41000,1.98000,0.79897,0.19744,0.00003,0.00239,0.00117
92.61000,1.98000,0.17176,0.81990,0.00008,0.00635,0.00190
92.81000,1.98000,0.67802,0.32018,0.00005,0.00148,0.00027
93.01000,1.98000,0.97329,0.02568,0.00023,0.00075,0.00005
93.21000,1.98000,0.99887,0.00095,0.00006,0.00011,0.00001
93.41000,1.98000,0.99925,0.00041,0.00016,0.00017,0.00000
93.61000,1.98000,0.99992,0.00002,0.00003,0.00003,0.00000
93.81000,1.98000,0.99984,0.00001,0.00006,0.00009,0.00000
94.01000,1.98000,0.99993,0.00000,0.00002,0.00005,0.00000
94.21000,1.98000,0.99989,0.00000,0.00003,0.00007,0.00000
94.41000,1.98000,0.99995,0.00000,0.00001,0.00004,0.00000
94.61000,1.98000,0.99997,0.00000,0.00001,0.00002,0.00000
94.81000,1.98000,0.99995,0.00000,0.00002,0.00003,0.00000
95.01000,1.98000,0.99995,0.00000,0.00001,0.00003,0.00000
95.21000,1.98000,0.99997,0.00000,0.00001,0.00002,0.00000
95.41000,1.98000,0.99998,0.00000,0.00001,0.00002,0.00000
95.61000,1.98000,0.99998,0.00000,0.00001,0.00002,0.00000
95.81000,1.98000,0.99997,0.00000,0.00001,0.00002,0.00000
96.01000,1.98000,0.99999,0.00000,0.00000,0.00001,0.00000
96.21000,1.98000,0.99998,0.00000,0.00000,0.00002,0.00000
96.41000,1.98000,0.99991,0.00000,0.00001,0.00008,0.00000
96.61000,1.98000,0.99964,0.00002,0.00002,0.00031,0.00001
96.81000,1.98000,0.99963,0.00013,0.00001,0.00022,0.00001
97.01000,1.98000,0.99674,0.00309,0.00002,0.00014,0.00001
97.21000,1.98000,0.95450,0.04514,0.00002,0.00027,0.00007
97.41000,1.98000,0.40378,0.59295,0.00019,0.00243,0.00065
97.61000,1.98000,0.33693,0.65957,0.00011,0.00289,0.00049
97.81000,1.98000,0.83432,0.16451,0.00056,0.00056,0.00006
98.01000,1.98000,0.99300,0.00656,0.00024,0.00019,0.00001
98.21000,1.98000,0.99868,0.00099,0.00015,0.00018,0.00000
98.41000,1.98000,0.99955,0.00012,0.00014,0.00018,0.00000
98.61000,1.98000,0.99984,0.00001,0.00007,0.00007,0.00000
98.81000,1.98000,0.99976,0.00000,0.00008,0.00016,0.00000
99.01000,1.98000,0.99990,0.00000,0.00003,0.00007,0.00000
99.21000,1.98000,0.99995,0.00000,0.00002,0.00003,0.00000
99.41000,1.98000,0.99996,0.00000,0.00001,0.00003,0.00000
99.61000,1.98000,0.99996,0.00000,0.00001,0.00003,0.00000
99.81000,1.98000,0.99997,0.00000,0.00001,0.00002,0.00000
100.01000,1.98000,0.99996,0.00000,0.00001,0.00003,0.00000
100.21000,1.98000,0.99996,0.00000,0.00001,0.00003,0.00000
100.41000,1.98000,0.99997,0.00000,0.00001,0.00002,0.00000
100.61000,1.98000,0.99998,0.00000,0.00001,0.00002,0.00000
100.81000,1.98000,0.99999,0.00000,0.00000,0.00001,0.00000
101.01000,1.98000,0.99998,0.00000,0.00000,0.00002,0.00000
101.21000,1.98000,0.99995,0.00000,0.00001,0.00004,0.00000
101.41000,1.98000,0.99991,0.00001,0.00000,0.00008,0.00000
101.61000,1.98000,0.99964,0.00008,0.00001,0.00027,0.00001
101.81000,1.98000,0.99639,0.00296,0.00002,0.00060,0.00003
102.01000,1.98000,0.94479,0.05396,0.00003,0.00109,0.00014
102.21000,1.98000,0.29350,0.70425,0.00005,0.00163,0.00058
102.41000,1.98000,0.23924,0.75586,0.00005,0.00413,0.00072
102.61000,1.98000,0.46267,0.53586,0.00008,0.00129,0.00010
102.81000,1.98000,0.94873,0.04836,0.00033,0.00248,0.00011
103.01000,1.98000,0.99279,0.00609,0.00026,0.00084,0.00003
103.21000,1.98000,0.99934,0.00014,0.00013,0.00038,0.00000
103.41000,1.98000,0.99965,0.00010,0.00008,0.00016,0.00000
103.61000,1.98000,0.99965,0.00001,0.00014,0.00020,0.00000
103.81000,1.98000,0.99988,0.00000,0.00004,0.00008,0.00000
104.01000,1.98000,0.99998,0.00000,0.00001,0.00002,0.00000
104.21000,1.98000,0.99996,0.00000,0.00001,0.00003,0.00000
104.41000,1.98000,0.99997,0.00000,0.00001,0.00002,0.00000
104.61000,1.98000,0.99996,0.00000,0.00001,0.00003,0.00000
104.81000,1.98000,0.99995,0.00000,0.00001,0.00003,0.00000
105.01000,1.98000,0.99997,0.00000,0.00001,0.00002,0.00000
105.21000,1.98000,0.99999,0.00000,0.00000,0.00001,0.00000
105.41000,1.98000,0.99999,0.00000,0.00000,0.00001,0.00000
105.61000,1.98000,0.99998,0.00000,0.00000,0.00001,0.00000
105.81000,1.98000,0.99995,0.00000,0.00000,0.00004,0.00000
106.01000,1.98000,0.99994,0.00000,0.00000,0.00005,0.00000
106.21000,1.98000,0.99978,0.00003,0.00001,0.00017,0.00001
106.41000,1.98000,0.99875,0.00087,0.00001,0.00034,0.00003
106.61000,1.98000,0.98594,0.01357,0.00002,0.00042,0.00006
106.81000,1.98000,0.92385,0.07585,0.00001,0.00020,0.00009
107.01000,1.98000,0.25779,0.73702,0.00008,0.00327,0.00184
107.21000,1.98000,0.25017,0.74790,0.00005,0.00146,0.00041
107.41000,1.98000,0.86889,0.12928,0.00058,0.00108,0.00017
107.61000,1.98000,0.98186,0.01695,0.00026,0.00090,0.00003
107.81000,1.98000,0.99877,0.00075,0.00013,0.00034,0.00001
108.01000,1.98000,0.99914,0.00023,0.00026,0.00036,0.00001
108.21000,1.98000,0.99984,0.00002,0.00004,0.00009,0.00000
108.41000,1.98000,0.99970,0.00000,0.00010,0.00020,0.00000
108.61000,1.98000,0.99993,0.00000,0.00002,0.00005,0.00000
108.81000,1.98000,0.99993,0.00000,0.00002,0.00005,0.00000
109.01000,1.98000,0.99997,0.00000,0.00001,0.00002,0.00000
109.21000,1.98000,0.99997,0.00000,0.00001,0.00002,0.00000
109.41000,1.98000,0.99997,0.00000,0.00001,0.00002,0.00000
109.61000,1.98000,0.99999,0.00000,0.00000,0.00001,0.00000
109.81000,1.98000,0.99998,0.00000,0.00000,0.00001,0.00000
110.01000,1.98000,1.00000,0.00000,0.00000,0.00000,0.00000
110.21000,1.98000,0.99998,0.00000,0.00000,0.00001,0.00000
110.41000,1.98000,0.99997,0.00000,0.00000,0.00002,0.00000
110.61000,1.98000,0.99993,0.00001,0.00001,0.00004,0.00000
110.81000,1.98000,0.99988,0.00005,0.00001,0.00006,0.00001
111.01000,1.98000,0.99497,0.00459,0.00005,0.00033,0.00006
111.21000,1.98000,0.97942,0.02025,0.00002,0.00025,0.00007
111.41000,1.98000,0.34635,0.65247,0.00009,0.00053,0.00056
111.61000,1.98000,0.39695,0.60210,0.00004,0.00030,0.00062
111.81000,1.98000,0.54828,0.45118,0.00017,0.00021,0.00015
112.01000,1.98000,0.68833,0.30909,0.00091,0.00148,0.00019
112.21000,1.98000,0.91239,0.07808,0.00186,0.00725,0.00041
112.41000,1.98000,0.99155,0.00576,0.00064,0.00202,0.00003
112.61000,1.98000,0.99685,0.00123,0.00078,0.00111,0.00002
112.81000,1.98000,0.99892,0.00015,0.00040,0.00052,0.00001
113.01000,1.98000,0.99811,0.00003,0.00055,0.00131,0.00001
113.21000,1.98000,0.99950,0.00000,0.00018,0.00032,0.00000
113.41000,1.98000,0.99942,0.00000,0.00013,0.00044,0.00000
113.61000,1.98000,0.99960,0.00000,0.00008,0.00032,0.00000
113.81000,1.98000,0.99960,0.00000,0.00009,0.00031,0.00000
114.01000,1.98000,0.99983,0.00000,0.00003,0.00013,0.00000
114.21000,1.98000,0.99971,0.00001,0.00008,0.00018,0.00002
114.41000,1.98000,0.99955,0.00005,0.00007,0.00026,0.00007
114.61000,1.98000,0.99949,0.00016,0.00013,0.00018,0.00004
114.81000,1.98000,0.99616,0.00317,0.00013,0.00040,0.00013
115.01000,1.98000,0.96005,0.03802,0.00042,0.00118,0.00033
115.21000,1.98000,0.68365,0.31475,0.00010,0.00089,0.00062
115.41000,1.98000,0.74399,0.25483,0.00011,0.00030,0.00077
115.61000,1.98000,0.55208,0.44703,0.00019,0.00021,0.00049
115.81000,1.98000,0.73683,0.25839,0.00236,0.00192,0.00050
116.01000,1.98000,0.88213,0.11436,0.00070,0.00260,0.00021
116.21000,1.98000,0.98487,0.00874,0.00113,0.00517,0.00008
116.41000,1.98000,0.99781,0.00082,0.00042,0.00094,0.00002
116.61000,1.98000,0.99876,0.00012,0.00038,0.00073,0.00001
116.81000,1.98000,0.99860,0.00001,0.00060,0.00079,0.00000
117.01000,1.98000,0.99967,0.00000,0.00014,0.00019,0.00000
117.21000,1.98000,0.99988,0.00000,0.00005,0.00007,0.00000
117.41000,1.98000,0.99996,0.00000,0.00002,0.00003,0.00000
117.61000,1.98000,0.99995,0.00000,0.00002,0.00003,0.00000
117.81000,1.98000,0.99995,0.00000,0.00001,0.00004,0.00000
118.01000,1.98000,0.99996,0.00000,0.00001,0.00003,0.00000
118.21000,1.98000,0.99999,0.00000,0.00000,0.00001,0.00000
118.41000,1.98000,0.99997,0.00000,0.00001,0.00002,0.00000
118.61000,1.98000,0.99991,0.00001,0.00001,0.00006,0.00000
118.81000,1.98000,0.99981,0.00004,0.00001,0.00013,0.00001
119.01000,1.98000,0.99956,0.00018,0.00001,0.00022,0.00002
119.21000,1.98000,0.99530,0.00313,0.00006,0.00129,0.00021
119.41000,1.98000,0.87801,0.11861,0.00007,0.00263,0.00068
119.61000,1.98000,0.84543,0.15405,0.00002,0.00025,0.00026
119.81000,1.98000,0.54112,0.45879,0.00000,0.00002,0.00007
120.01000,1.98000,0.56429,0.43562,0.00001,0.00002,0.00007
120.21000,1.98000,0.58909,0.41080,0.00001,0.00002,0.00007
120.41000,1.98000,0.35039,0.64902,0.00006,0.00035,0.00018
120.61000,1.98000,0.67679,0.32231,0.00025,0.00053,0.00013
120.81000,1.98000,0.95038,0.04901,0.00019,0.00038,0.00004
121.01000,1.98000,0.99379,0.00591,0.00014,0.00015,0.00001
121.21000,1.98000,0.99900,0.00073,0.00012,0.00015,0.00001
121.41000,1.98000,0.99966,0.00010,0.00008,0.00016,0.00000
121.61000,1.98000,0.99991,0.00000,0.00003,0.00006,0.00000
121.81000,1.98000,0.99991,0.00000,0.00002,0.00007,0.00000
122.01000,1.98000,0.99994,0.00000,0.00002,0.00004,0.00000
122.21000,1.98000,0.99997,0.00000,0.00001,0.00002,0.00000
122.41000,1.98000,0.99999,0.00000,0.00000,0.00001,0.00000
122.61000,1.98000,0.99995,0.00002,0.00001,0.00003,0.00000
122.81000,1.98000,0.99983,0.00012,0.00001,0.00004,0.00001
123.01000,1.98000,0.99890,0.00104,0.00001,0.00003,0.00002
123.21000,1.98000,0.97719,0.02252,0.00003,0.00015,0.00011
123.41000,1.98000,0.75473,0.24360,0.00006,0.00046,0.00116
123.61000,1.98000,0.62081,0.37739,0.00002,0.00025,0.00152
123.81000,1.98000,0.60910,0.39074,0.00000,0.00001,0.00014
124.01000,1.98000,0.49616,0.50369,0.00000,0.00002,0.00013
124.21000,1.98000,0.40030,0.59947,0.00001,0.00004,0.00018
124.41000,1.98000,0.51983,0.47991,0.00001,0.00004,0.00021
124.61000,1.98000,0.40804,0.59180,0.00001,0.00003,0.00011
124.81000,1.98000,0.28414,0.71549,0.00001,0.00013,0.00023
125.01000,1.98000,0.38858,0.61045,0.00010,0.00068,0.00019
125.21000,1.98000,0.83872,0.15964,0.00026,0.00123,0.00015
125.41000,1.98000,0.97890,0.02066,0.00009,0.00033,0.00001
125.61000,1.98000,0.99476,0.00483,0.00010,0.00030,0.00001
125.81000,1.98000,0.99940,0.00046,0.00005,0.00009,0.00000
126.01000,1.98000,0.99984,0.00004,0.00003,0.00008,0.00000
126.21000,1.98000,0.99995,0.00001,0.00001,0.00003,0.00000
126.41000,1.98000,0.99997,0.00000,0.00000,0.00002,0.00000
126.61000,1.98000,0.99997,0.00000,0.00000,0.00002,0.00000
126.81000,1.98000,0.99998,0.00001,0.00000,0.00001,0.00000
