Time (seconds), Duration (seconds),pred_(unlabeled),pred_On,pred_Off,pred_Dimmer,pred_Lighter
0.01000,1.98000,0.99997,0.00000,0.00000,0.00000,0.00002
0.21000,1.98000,0.99996,0.00000,0.00000,0.00001,0.00003
0.41000,1.98000,0.99997,0.00000,0.00000,0.00000,0.00002
0.61000,1.98000,0.99997,0.00000,0.00000,0.00000,0.00003
0.81000,1.98000,0.99997,0.00000,0.00000,0.00000,0.00003
1.01000,1.98000,0.99996,0.00000,0.00000,0.00000,0.00003
1.21000,1.98000,0.99997,0.00000,0.00000,0.00000,0.00003
1.41000,1.98000,0.99999,0.00000,0.00000,0.00000,0.00001
1.61000,1.98000,0.99992,0.00001,0.00001,0.00001,0.00006
1.81000,1.98000,0.99987,0.00000,0.00004,0.00000,0.00009
2.01000,1.98000,0.99993,0.00000,0.00001,0.00000,0.00005
2.21000,1.98000,0.99819,0.00001,0.00055,0.00012,0.00113
2.41000,1.98000,0.99554,0.00009,0.00048,0.00032,0.00357
2.61000,1.98000,0.99926,0.00004,0.00011,0.00003,0.00055
2.81000,1.98000,0.99970,0.00005,0.00006,0.00007,0.00011
3.01000,1.98000,0.99803,0.00002,0.00052,0.00087,0.00055
3.21000,1.98000,0.98437,0.00002,0.00178,0.00193,0.01189
3.41000,1.98000,0.99940,0.00000,0.00011,0.00008,0.00042
3.61000,1.98000,0.99939,0.00000,0.00005,0.00004,0.00052
3.81000,1.98000,0.99869,0.00000,0.00006,0.00006,0.00120
4.01000,1.98000,0.99952,0.00000,0.00004,0.00002,0.00042
4.21000,1.98000,0.99975,0.00000,0.00000,0.00012,0.00013
4.41000,1.98000,0.99943,0.00000,0.00003,0.00016,0.00037
4.61000,1.98000,0.99950,0.00000,0.00003,0.00003,0.00044
4.81000,1.98000,0.99889,0.00005,0.00008,0.00012,0.00086
5.01000,1.98000,0.99222,0.00093,0.00007,0.00215,0.00463
5.21000,1.98000,0.98937,0.00025,0.00042,0.00419,0.00577
5.41000,1.98000,0.99724,0.00012,0.00005,0.00132,0.00127
5.61000,1.98000,0.99921,0.00003,0.00003,0.00022,0.00051
5.81000,1.98000,0.99902,0.00001,0.00002,0.00013,0.00083
6.01000,1.98000,0.99962,0.00000,0.00002,0.00003,0.00034
6.21000,1.98000,0.99989,0.00000,0.00000,0.00002,0.00008
6.41000,1.98000,0.99995,0.00000,0.00000,0.00001,0.00004
6.61000,1.98000,0.99995,0.00000,0.00000,0.00001,0.00004
6.81000,1.98000,0.99993,0.00000,0.00001,0.00001,0.00006
7.01000,1.98000,0.99993,0.00000,0.00001,0.00001,0.00006
7.21000,1.98000,0.99993,0.00000,0.00001,0.00001,0.00005
7.41000,1.98000,0.99993,0.00000,0.00001,0.00001,0.00006
7.61000,1.98000,0.99993,0.00000,0.00001,0.00001,0.00005
7.81000,1.98000,0.99993,0.00000,0.00001,0.00001,0.00005
8.01000,1.98000,0.99994,0.00000,0.00000,0.00001,0.00005
8.21000,1.98000,0.99993,0.00000,0.00001,0.00001,0.00005
8.41000,1.98000,0.99994,0.00000,0.00001,0.00001,0.00005
8.61000,1.98000,0.99994,0.00000,0.00000,0.00001,0.00005
8.81000,1.98000,0.99994,0.00000,0.00000,0.00001,0.00005
9.01000,1.98000,0.99993,0.00000,0.00001,0.00001,0.00005
9.21000,1.98000,0.99994,0.00000,0.00000,0.00000,0.00005
9.41000,1.98000,0.99999,0.00000,0.00000,0.00000,0.00001
9.61000,1.98000,0.99998,0.00000,0.00000,0.00000,0.00002
9.81000,1.98000,0.99998,0.00000,0.00000,0.00000,0.00002
10.01000,1.98000,0.99997,0.00000,0.00000,0.00001,0.00001
10.21000,1.98000,0.99939,0.00000,0.00006,0.00039,0.00016
10.41000,1.98000,0.99764,0.00000,0.00024,0.00182,0.00030
10.61000,1.98000,0.99760,0.00002,0.00003,0.00188,0.00047
10.81000,1.98000,0.99619,0.00006,0.00066,0.00133,0.00176
11.01000,1.98000,0.97719,0.00001,0.01757,0.00141,0.00382
11.21000,1.98000,0.99302,0.00000,0.00587,0.00043,0.00068
11.41000,1.98000,0.99933,0.00000,0.00054,0.00004,0.00010
11.61000,1.98000,0.99943,0.00000,0.00031,0.00002,0.00024
11.81000,1.98000,0.99967,0.00000,0.00004,0.00005,0.00024
12.01000,1.98000,0.99962,0.00000,0.00002,0.00004,0.00031
12.21000,1.98000,0.99962,0.00000,0.00002,0.00003,0.00033
12.41000,1.98000,0.99984,0.00000,0.00001,0.00002,0.00013
12.61000,1.98000,0.99989,0.00000,0.00001,0.00001,0.00009
12.81000,1.98000,0.99989,0.00000,0.00001,0.00001,0.00009
13.01000,1.98000,0.99992,0.00000,0.00000,0.00001,0.00007
13.21000,1.98000,0.99991,0.00000,0.00001,0.00000,0.00009
13.41000,1.98000,0.99989,0.00000,0.00000,0.00000,0.00011
13.61000,1.98000,0.99990,0.00002,0.00000,0.00000,0.00007
13.81000,1.98000,0.99980,0.00004,0.00000,0.00001,0.00015
14.01000,1.98000,0.99993,0.00002,0.00000,0.00000,0.00004
14.21000,1.98000,0.99996,0.00001,0.00000,0.00000,0.00003
14.41000,1.98000,0.99999,0.00000,0.00000,0.00000,0.00000
14.61000,1.98000,1.00000,0.00000,0.00000,0.00000,0.00000
14.81000,1.98000,1.00000,0.00000,0.00000,0.00000,0.00000
15.01000,1.98000,1.00000,0.00000,0.00000,0.00000,0.00000
15.21000,1.98000,0.99999,0.00000,0.00000,0.00000,0.00001
15.41000,1.98000,0.99978,0.00000,0.00000,0.00002,0.00020
15.61000,1.98000,0.99879,0.00001,0.00001,0.00023,0.00095
15.81000,1.98000,0.99595,0.00001,0.00004,0.00068,0.00332
16.01000,1.98000,0.99759,0.00000,0.00002,0.00033,0.00205
16.21000,1.98000,0.99871,0.00000,0.00002,0.00007,0.00120
16.41000,1.98000,0.99955,0.00000,0.00001,0.00001,0.00043
16.61000,1.98000,0.99988,0.00000,0.00001,0.00001,0.00011
16.81000,1.98000,0.99994,0.00000,0.00000,0.00001,0.00005
17.01000,1.98000,0.99993,0.00000,0.00000,0.00001,0.00006
17.21000,1.98000,0.99994,0.00000,0.00000,0.00001,0.00005
17.41000,1.98000,0.99995,0.00000,0.00000,0.00002,0.00003
17.61000,1.98000,0.99997,0.00000,0.00000,0.00001,0.00002
17.81000,1.98000,0.99996,0.00000,0.00000,0.00002,0.00002
18.01000,1.98000,0.99984,0.00000,0.00000,0.00012,0.00004
18.21000,1.98000,0.99452,0.00000,0.00003,0.00502,0.00043
18.41000,1.98000,0.79386,0.00006,0.00090,0.18178,0.02340
18.61000,1.98000,0.97752,0.00007,0.00033,0.01636,0.00572
18.81000,1.98000,0.99508,0.00001,0.00070,0.00265,0.00156
19.01000,1.98000,0.99875,0.00000,0.00049,0.00028,0.00049
19.21000,1.98000,0.99910,0.00000,0.00058,0.00003,0.00030
19.41000,1.98000,0.99986,0.00000,0.00009,0.00000,0.00004
19.61000,1.98000,0.99995,0.00000,0.00002,0.00000,0.00003
19.81000,1.98000,0.99994,0.00000,0.00001,0.00000,0.00005
20.01000,1.98000,0.99993,0.00000,0.00001,0.00000,0.00006
20.21000,1.98000,0.99994,0.00000,0.00000,0.00001,0.00005
20.41000,1.98000,0.99994,0.00000,0.00000,0.00001,0.00005
20.61000,1.98000,0.99992,0.00000,0.00000,0.00001,0.00006
20.81000,1.98000,0.99993,0.00000,0.00000,0.00001,0.00006
21.01000,1.98000,0.99993,0.00000,0.00000,0.00001,0.00006
21.21000,1.98000,0.99993,0.00000,0.00000,0.00001,0.00005
21.41000,1.98000,0.99993,0.00000,0.00000,0.00001,0.00006
21.61000,1.98000,0.99994,0.00000,0.00000,0.00001,0.00005
21.81000,1.98000,0.99993,0.00000,0.00000,0.00001,0.00006
22.01000,1.98000,0.99994,0.00000,0.00000,0.00001,0.00005
22.21000,1.98000,0.99991,0.00000,0.00000,0.00001,0.00008
22.41000,1.98000,0.99989,0.00000,0.00000,0.00001,0.00010
22.61000,1.98000,0.99980,0.00000,0.00001,0.00002,0.00017
22.81000,1.98000,0.99980,0.00000,0.00001,0.00003,0.00016
23.01000,1.98000,0.99980,0.00000,0.00001,0.00004,0.00015
23.21000,1.98000,0.99984,0.00000,0.00000,0.00001,0.00014
23.41000,1.98000,0.99972,0.00000,0.00001,0.00003,0.00025
23.61000,1.98000,0.99903,0.00000,0.00001,0.00014,0.00081
23.81000,1.98000,0.99877,0.00000,0.00002,0.00019,0.00102
24.01000,1.98000,0.99892,0.00000,0.00002,0.00033,0.00073
24.21000,1.98000,0.99857,0.00000,0.00003,0.00031,0.00108
24.41000,1.98000,0.99915,0.00000,0.00001,0.00024,0.00060
24.61000,1.98000,0.99969,0.00000,0.00001,0.00002,0.00028
24.81000,1.98000,0.99987,0.00000,0.00001,0.00002,0.00011
25.01000,1.98000,0.99994,0.00000,0.00000,0.00001,0.00005
25.21000,1.98000,0.99993,0.00000,0.00000,0.00001,0.00006
25.41000,1.98000,0.99992,0.00000,0.00000,0.00001,0.00007
25.61000,1.98000,0.99991,0.00000,0.00001,0.00001,0.00008
25.81000,1.98000,0.99992,0.00000,0.00000,0.00001,0.00007
26.01000,1.98000,0.99995,0.00000,0.00000,0.00000,0.00004
26.21000,1.98000,0.99997,0.00000,0.00000,0.00000,0.00002
26.41000,1.98000,0.99994,0.00000,0.00000,0.00003,0.00003
26.61000,1.98000,0.99994,0.00000,0.00000,0.00002,0.00004
26.81000,1.98000,0.99993,0.00000,0.00000,0.00002,0.00004
27.01000,1.98000,0.99963,0.00000,0.00001,0.00030,0.00006
27.21000,1.98000,0.98809,0.00001,0.00006,0.01137,0.00047
27.41000,1.98000,0.99648,0.00001,0.00011,0.00272,0.00068
27.61000,1.98000,0.99120,0.00001,0.00135,0.00283,0.00461
27.81000,1.98000,0.98314,0.00000,0.01111,0.00088,0.00486
28.01000,1.98000,0.99790,0.00000,0.00152,0.00006,0.00052
28.21000,1.98000,0.99964,0.00000,0.00027,0.00000,0.00009
28.41000,1.98000,0.99995,0.00000,0.00003,0.00000,0.00001
28.61000,1.98000,0.99993,0.00000,0.00002,0.00000,0.00005
28.81000,1.98000,0.99987,0.00000,0.00001,0.00000,0.00012
29.01000,1.98000,0.99991,0.00000,0.00001,0.00000,0.00008
29.21000,1.98000,0.99987,0.00000,0.00001,0.00001,0.00011
29.41000,1.98000,0.99987,0.00000,0.00001,0.00002,0.00010
29.61000,1.98000,0.99989,0.00000,0.00001,0.00002,0.00009
29.81000,1.98000,0.99987,0.00000,0.00001,0.00002,0.00010
30.01000,1.98000,0.99990,0.00000,0.00001,0.00001,0.00008
30.21000,1.98000,0.99990,0.00000,0.00000,0.00001,0.00008
30.41000,1.98000,0.99995,0.00000,0.00000,0.00000,0.00004
30.61000,1.98000,0.99995,0.00000,0.00000,0.00000,0.00004
30.81000,1.98000,0.99995,0.00000,0.00000,0.00001,0.00004
31.01000,1.98000,0.99994,0.00000,0.00000,0.00001,0.00005
31.21000,1.98000,0.99993,0.00000,0.00000,0.00000,0.00007
31.41000,1.98000,0.99989,0.00000,0.00001,0.00000,0.00010
31.61000,1.98000,0.99988,0.00000,0.00001,0.00000,0.00011
31.81000,1.98000,0.99990,0.00000,0.00000,0.00000,0.00010
32.01000,1.98000,0.99994,0.00000,0.00000,0.00000,0.00006
32.21000,1.98000,0.99991,0.00000,0.00000,0.00000,0.00009
32.41000,1.98000,0.99981,0.00000,0.00000,0.00000,0.00018
32.61000,1.98000,0.99951,0.00000,0.00002,0.00000,0.00047
32.81000,1.98000,0.99977,0.00000,0.00003,0.00000,0.00020
33.01000,1.98000,0.99915,0.00000,0.00012,0.00012,0.00061
33.21000,1.98000,0.99961,0.00000,0.00005,0.00010,0.00024
33.41000,1.98000,0.99713,0.00000,0.00055,0.00037,0.00194
33.61000,1.98000,0.99959,0.00000,0.00009,0.00002,0.00029
33.81000,1.98000,0.99980,0.00000,0.00002,0.00000,0.00018
34.01000,1.98000,0.99984,0.00000,0.00002,0.00001,0.00013
34.21000,1.98000,0.99644,0.00000,0.00039,0.00091,0.00225
34.41000,1.98000,0.99369,0.00000,0.00019,0.00189,0.00423
34.61000,1.98000,0.99719,0.00000,0.00002,0.00178,0.00101
34.81000,1.98000,0.99110,0.00001,0.00004,0.00625,0.00261
35.01000,1.98000,0.99698,0.00000,0.00002,0.00094,0.00205
35.21000,1.98000,0.99868,0.00000,0.00003,0.00014,0.00115
35.41000,1.98000,0.99969,0.00000,0.00002,0.00002,0.00028
35.61000,1.98000,0.99982,0.00000,0.00001,0.00002,0.00015
35.81000,1.98000,0.99993,0.00000,0.00000,0.00001,0.00006
36.01000,1.98000,0.99993,0.00000,0.00000,0.00001,0.00005
36.21000,1.98000,0.99995,0.00000,0.00000,0.00001,0.00004
36.41000,1.98000,0.99995,0.00000,0.00000,0.00001,0.00004
36.61000,1.98000,0.99995,0.00000,0.00000,0.00001,0.00004
36.81000,1.98000,0.99994,0.00000,0.00000,0.00001,0.00005
37.01000,1.98000,0.99994,0.00000,0.00000,0.00001,0.00005
37.21000,1.98000,0.99994,0.00000,0.00000,0.00001,0.00005
37.41000,1.98000,0.99995,0.00000,0.00000,0.00001,0.00004
37.61000,1.98000,0.99995,0.00000,0.00000,0.00001,0.00004
37.81000,1.98000,0.99995,0.00000,0.00000,0.00001,0.00004
38.01000,1.98000,0.99996,0.00000,0.00000,0.00000,0.00004
38.21000,1.98000,0.99995,0.00000,0.00000,0.00000,0.00005
38.41000,1.98000,0.99994,0.00000,0.00000,0.00000,0.00006
38.61000,1.98000,0.99991,0.00000,0.00000,0.00000,0.00009
38.81000,1.98000,0.99993,0.00000,0.00000,0.00000,0.00007
39.01000,1.98000,0.99996,0.00000,0.00000,0.00000,0.00003
39.21000,1.98000,0.99994,0.00000,0.00000,0.00001,0.00005
39.41000,1.98000,0.99955,0.00000,0.00001,0.00003,0.00041
39.61000,1.98000,0.99910,0.00000,0.00002,0.00007,0.00080
39.81000,1.98000,0.99967,0.00000,0.00003,0.00001,0.00029
40.01000,1.98000,0.99973,0.00000,0.00008,0.00004,0.00015
40.21000,1.98000,0.99991,0.00000,0.00001,0.00006,0.00001
40.41000,1.98000,0.99987,0.00000,0.00002,0.00007,0.00004
40.61000,1.98000,0.99959,0.00000,0.00027,0.00004,0.00009
40.81000,1.98000,0.99985,0.00000,0.00007,0.00000,0.00008
41.01000,1.98000,0.99980,0.00000,0.00010,0.00000,0.00009
41.21000,1.98000,0.99569,0.00000,0.00171,0.00000,0.00260
41.41000,1.98000,0.99716,0.00000,0.00044,0.00000,0.00240
41.61000,1.98000,0.99894,0.00000,0.00005,0.00002,0.00099
41.81000,1.98000,0.99647,0.00000,0.00002,0.00013,0.00338
42.01000,1.98000,0.99364,0.00000,0.00003,0.00029,0.00604
42.21000,1.98000,0.99635,0.00000,0.00003,0.00004,0.00358
42.41000,1.98000,0.99771,0.00000,0.00005,0.00002,0.00222
42.61000,1.98000,0.99961,0.00000,0.00001,0.00000,0.00037
42.81000,1.98000,0.99972,0.00000,0.00001,0.00000,0.00026
43.01000,1.98000,0.99991,0.00000,0.00001,0.00001,0.00008
43.21000,1.98000,0.99995,0.00000,0.00000,0.00001,0.00004
43.41000,1.98000,0.99995,0.00000,0.00000,0.00001,0.00004
43.61000,1.98000,0.99993,0.00000,0.00000,0.00001,0.00005
43.81000,1.98000,0.99994,0.00000,0.00000,0.00001,0.00005
44.01000,1.98000,0.99995,0.00000,0.00000,0.00001,0.00004
44.21000,1.98000,0.99995,0.00000,0.00000,0.00001,0.00004
44.41000,1.98000,0.99995,0.00000,0.00000,0.00001,0.00004
44.61000,1.98000,0.99995,0.00000,0.00000,0.00001,0.00004
44.81000,1.98000,0.99995,0.00000,0.00000,0.00001,0.00004
45.01000,1.98000,0.99995,0.00000,0.00000,0.00000,0.00004
45.21000,1.98000,0.99997,0.00000,0.00000,0.00000,0.00002
45.41000,1.98000,0.99997,0.00000,0.00000,0.00000,0.00002
45.61000,1.98000,0.99999,0.00000,0.00000,0.00000,0.00001
45.81000,1.98000,0.99997,0.00000,0.00000,0.00000,0.00003
46.01000,1.98000,0.99990,0.00000,0.00000,0.00000,0.00009
46.21000,1.98000,0.99937,0.00000,0.00000,0.00000,0.00063
46.41000,1.98000,0.99877,0.00000,0.00000,0.00000,0.00123
46.61000,1.98000,0.99948,0.00000,0.00000,0.00000,0.00051
46.81000,1.98000,0.99712,0.00000,0.00001,0.00002,0.00285
47.01000,1.98000,0.99579,0.00000,0.00001,0.00004,0.00416
47.21000,1.98000,0.99644,0.00000,0.00002,0.00002,0.00352
47.41000,1.98000,0.99647,0.00000,0.00003,0.00004,0.00346
47.61000,1.98000,0.99688,0.00000,0.00003,0.00008,0.00302
47.81000,1.98000,0.99669,0.00000,0.00004,0.00022,0.00306
48.01000,1.98000,0.99706,0.00000,0.00005,0.00053,0.00236
48.21000,1.98000,0.99864,0.00000,0.00003,0.00036,0.00096
48.41000,1.98000,0.99908,0.00000,0.00002,0.00018,0.00072
48.61000,1.98000,0.99946,0.00000,0.00002,0.00009,0.00044
48.81000,1.98000,0.99971,0.00000,0.00001,0.00003,0.00025
49.01000,1.98000,0.99983,0.00000,0.00001,0.00002,0.00015
49.21000,1.98000,0.99990,0.00000,0.00000,0.00001,0.00009
49.41000,1.98000,0.99993,0.00000,0.00000,0.00001,0.00006
49.61000,1.98000,0.99993,0.00000,0.00000,0.00001,0.00006
49.81000,1.98000,0.99992,0.00000,0.00000,0.00001,0.00006
50.01000,1.98000,0.99992,0.00000,0.00000,0.00001,0.00006
50.21000,1.98000,0.99992,0.00000,0.00001,0.00001,0.00007
50.41000,1.98000,0.99991,0.00000,0.00001,0.00001,0.00007
50.61000,1.98000,0.99992,0.00000,0.00000,0.00001,0.00006
50.81000,1.98000,0.99993,0.00000,0.00000,0.00001,0.00006
51.01000,1.98000,0.99994,0.00000,0.00000,0.00001,0.00005
51.21000,1.98000,0.99994,0.00000,0.00000,0.00001,0.00005
51.41000,1.98000,0.99994,0.00000,0.00000,0.00001,0.00005
51.61000,1.98000,0.99993,0.00000,0.00000,0.00000,0.00007
51.81000,1.98000,0.99988,0.00000,0.00000,0.00000,0.00012
52.01000,1.98000,0.99992,0.00000,0.00001,0.00000,0.00007
52.21000,1.98000,0.99997,0.00000,0.00001,0.00000,0.00003
52.41000,1.98000,0.99973,0.00000,0.00003,0.00004,0.00020
52.61000,1.98000,0.99958,0.00000,0.00004,0.00002,0.00036
52.81000,1.98000,0.99813,0.00003,0.00020,0.00007,0.00157
53.01000,1.98000,0.99747,0.00000,0.00023,0.00001,0.00229
53.21000,1.98000,0.99999,0.00000,0.00000,0.00000,0.00000
53.41000,1.98000,0.99996,0.00000,0.00004,0.00000,0.00000
53.61000,1.98000,0.99999,0.00000,0.00001,0.00000,0.00000
53.81000,1.98000,1.00000,0.00000,0.00000,0.00000,0.00000
54.01000,1.98000,1.00000,0.00000,0.00000,0.00000,0.00000
54.21000,1.98000,1.00000,0.00000,0.00000,0.00000,0.00000
54.41000,1.98000,1.00000,0.00000,0.00000,0.00000,0.00000
54.61000,1.98000,1.00000,0.00000,0.00000,0.00000,0.00000
54.81000,1.98000,1.00000,0.00000,0.00000,0.00000,0.00000
55.01000,1.98000,1.00000,0.00000,0.00000,0.00000,0.00000
55.21000,1.98000,1.00000,0.00000,0.00000,0.00000,0.00000
55.41000,1.98000,1.00000,0.00000,0.00000,0.00000,0.00000
55.61000,1.98000,1.00000,0.00000,0.00000,0.00000,0.00000
55.81000,1.98000,1.00000,0.00000,0.00000,0.00000,0.00000
56.01000,1.98000,0.99998,0.00000,0.00000,0.00000,0.00002
56.21000,1.98000,0.99998,0.00000,0.00000,0.00000,0.00002
56.41000,1.98000,0.99993,0.00000,0.00001,0.00001,0.00005
56.61000,1.98000,0.99994,0.00000,0.00000,0.00001,0.00004
56.81000,1.98000,0.99995,0.00000,0.00000,0.00001,0.00004
57.01000,1.98000,0.99995,0.00000,0.00000,0.00001,0.00004
57.21000,1.98000,0.99995,0.00000,0.00000,0.00001,0.00004
57.41000,1.98000,0.99995,0.00000,0.00000,0.00001,0.00004
57.61000,1.98000,0.99995,0.00000,0.00000,0.00001,0.00004
57.81000,1.98000,0.99995,0.00000,0.00000,0.00001,0.00004
58.01000,1.98000,0.99994,0.00000,0.00000,0.00001,0.00005
58.21000,1.98000,0.99993,0.00000,0.00000,0.00001,0.00006
58.41000,1.98000,0.99992,0.00000,0.00001,0.00001,0.00006
58.61000,1.98000,0.99993,0.00000,0.00000,0.00001,0.00005
58.81000,1.98000,0.99993,0.00000,0.00000,0.00001,0.00005
59.01000,1.98000,0.99993,0.00000,0.00000,0.00001,0.00005
59.21000,1.98000,0.99995,0.00000,0.00000,0.00001,0.00004
59.41000,1.98000,0.99997,0.00000,0.00000,0.00000,0.00002
59.61000,1.98000,0.99997,0.00000,0.00000,0.00001,0.00002
59.81000,1.98000,0.99997,0.00000,0.00000,0.00001,0.00002
60.01000,1.98000,0.99995,0.00000,0.00000,0.00001,0.00004
60.21000,1.98000,0.99994,0.00000,0.00000,0.00001,0.00005
60.41000,1.98000,0.99986,0.00000,0.00000,0.00002,0.00012
60.61000,1.98000,0.99970,0.00000,0.00001,0.00004,0.00025
60.81000,1.98000,0.99926,0.00001,0.00001,0.00008,0.00063
61.01000,1.98000,0.99931,0.00002,0.00001,0.00010,0.00056
61.21000,1.98000,0.99931,0.00001,0.00001,0.00008,0.00058
61.41000,1.98000,0.99948,0.00000,0.00001,0.00004,0.00046
61.61000,1.98000,0.99972,0.00000,0.00001,0.00003,0.00025
61.81000,1.98000,0.99981,0.00000,0.00000,0.00002,0.00016
62.01000,1.98000,0.99988,0.00000,0.00000,0.00001,0.00010
62.21000,1.98000,0.99993,0.00000,0.00000,0.00001,0.00006
62.41000,1.98000,0.99995,0.00000,0.00000,0.00001,0.00004
62.61000,1.98000,0.99995,0.00000,0.00000,0.00001,0.00004
62.81000,1.98000,0.99996,0.00000,0.00000,0.00001,0.00003
63.01000,1.98000,0.99996,0.00000,0.00000,0.00000,0.00003
63.21000,1.98000,0.99996,0.00000,0.00000,0.00001,0.00003
63.41000,1.98000,0.99996,0.00000,0.00000,0.00001,0.00003
63.61000,1.98000,0.99996,0.00000,0.00000,0.00001,0.00003
63.81000,1.98000,0.99996,0.00000,0.00000,0.00001,0.00003
64.01000,1.98000,0.99996,0.00000,0.00000,0.00001,0.00003
64.21000,1.98000,0.99996,0.00000,0.00000,0.00001,0.00004
64.41000,1.98000,0.99995,0.00000,0.00000,0.00001,0.00004
64.61000,1.98000,0.99995,0.00000,0.00000,0.00001,0.00004
64.81000,1.98000,0.99994,0.00000,0.00000,0.00001,0.00005
65.01000,1.98000,0.99994,0.00000,0.00000,0.00001,0.00005
65.21000,1.98000,0.99994,0.00000,0.00000,0.00001,0.00005
65.41000,1.98000,0.99994,0.00000,0.00000,0.00001,0.00005
65.61000,1.98000,0.99994,0.00000,0.00000,0.00001,0.00004
65.81000,1.98000,0.99995,0.00000,0.00000,0.00001,0.00004
66.01000,1.98000,0.99996,0.00000,0.00000,0.00001,0.00003
66.21000,1.98000,0.99997,0.00000,0.00000,0.00001,0.00002
66.41000,1.98000,0.99997,0.00000,0.00000,0.00001,0.00002
66.61000,1.98000,0.99996,0.00000,0.00000,0.00001,0.00003
66.81000,1.98000,0.99995,0.00000,0.00000,0.00001,0.00003
67.01000,1.98000,0.99994,0.00000,0.00000,0.00001,0.00005
67.21000,1.98000,0.99986,0.00000,0.00001,0.00002,0.00012
67.41000,1.98000,0.99979,0.00000,0.00001,0.00002,0.00018
67.61000,1.98000,0.99967,0.00000,0.00001,0.00003,0.00030
67.81000,1.98000,0.99965,0.00001,0.00001,0.00005,0.00029
68.01000,1.98000,0.99956,0.00001,0.00001,0.00006,0.00037
68.21000,1.98000,0.99970,0.00000,0.00001,0.00003,0.00027
68.41000,1.98000,0.99975,0.00000,0.00001,0.00002,0.00022
68.61000,1.98000,0.99984,0.00000,0.00000,0.00001,0.00014
68.81000,1.98000,0.99988,0.00000,0.00000,0.00001,0.00011
69.01000,1.98000,0.99992,0.00000,0.00000,0.00001,0.00007
69.21000,1.98000,0.99995,0.00000,0.00000,0.00001,0.00004
69.41000,1.98000,0.99996,0.00000,0.00000,0.00001,0.00003
69.61000,1.98000,0.99996,0.00000,0.00000,0.00001,0.00003
69.81000,1.98000,0.99996,0.00000,0.00000,0.00000,0.00003
70.01000,1.98000,0.99996,0.00000,0.00000,0.00000,0.00003
70.21000,1.98000,0.99996,0.00000,0.00000,0.00000,0.00003
70.41000,1.98000,0.99996,0.00000,0.00000,0.00000,0.00003
70.61000,1.98000,0.99996,0.00000,0.00000,0.00000,0.00003
70.81000,1.98000,0.99995,0.00000,0.00000,0.00000,0.00005
71.01000,1.98000,0.99991,0.00000,0.00000,0.00000,0.00009
71.21000,1.98000,0.99954,0.00000,0.00000,0.00001,0.00045
71.41000,1.98000,0.99921,0.00000,0.00000,0.00002,0.00076
71.61000,1.98000,0.99817,0.00000,0.00001,0.00005,0.00178
71.81000,1.98000,0.99735,0.00000,0.00001,0.00017,0.00247
72.01000,1.98000,0.99122,0.00003,0.00001,0.00069,0.00805
72.21000,1.98000,0.98585,0.00005,0.00004,0.00045,0.01361
72.41000,1.98000,0.99655,0.00000,0.00003,0.00007,0.00334
72.61000,1.98000,0.99926,0.00001,0.00002,0.00007,0.00065
72.81000,1.98000,0.99975,0.00000,0.00001,0.00003,0.00022
73.01000,1.98000,0.99983,0.00000,0.00001,0.00004,0.00012
73.21000,1.98000,0.99989,0.00000,0.00000,0.00003,0.00008
73.41000,1.98000,0.99995,0.00000,0.00000,0.00002,0.00003
73.61000,1.98000,0.99995,0.00000,0.00000,0.00001,0.00004
73.81000,1.98000,0.99994,0.00000,0.00000,0.00001,0.00005
74.01000,1.98000,0.99992,0.00000,0.00001,0.00001,0.00006
74.21000,1.98000,0.99993,0.00000,0.00001,0.00001,0.00005
74.41000,1.98000,0.99992,0.00000,0.00001,0.00001,0.00006
74.61000,1.98000,0.99993,0.00000,0.00001,0.00001,0.00006
74.81000,1.98000,0.99994,0.00000,0.00000,0.00001,0.00005
75.01000,1.98000,0.99995,0.00000,0.00000,0.00001,0.00004
75.21000,1.98000,0.99995,0.00000,0.00000,0.00001,0.00004
75.41000,1.98000,0.99996,0.00000,0.00000,0.00001,0.00004
75.61000,1.98000,0.99996,0.00000,0.00000,0.00001,0.00003
75.81000,1.98000,0.99995,0.00000,0.00000,0.00001,0.00004
76.01000,1.98000,0.99995,0.00000,0.00000,0.00001,0.00004
76.21000,1.98000,0.99995,0.00000,0.00000,0.00001,0.00004
76.41000,1.98000,0.99995,0.00000,0.00000,0.00001,0.00004
76.61000,1.98000,0.99996,0.00000,0.00000,0.00001,0.00004
76.81000,1.98000,0.99995,0.00000,0.00000,0.00001,0.00004
77.01000,1.98000,0.99996,0.00000,0.00000,0.00000,0.00004
77.21000,1.98000,0.99994,0.00000,0.00000,0.00000,0.00005
77.41000,1.98000,0.99992,0.00000,0.00000,0.00000,0.00008
77.61000,1.98000,0.99974,0.00000,0.00000,0.00000,0.00026
77.81000,1.98000,0.99874,0.00000,0.00000,0.00001,0.00125
78.01000,1.98000,0.99883,0.00000,0.00000,0.00000,0.00116
78.21000,1.98000,0.99859,0.00000,0.00000,0.00002,0.00138
78.41000,1.98000,0.98188,0.00001,0.00001,0.00039,0.01771
78.61000,1.98000,0.96961,0.00001,0.00002,0.00043,0.02993
78.81000,1.98000,0.98923,0.00000,0.00002,0.00005,0.01070
79.01000,1.98000,0.99862,0.00000,0.00001,0.00002,0.00135
79.21000,1.98000,0.99953,0.00000,0.00001,0.00001,0.00046
79.41000,1.98000,0.99979,0.00000,0.00001,0.00001,0.00019
79.61000,1.98000,0.99992,0.00000,0.00000,0.00001,0.00007
79.81000,1.98000,0.99993,0.00000,0.00000,0.00002,0.00005
80.01000,1.98000,0.99995,0.00000,0.00000,0.00001,0.00003
80.21000,1.98000,0.99992,0.00000,0.00000,0.00002,0.00006
80.41000,1.98000,0.99990,0.00000,0.00001,0.00001,0.00008
80.61000,1.98000,0.99989,0.00000,0.00001,0.00002,0.00008
80.81000,1.98000,0.99989,0.00000,0.00001,0.00001,0.00009
81.01000,1.98000,0.99977,0.00000,0.00001,0.00000,0.00022
81.21000,1.98000,0.99965,0.00000,0.00001,0.00000,0.00034
81.41000,1.98000,0.99913,0.00000,0.00003,0.00001,0.00083
81.61000,1.98000,0.99965,0.00000,0.00001,0.00001,0.00033
81.81000,1.98000,0.99926,0.00000,0.00001,0.00002,0.00072
82.01000,1.98000,0.99930,0.00000,0.00001,0.00000,0.00069
82.21000,1.98000,0.99846,0.00000,0.00003,0.00001,0.00151
82.41000,1.98000,0.99977,0.00000,0.00001,0.00000,0.00021
82.61000,1.98000,0.99987,0.00000,0.00002,0.00000,0.00011
82.81000,1.98000,0.99985,0.00000,0.00007,0.00000,0.00008
83.01000,1.98000,0.99852,0.00000,0.00047,0.00045,0.00056
83.21000,1.98000,0.99982,0.00000,0.00006,0.00001,0.00011
83.41000,1.98000,0.99997,0.00000,0.00002,0.00000,0.00001
83.61000,1.98000,0.99974,0.00000,0.00023,0.00000,0.00003
83.81000,1.98000,0.99991,0.00000,0.00006,0.00000,0.00004
84.01000,1.98000,0.99986,0.00000,0.00007,0.00000,0.00006
84.21000,1.98000,0.99981,0.00000,0.00009,0.00000,0.00010
84.41000,1.98000,0.99991,0.00000,0.00004,0.00000,0.00005
84.61000,1.98000,0.99992,0.00000,0.00003,0.00000,0.00005
84.81000,1.98000,0.99990,0.00000,0.00004,0.00000,0.00006
85.01000,1.98000,0.99966,0.00000,0.00024,0.00000,0.00011
85.21000,1.98000,0.99977,0.00000,0.00018,0.00000,0.00005
85.41000,1.98000,0.99994,0.00000,0.00005,0.00000,0.00001
85.61000,1.98000,0.99998,0.00000,0.00001,0.00000,0.00000
85.81000,1.98000,0.99998,0.00000,0.00002,0.00000,0.00000
86.01000,1.98000,0.99994,0.00000,0.00005,0.00000,0.00000
86.21000,1.98000,0.99980,0.00000,0.00018,0.00000,0.00002
86.41000,1.98000,0.99956,0.00000,0.00041,0.00000,0.00003
86.61000,1.98000,0.99992,0.00000,0.00008,0.00000,0.00001
86.81000,1.98000,0.99996,0.00000,0.00003,0.00000,0.00001
87.01000,1.98000,0.99998,0.00000,0.00001,0.00000,0.00001
87.21000,1.98000,0.99998,0.00000,0.00001,0.00000,0.00001
87.41000,1.98000,1.00000,0.00000,0.00000,0.00000,0.00000
87.61000,1.98000,1.00000,0.00000,0.00000,0.00000,0.00000
87.81000,1.98000,1.00000,0.00000,0.00000,0.00000,0.00000
88.01000,1.98000,1.00000,0.00000,0.00000,0.00000,0.00000
88.21000,1.98000,1.00000,0.00000,0.00000,0.00000,0.00000
88.41000,1.98000,1.00000,0.00000,0.00000,0.00000,0.00000
88.61000,1.98000,1.00000,0.00000,0.00000,0.00000,0.00000
88.81000,1.98000,1.00000,0.00000,0.00000,0.00000,0.00000
89.01000,1.98000,1.00000,0.00000,0.00000,0.00000,0.00000
89.21000,1.98000,1.00000,0.00000,0.00000,0.00000,0.00000
89.41000,1.98000,1.00000,0.00000,0.00000,0.00000,0.00000
89.61000,1.98000,1.00000,0.00000,0.00000,0.00000,0.00000
89.81000,1.98000,0.99999,0.00000,0.00000,0.00000,0.00001
90.01000,1.98000,0.99995,0.00000,0.00000,0.00000,0.00005
90.21000,1.98000,0.99942,0.00000,0.00001,0.00001,0.00056
90.41000,1.98000,0.99963,0.00000,0.00002,0.00004,0.00031
90.61000,1.98000,0.99959,0.00000,0.00001,0.00007,0.00032
90.81000,1.98000,0.99931,0.00000,0.00002,0.00009,0.00058
91.01000,1.98000,0.99932,0.00000,0.00002,0.00017,0.00049
91.21000,1.98000,0.99927,0.00000,0.00003,0.00013,0.00055
91.41000,1.98000,0.99958,0.00001,0.00002,0.00013,0.00027
91.61000,1.98000,0.99979,0.00000,0.00001,0.00007,0.00013
91.81000,1.98000,0.99983,0.00000,0.00001,0.00003,0.00013
92.01000,1.98000,0.99989,0.00000,0.00001,0.00002,0.00009
92.21000,1.98000,0.99996,0.00000,0.00000,0.00001,0.00003
92.41000,1.98000,0.99991,0.00000,0.00000,0.00001,0.00007
92.61000,1.98000,0.99993,0.00000,0.00000,0.00001,0.00005
92.81000,1.98000,0.99994,0.00000,0.00000,0.00001,0.00005
93.01000,1.98000,0.99994,0.00000,0.00000,0.00001,0.00005
93.21000,1.98000,0.99994,0.00000,0.00000,0.00001,0.00005
93.41000,1.98000,0.99994,0.00000,0.00000,0.00001,0.00005
93.61000,1.98000,0.99995,0.00000,0.00000,0.00001,0.00004
93.81000,1.98000,0.99995,0.00000,0.00000,0.00001,0.00004
94.01000,1.98000,0.99994,0.00000,0.00000,0.00000,0.00005
94.21000,1.98000,0.99995,0.00000,0.00000,0.00000,0.00005
94.41000,1.98000,0.99993,0.00000,0.00000,0.00000,0.00006
94.61000,1.98000,0.99996,0.00000,0.00000,0.00000,0.00004
94.81000,1.98000,0.99995,0.00000,0.00000,0.00000,0.00004
95.01000,1.98000,0.99995,0.00000,0.00000,0.00001,0.00004
95.21000,1.98000,0.99990,0.00000,0.00000,0.00001,0.00008
95.41000,1.98000,0.99976,0.00000,0.00000,0.00001,0.00022
95.61000,1.98000,0.99968,0.00000,0.00000,0.00000,0.00031
95.81000,1.98000,0.99906,0.00000,0.00001,0.00001,0.00092
96.01000,1.98000,0.99905,0.00000,0.00000,0.00004,0.00091
96.21000,1.98000,0.99894,0.00001,0.00000,0.00014,0.00091
96.41000,1.98000,0.99791,0.00002,0.00000,0.00018,0.00189
96.61000,1.98000,0.98794,0.00004,0.00001,0.00125,0.01076
96.81000,1.98000,0.98169,0.00002,0.00001,0.00152,0.01677
97.01000,1.98000,0.98121,0.00002,0.00001,0.00062,0.01815
97.21000,1.98000,0.98242,0.00001,0.00001,0.00035,0.01721
97.41000,1.98000,0.99024,0.00000,0.00001,0.00020,0.00955
97.61000,1.98000,0.98840,0.00001,0.00000,0.00055,0.01103
97.81000,1.98000,0.98912,0.00000,0.00000,0.00010,0.01076
98.01000,1.98000,0.98665,0.00000,0.00001,0.00005,0.01329
98.21000,1.98000,0.99027,0.00000,0.00001,0.00002,0.00970
98.41000,1.98000,0.99540,0.00000,0.00001,0.00001,0.00458
98.61000,1.98000,0.99593,0.00000,0.00001,0.00002,0.00403
98.81000,1.98000,0.99136,0.00000,0.00008,0.00027,0.00829
99.01000,1.98000,0.99756,0.00000,0.00002,0.00022,0.00220
99.21000,1.98000,0.99918,0.00000,0.00005,0.00003,0.00075
99.41000,1.98000,0.99941,0.00000,0.00012,0.00002,0.00045
99.61000,1.98000,0.99986,0.00000,0.00003,0.00000,0.00010
99.81000,1.98000,0.99989,0.00000,0.00001,0.00000,0.00009
100.01000,1.98000,0.99990,0.00000,0.00001,0.00000,0.00008
100.21000,1.98000,0.99986,0.00000,0.00001,0.00000,0.00013
100.41000,1.98000,0.99982,0.00000,0.00001,0.00002,0.00014
100.61000,1.98000,0.99987,0.00000,0.00001,0.00002,0.00010
100.81000,1.98000,0.99989,0.00000,0.00001,0.00001,0.00009
101.01000,1.98000,0.99989,0.00000,0.00001,0.00001,0.00009
101.21000,1.98000,0.99989,0.00000,0.00001,0.00001,0.00009
101.41000,1.98000,0.99989,0.00000,0.00001,0.00001,0.00009
101.61000,1.98000,0.99989,0.00000,0.00001,0.00001,0.00009
101.81000,1.98000,0.99989,0.00000,0.00001,0.00001,0.00009
102.01000,1.98000,0.99988,0.00000,0.00001,0.00001,0.00010
102.21000,1.98000,0.99986,0.00000,0.00001,0.00002,0.00011
102.41000,1.98000,0.99985,0.00000,0.00001,0.00002,0.00012
102.61000,1.98000,0.99986,0.00000,0.00001,0.00002,0.00011
102.81000,1.98000,0.99990,0.00000,0.00001,0.00002,0.00008
103.01000,1.98000,0.99991,0.00000,0.00001,0.00001,0.00007
103.21000,1.98000,0.99995,0.00000,0.00000,0.00001,0.00003
103.41000,1.98000,0.99995,0.00000,0.00000,0.00001,0.00004
103.61000,1.98000,0.99993,0.00000,0.00000,0.00001,0.00005
103.81000,1.98000,0.99992,0.00000,0.00000,0.00002,0.00006
104.01000,1.98000,0.99983,0.00000,0.00000,0.00002,0.00015
104.21000,1.98000,0.99965,0.00000,0.00000,0.00004,0.00031
104.41000,1.98000,0.99915,0.00001,0.00001,0.00014,0.00070
104.61000,1.98000,0.99853,0.00005,0.00000,0.00032,0.00109
104.81000,1.98000,0.99830,0.00009,0.00000,0.00036,0.00125
105.01000,1.98000,0.99305,0.00021,0.00002,0.00220,0.00452
105.21000,1.98000,0.97767,0.00028,0.00007,0.00793,0.01404
105.41000,1.98000,0.95748,0.00017,0.00023,0.01515,0.02697
105.61000,1.98000,0.99025,0.00021,0.00015,0.00147,0.00792
105.81000,1.98000,0.99727,0.00076,0.00003,0.00029,0.00164
106.01000,1.98000,0.99852,0.00098,0.00002,0.00003,0.00045
106.21000,1.98000,0.99989,0.00008,0.00001,0.00000,0.00003
106.41000,1.98000,0.99998,0.00001,0.00000,0.00000,0.00001
106.61000,1.98000,1.00000,0.00000,0.00000,0.00000,0.00000
106.81000,1.98000,1.00000,0.00000,0.00000,0.00000,0.00000
107.01000,1.98000,1.00000,0.00000,0.00000,0.00000,0.00000
107.21000,1.98000,1.00000,0.00000,0.00000,0.00000,0.00000
107.41000,1.98000,1.00000,0.00000,0.00000,0.00000,0.00000
107.61000,1.98000,1.00000,0.00000,0.00000,0.00000,0.00000
107.81000,1.98000,1.00000,0.00000,0.00000,0.00000,0.00000
108.01000,1.98000,1.00000,0.00000,0.00000,0.00000,0.00000
108.21000,1.98000,1.00000,0.00000,0.00000,0.00000,0.00000
108.41000,1.98000,1.00000,0.00000,0.00000,0.00000,0.00000
108.61000,1.98000,1.00000,0.00000,0.00000,0.00000,0.00000
108.81000,1.98000,0.99999,0.00000,0.00000,0.00000,0.00001
109.01000,1.98000,0.99996,0.00000,0.00000,0.00000,0.00004
109.21000,1.98000,0.99989,0.00000,0.00000,0.00000,0.00011
109.41000,1.98000,0.99964,0.00000,0.00000,0.00000,0.00035
109.61000,1.98000,0.99958,0.00000,0.00000,0.00000,0.00042
109.81000,1.98000,0.99894,0.00000,0.00000,0.00002,0.00104
110.01000,1.98000,0.99956,0.00000,0.00000,0.00000,0.00043
110.21000,1.98000,0.99961,0.00001,0.00000,0.00001,0.00036
110.41000,1.98000,0.99960,0.00003,0.00000,0.00001,0.00035
110.61000,1.98000,0.99968,0.00003,0.00000,0.00001,0.00028
110.81000,1.98000,0.99975,0.00003,0.00000,0.00001,0.00021
111.01000,1.98000,0.99991,0.00003,0.00000,0.00001,0.00005
111.21000,1.98000,0.99987,0.00010,0.00000,0.00000,0.00002
111.41000,1.98000,0.99992,0.00005,0.00000,0.00000,0.00003
111.61000,1.98000,0.99982,0.00011,0.00000,0.00001,0.00005
111.81000,1.98000,0.99979,0.00008,0.00000,0.00003,0.00010
112.01000,1.98000,0.99980,0.00006,0.00001,0.00002,0.00010
112.21000,1.98000,0.99991,0.00004,0.00000,0.00001,0.00004
112.41000,1.98000,0.99992,0.00005,0.00000,0.00000,0.00003
112.61000,1.98000,0.99995,0.00002,0.00000,0.00000,0.00003
112.81000,1.98000,0.99995,0.00001,0.00000,0.00000,0.00004
113.01000,1.98000,0.99995,0.00000,0.00000,0.00000,0.00004
113.21000,1.98000,0.99995,0.00000,0.00000,0.00000,0.00004
113.41000,1.98000,0.99994,0.00000,0.00000,0.00001,0.00005
113.61000,1.98000,0.99996,0.00000,0.00000,0.00000,0.00004
113.81000,1.98000,0.99996,0.00000,0.00000,0.00000,0.00004
114.01000,1.98000,0.99996,0.00000,0.00000,0.00000,0.00004
114.21000,1.98000,0.99987,0.00000,0.00000,0.00000,0.00013
114.41000,1.98000,0.99896,0.00000,0.00000,0.00001,0.00103
114.61000,1.98000,0.98567,0.00000,0.00005,0.00003,0.01425
114.81000,1.98000,0.93092,0.00001,0.00018,0.00010,0.06880
115.01000,1.98000,0.70102,0.00001,0.00060,0.00035,0.29802
115.21000,1.98000,0.95654,0.00000,0.00012,0.00016,0.04318
115.41000,1.98000,0.99366,0.00000,0.00002,0.00000,0.00632
115.61000,1.98000,0.99762,0.00000,0.00001,0.00000,0.00236
115.81000,1.98000,0.99907,0.00000,0.00001,0.00000,0.00092
116.01000,1.98000,0.99919,0.00001,0.00001,0.00001,0.00079
116.21000,1.98000,0.99907,0.00004,0.00002,0.00003,0.00084
116.41000,1.98000,0.99897,0.00026,0.00002,0.00017,0.00058
116.61000,1.98000,0.99131,0.00593,0.00002,0.00225,0.00050
116.81000,1.98000,0.94473,0.04663,0.00003,0.00796,0.00065
117.01000,1.98000,0.96214,0.03573,0.00002,0.00164,0.00048
117.21000,1.98000,0.96820,0.02732,0.00010,0.00272,0.00166
117.41000,1.98000,0.99067,0.00613,0.00007,0.00117,0.00196
117.61000,1.98000,0.99565,0.00367,0.00001,0.00020,0.00047
117.81000,1.98000,0.99773,0.00173,0.00001,0.00009,0.00043
118.01000,1.98000,0.99916,0.00021,0.00002,0.00005,0.00057
118.21000,1.98000,0.99953,0.00002,0.00001,0.00002,0.00042
118.41000,1.98000,0.99955,0.00001,0.00001,0.00002,0.00041
118.61000,1.98000,0.99970,0.00001,0.00001,0.00002,0.00027
118.81000,1.98000,0.99970,0.00000,0.00001,0.00002,0.00028
119.01000,1.98000,0.99987,0.00000,0.00000,0.00001,0.00011
119.21000,1.98000,0.99995,0.00000,0.00000,0.00001,0.00004
119.41000,1.98000,0.99996,0.00000,0.00000,0.00000,0.00003
119.61000,1.98000,0.99996,0.00000,0.00000,0.00001,0.00003
119.81000,1.98000,0.99997,0.00000,0.00000,0.00001,0.00003
120.01000,1.98000,0.99996,0.00000,0.00000,0.00001,0.00003
120.21000,1.98000,0.99995,0.00000,0.00000,0.00001,0.00004
120.41000,1.98000,0.99995,0.00000,0.00000,0.00001,0.00004
