Time (seconds), Duration (seconds),pred_(unlabeled),pred_On,pred_Off,pred_Dimmer,pred_Lighter
0.01000,1.98000,0.99755,0.00013,0.00039,0.00151,0.00043
0.21000,1.98000,0.99772,0.00011,0.00038,0.00135,0.00043
0.41000,1.98000,0.99790,0.00010,0.00033,0.00121,0.00045
0.61000,1.98000,0.99774,0.00010,0.00036,0.00124,0.00056
0.81000,1.98000,0.99840,0.00007,0.00026,0.00086,0.00041
1.01000,1.98000,0.99949,0.00013,0.00010,0.00020,0.00009
1.21000,1.98000,0.99966,0.00014,0.00012,0.00002,0.00005
1.41000,1.98000,0.99807,0.00135,0.00011,0.00019,0.00028
1.61000,1.98000,0.99463,0.00409,0.00010,0.00037,0.00081
1.81000,1.98000,0.97763,0.02086,0.00007,0.00063,0.00081
2.01000,1.98000,0.94446,0.05441,0.00002,0.00045,0.00065
2.21000,1.98000,0.75179,0.24600,0.00002,0.00166,0.00053
2.41000,1.98000,0.74122,0.25680,0.00003,0.00153,0.00042
2.61000,1.98000,0.69682,0.30036,0.00003,0.00217,0.00062
2.81000,1.98000,0.88594,0.11301,0.00003,0.00079,0.00021
3.01000,1.98000,0.97335,0.02575,0.00003,0.00071,0.00017
3.21000,1.98000,0.99216,0.00746,0.00002,0.00031,0.00006
3.41000,1.98000,0.99780,0.00196,0.00002,0.00019,0.00004
3.61000,1.98000,0.99857,0.00082,0.00003,0.00053,0.00005
3.81000,1.98000,0.99878,0.00037,0.00006,0.00072,0.00007
4.01000,1.98000,0.99824,0.00016,0.00027,0.00121,0.00011
4.21000,1.98000,0.99826,0.00008,0.00028,0.00097,0.00040
4.41000,1.98000,0.99817,0.00008,0.00030,0.00102,0.00043
4.61000,1.98000,0.99803,0.00010,0.00032,0.00108,0.00048
4.81000,1.98000,0.99812,0.00009,0.00030,0.00105,0.00044
5.01000,1.98000,0.99828,0.00008,0.00027,0.00096,0.00041
5.21000,1.98000,0.99836,0.00008,0.00026,0.00093,0.00038
5.41000,1.98000,0.99835,0.00008,0.00025,0.00093,0.00038
5.61000,1.98000,0.99834,0.00008,0.00025,0.00094,0.00038
5.81000,1.98000,0.99836,0.00008,0.00026,0.00092,0.00039
6.01000,1.98000,0.99836,0.00008,0.00026,0.00092,0.00039
6.21000,1.98000,0.99844,0.00007,0.00024,0.00087,0.00038
6.41000,1.98000,0.99856,0.00007,0.00022,0.00082,0.00033
6.61000,1.98000,0.99851,0.00007,0.00023,0.00083,0.00036
6.81000,1.98000,0.99849,0.00007,0.00023,0.00084,0.00036
7.01000,1.98000,0.99850,0.00007,0.00023,0.00084,0.00036
7.21000,1.98000,0.99858,0.00007,0.00021,0.00080,0.00034
7.41000,1.98000,0.99860,0.00007,0.00021,0.00079,0.00034
7.61000,1.98000,0.99866,0.00006,0.00020,0.00076,0.00032
7.81000,1.98000,0.99863,0.00006,0.00020,0.00077,0.00033
8.01000,1.98000,0.99869,0.00006,0.00019,0.00074,0.00032
8.21000,1.98000,0.99852,0.00010,0.00011,0.00100,0.00028
8.41000,1.98000,0.99966,0.00015,0.00003,0.00012,0.00004
8.61000,1.98000,0.99860,0.00045,0.00017,0.00049,0.00028
8.81000,1.98000,0.99878,0.00076,0.00010,0.00016,0.00020
9.01000,1.98000,0.99222,0.00601,0.00044,0.00085,0.00049
9.21000,1.98000,0.99315,0.00506,0.00041,0.00099,0.00039
9.41000,1.98000,0.99214,0.00598,0.00049,0.00095,0.00044
9.61000,1.98000,0.99218,0.00547,0.00061,0.00127,0.00048
9.81000,1.98000,0.99074,0.00701,0.00061,0.00118,0.00046
10.01000,1.98000,0.99251,0.00532,0.00064,0.00112,0.00041
10.21000,1.98000,0.99728,0.00151,0.00075,0.00028,0.00019
10.41000,1.98000,0.99840,0.00019,0.00094,0.00034,0.00013
10.61000,1.98000,0.99929,0.00023,0.00028,0.00016,0.00004
10.81000,1.98000,0.99957,0.00003,0.00025,0.00014,0.00002
11.01000,1.98000,0.99807,0.00009,0.00034,0.00120,0.00031
11.21000,1.98000,0.99804,0.00009,0.00034,0.00118,0.00034
11.41000,1.98000,0.99796,0.00009,0.00035,0.00123,0.00037
11.61000,1.98000,0.99846,0.00007,0.00026,0.00094,0.00027
11.81000,1.98000,0.99832,0.00008,0.00029,0.00102,0.00030
12.01000,1.98000,0.99830,0.00008,0.00029,0.00102,0.00031
12.21000,1.98000,0.99841,0.00007,0.00027,0.00097,0.00028
12.41000,1.98000,0.99836,0.00007,0.00028,0.00099,0.00029
12.61000,1.98000,0.99841,0.00007,0.00026,0.00097,0.00028
12.81000,1.98000,0.99844,0.00007,0.00026,0.00094,0.00028
13.01000,1.98000,0.99844,0.00007,0.00026,0.00094,0.00029
13.21000,1.98000,0.99848,0.00007,0.00025,0.00091,0.00028
13.41000,1.98000,0.99854,0.00007,0.00024,0.00089,0.00027
13.61000,1.98000,0.99852,0.00007,0.00024,0.00090,0.00027
13.81000,1.98000,0.99856,0.00007,0.00024,0.00088,0.00027
14.01000,1.98000,0.99963,0.00004,0.00008,0.00019,0.00007
14.21000,1.98000,0.99969,0.00008,0.00017,0.00003,0.00004
14.41000,1.98000,0.99976,0.00005,0.00015,0.00000,0.00003
14.61000,1.98000,0.99886,0.00037,0.00031,0.00008,0.00037
14.81000,1.98000,0.99474,0.00229,0.00030,0.00071,0.00196
15.01000,1.98000,0.98985,0.00896,0.00023,0.00014,0.00081
15.21000,1.98000,0.98240,0.01726,0.00005,0.00005,0.00023
15.41000,1.98000,0.90877,0.08991,0.00007,0.00037,0.00088
15.61000,1.98000,0.83571,0.16191,0.00010,0.00126,0.00102
15.81000,1.98000,0.85242,0.14597,0.00007,0.00062,0.00093
16.01000,1.98000,0.97477,0.02464,0.00006,0.00035,0.00017
16.21000,1.98000,0.98481,0.01427,0.00002,0.00072,0.00018
16.41000,1.98000,0.99582,0.00378,0.00002,0.00031,0.00006
16.61000,1.98000,0.99858,0.00133,0.00002,0.00006,0.00002
16.81000,1.98000,0.99911,0.00070,0.00002,0.00015,0.00002
17.01000,1.98000,0.99857,0.00036,0.00006,0.00094,0.00008
17.21000,1.98000,0.99750,0.00020,0.00027,0.00189,0.00014
17.41000,1.98000,0.99776,0.00013,0.00032,0.00151,0.00028
17.61000,1.98000,0.99771,0.00013,0.00037,0.00146,0.00033
17.81000,1.98000,0.99787,0.00011,0.00038,0.00133,0.00031
18.01000,1.98000,0.99849,0.00010,0.00024,0.00096,0.00020
18.21000,1.98000,0.99983,0.00006,0.00007,0.00002,0.00001
18.41000,1.98000,0.99951,0.00026,0.00009,0.00009,0.00006
18.61000,1.98000,0.99884,0.00078,0.00009,0.00013,0.00016
18.81000,1.98000,0.99331,0.00553,0.00009,0.00055,0.00053
19.01000,1.98000,0.97849,0.02100,0.00005,0.00019,0.00026
19.21000,1.98000,0.94722,0.05240,0.00001,0.00020,0.00016
19.41000,1.98000,0.76561,0.23365,0.00001,0.00042,0.00029
19.61000,1.98000,0.59598,0.40276,0.00001,0.00091,0.00034
19.81000,1.98000,0.51257,0.48602,0.00002,0.00096,0.00043
20.01000,1.98000,0.80815,0.19076,0.00004,0.00075,0.00029
20.21000,1.98000,0.92913,0.06937,0.00004,0.00118,0.00029
20.41000,1.98000,0.98905,0.01052,0.00004,0.00029,0.00010
20.61000,1.98000,0.99528,0.00444,0.00004,0.00019,0.00004
20.81000,1.98000,0.99550,0.00339,0.00006,0.00092,0.00013
21.01000,1.98000,0.99662,0.00099,0.00012,0.00211,0.00017
21.21000,1.98000,0.99572,0.00038,0.00041,0.00323,0.00025
21.41000,1.98000,0.99721,0.00016,0.00040,0.00193,0.00029
21.61000,1.98000,0.99765,0.00013,0.00038,0.00154,0.00030
21.81000,1.98000,0.99787,0.00012,0.00031,0.00141,0.00029
22.01000,1.98000,0.99809,0.00010,0.00030,0.00125,0.00026
22.21000,1.98000,0.99796,0.00011,0.00030,0.00136,0.00028
22.41000,1.98000,0.99797,0.00011,0.00031,0.00133,0.00028
22.61000,1.98000,0.99804,0.00011,0.00028,0.00130,0.00027
22.81000,1.98000,0.99806,0.00010,0.00030,0.00128,0.00026
23.01000,1.98000,0.99950,0.00010,0.00007,0.00027,0.00006
23.21000,1.98000,0.99981,0.00007,0.00009,0.00002,0.00001
23.41000,1.98000,0.99976,0.00013,0.00007,0.00001,0.00003
23.61000,1.98000,0.99762,0.00121,0.00011,0.00053,0.00054
23.81000,1.98000,0.99195,0.00701,0.00012,0.00039,0.00053
24.01000,1.98000,0.97595,0.02200,0.00009,0.00124,0.00072
24.21000,1.98000,0.91671,0.08118,0.00003,0.00111,0.00097
24.41000,1.98000,0.82174,0.17371,0.00003,0.00313,0.00140
24.61000,1.98000,0.77206,0.22281,0.00003,0.00371,0.00139
24.81000,1.98000,0.82002,0.17557,0.00003,0.00305,0.00133
25.01000,1.98000,0.98124,0.01637,0.00004,0.00176,0.00059
25.21000,1.98000,0.98169,0.01528,0.00003,0.00270,0.00031
25.41000,1.98000,0.99721,0.00205,0.00003,0.00061,0.00009
25.61000,1.98000,0.99602,0.00314,0.00005,0.00076,0.00004
25.81000,1.98000,0.99365,0.00197,0.00006,0.00421,0.00011
26.01000,1.98000,0.99521,0.00060,0.00016,0.00392,0.00011
26.21000,1.98000,0.99274,0.00057,0.00060,0.00596,0.00013
26.41000,1.98000,0.99041,0.00076,0.00069,0.00797,0.00017
26.61000,1.98000,0.99281,0.00163,0.00031,0.00510,0.00015
26.81000,1.98000,0.99659,0.00109,0.00035,0.00191,0.00006
27.01000,1.98000,0.99515,0.00337,0.00035,0.00103,0.00010
27.21000,1.98000,0.99033,0.00837,0.00022,0.00092,0.00015
27.41000,1.98000,0.98287,0.01600,0.00011,0.00078,0.00024
27.61000,1.98000,0.94002,0.05677,0.00012,0.00209,0.00100
27.81000,1.98000,0.88213,0.11607,0.00007,0.00070,0.00104
28.01000,1.98000,0.66673,0.33167,0.00002,0.00084,0.00074
28.21000,1.98000,0.54463,0.45483,0.00000,0.00025,0.00029
28.41000,1.98000,0.45810,0.54128,0.00000,0.00037,0.00025
28.61000,1.98000,0.58810,0.41132,0.00001,0.00035,0.00022
28.81000,1.98000,0.61929,0.38007,0.00000,0.00045,0.00018
29.01000,1.98000,0.83887,0.16047,0.00001,0.00053,0.00012
29.21000,1.98000,0.95883,0.04048,0.00001,0.00057,0.00011
29.41000,1.98000,0.98014,0.01947,0.00002,0.00032,0.00005
29.61000,1.98000,0.98911,0.00953,0.00002,0.00122,0.00012
29.81000,1.98000,0.99296,0.00471,0.00005,0.00219,0.00009
30.01000,1.98000,0.99602,0.00141,0.00009,0.00239,0.00009
30.21000,1.98000,0.99411,0.00069,0.00048,0.00455,0.00017
30.41000,1.98000,0.99716,0.00020,0.00035,0.00211,0.00018
30.61000,1.98000,0.99710,0.00016,0.00052,0.00189,0.00034
30.81000,1.98000,0.99828,0.00007,0.00025,0.00120,0.00020
31.01000,1.98000,0.99812,0.00009,0.00033,0.00119,0.00028
31.21000,1.98000,0.99854,0.00006,0.00024,0.00095,0.00021
31.41000,1.98000,0.99844,0.00007,0.00027,0.00098,0.00024
31.61000,1.98000,0.99837,0.00007,0.00028,0.00103,0.00025
31.81000,1.98000,0.99817,0.00008,0.00032,0.00114,0.00028
32.01000,1.98000,0.99811,0.00008,0.00034,0.00117,0.00029
32.21000,1.98000,0.99807,0.00009,0.00035,0.00121,0.00029
32.41000,1.98000,0.99812,0.00009,0.00033,0.00118,0.00029
32.61000,1.98000,0.99795,0.00009,0.00037,0.00126,0.00032
32.81000,1.98000,0.99793,0.00009,0.00038,0.00127,0.00033
33.01000,1.98000,0.99793,0.00009,0.00037,0.00128,0.00032
33.21000,1.98000,0.99793,0.00010,0.00038,0.00128,0.00031
33.41000,1.98000,0.99785,0.00009,0.00039,0.00134,0.00032
33.61000,1.98000,0.99795,0.00010,0.00038,0.00127,0.00031
33.81000,1.98000,0.99921,0.00014,0.00015,0.00042,0.00009
34.01000,1.98000,0.99959,0.00016,0.00013,0.00007,0.00004
34.21000,1.98000,0.99903,0.00052,0.00027,0.00008,0.00009
34.41000,1.98000,0.99419,0.00450,0.00032,0.00050,0.00049
34.61000,1.98000,0.97492,0.01883,0.00077,0.00317,0.00231
34.81000,1.98000,0.96735,0.02768,0.00049,0.00205,0.00244
35.01000,1.98000,0.95276,0.03904,0.00041,0.00397,0.00383
35.21000,1.98000,0.84212,0.15119,0.00029,0.00178,0.00461
35.41000,1.98000,0.65613,0.33906,0.00025,0.00152,0.00305
35.61000,1.98000,0.42366,0.57422,0.00005,0.00062,0.00145
35.81000,1.98000,0.63358,0.36264,0.00004,0.00184,0.00190
36.01000,1.98000,0.61531,0.38222,0.00001,0.00154,0.00092
36.21000,1.98000,0.52782,0.45999,0.00002,0.01050,0.00166
36.41000,1.98000,0.79228,0.19736,0.00004,0.00884,0.00149
36.61000,1.98000,0.81637,0.16868,0.00004,0.01366,0.00126
36.81000,1.98000,0.95220,0.04552,0.00003,0.00202,0.00023
37.01000,1.98000,0.98442,0.01404,0.00004,0.00136,0.00014
37.21000,1.98000,0.99653,0.00239,0.00002,0.00100,0.00006
37.41000,1.98000,0.98979,0.00257,0.00008,0.00729,0.00028
37.61000,1.98000,0.99539,0.00062,0.00014,0.00369,0.00016
37.81000,1.98000,0.99479,0.00024,0.00053,0.00424,0.00021
38.01000,1.98000,0.99669,0.00013,0.00054,0.00240,0.00024
38.21000,1.98000,0.99748,0.00010,0.00043,0.00168,0.00031
38.41000,1.98000,0.99767,0.00009,0.00041,0.00154,0.00029
38.61000,1.98000,0.99772,0.00009,0.00039,0.00153,0.00028
38.81000,1.98000,0.99792,0.00008,0.00036,0.00141,0.00024
39.01000,1.98000,0.99805,0.00008,0.00032,0.00132,0.00024
39.21000,1.98000,0.99975,0.00008,0.00008,0.00007,0.00002
39.41000,1.98000,0.99954,0.00020,0.00014,0.00007,0.00006
39.61000,1.98000,0.99943,0.00038,0.00008,0.00004,0.00007
39.81000,1.98000,0.99731,0.00244,0.00010,0.00006,0.00009
40.01000,1.98000,0.99082,0.00888,0.00004,0.00010,0.00017
40.21000,1.98000,0.95527,0.04426,0.00008,0.00027,0.00012
40.41000,1.98000,0.94220,0.05649,0.00016,0.00071,0.00045
40.61000,1.98000,0.93313,0.06607,0.00012,0.00042,0.00026
40.81000,1.98000,0.94074,0.05792,0.00015,0.00067,0.00052
41.01000,1.98000,0.95469,0.04478,0.00009,0.00023,0.00020
41.21000,1.98000,0.99471,0.00485,0.00008,0.00025,0.00011
41.41000,1.98000,0.99838,0.00126,0.00008,0.00020,0.00008
41.61000,1.98000,0.99869,0.00087,0.00009,0.00028,0.00007
41.81000,1.98000,0.99932,0.00034,0.00004,0.00025,0.00004
42.01000,1.98000,0.99956,0.00013,0.00022,0.00006,0.00004
42.21000,1.98000,0.99927,0.00045,0.00015,0.00004,0.00009
42.41000,1.98000,0.99807,0.00090,0.00027,0.00021,0.00054
42.61000,1.98000,0.99530,0.00383,0.00015,0.00022,0.00050
42.81000,1.98000,0.95634,0.03750,0.00091,0.00309,0.00216
43.01000,1.98000,0.94511,0.04920,0.00087,0.00274,0.00208
43.21000,1.98000,0.95533,0.03871,0.00095,0.00313,0.00189
43.41000,1.98000,0.94077,0.05348,0.00088,0.00296,0.00191
43.61000,1.98000,0.95969,0.03430,0.00120,0.00301,0.00180
43.81000,1.98000,0.99442,0.00416,0.00077,0.00040,0.00025
44.01000,1.98000,0.99547,0.00313,0.00048,0.00070,0.00023
44.21000,1.98000,0.99951,0.00019,0.00018,0.00009,0.00003
44.41000,1.98000,0.99812,0.00040,0.00026,0.00112,0.00009
44.61000,1.98000,0.99792,0.00026,0.00047,0.00121,0.00015
44.81000,1.98000,0.99749,0.00013,0.00046,0.00165,0.00028
45.01000,1.98000,0.99787,0.00011,0.00037,0.00137,0.00028
45.21000,1.98000,0.99787,0.00010,0.00036,0.00141,0.00026
45.41000,1.98000,0.99806,0.00010,0.00033,0.00125,0.00026
45.61000,1.98000,0.99798,0.00010,0.00035,0.00127,0.00030
45.81000,1.98000,0.99791,0.00010,0.00037,0.00129,0.00034
46.01000,1.98000,0.99807,0.00009,0.00035,0.00121,0.00029
46.21000,1.98000,0.99806,0.00009,0.00036,0.00120,0.00028
46.41000,1.98000,0.99803,0.00009,0.00036,0.00122,0.00030
46.61000,1.98000,0.99826,0.00008,0.00031,0.00105,0.00030
46.81000,1.98000,0.99833,0.00008,0.00029,0.00102,0.00029
47.01000,1.98000,0.99830,0.00008,0.00029,0.00104,0.00030
47.21000,1.98000,0.99831,0.00008,0.00029,0.00102,0.00029
47.41000,1.98000,0.99836,0.00007,0.00028,0.00101,0.00028
47.61000,1.98000,0.99840,0.00008,0.00027,0.00098,0.00027
47.81000,1.98000,0.99834,0.00008,0.00028,0.00102,0.00029
48.01000,1.98000,0.99817,0.00009,0.00032,0.00112,0.00030
48.21000,1.98000,0.99826,0.00008,0.00030,0.00105,0.00031
48.41000,1.98000,0.99848,0.00007,0.00024,0.00096,0.00024
48.61000,1.98000,0.99946,0.00011,0.00006,0.00029,0.00008
48.81000,1.98000,0.99972,0.00015,0.00006,0.00003,0.00003
49.01000,1.98000,0.99931,0.00047,0.00010,0.00005,0.00008
49.21000,1.98000,0.99866,0.00104,0.00007,0.00008,0.00015
49.41000,1.98000,0.98891,0.00786,0.00010,0.00183,0.00129
49.61000,1.98000,0.95391,0.04090,0.00014,0.00241,0.00264
49.81000,1.98000,0.89425,0.10425,0.00004,0.00072,0.00075
50.01000,1.98000,0.70912,0.28774,0.00002,0.00169,0.00144
50.21000,1.98000,0.51851,0.47732,0.00001,0.00286,0.00130
50.41000,1.98000,0.65716,0.33889,0.00001,0.00243,0.00151
50.61000,1.98000,0.93627,0.06146,0.00003,0.00154,0.00070
50.81000,1.98000,0.97669,0.01959,0.00003,0.00291,0.00079
51.01000,1.98000,0.99263,0.00621,0.00002,0.00090,0.00024
51.21000,1.98000,0.99754,0.00209,0.00002,0.00026,0.00009
51.41000,1.98000,0.99889,0.00095,0.00002,0.00011,0.00004
51.61000,1.98000,0.99872,0.00036,0.00002,0.00079,0.00011
51.81000,1.98000,0.99856,0.00015,0.00009,0.00104,0.00016
52.01000,1.98000,0.99860,0.00007,0.00018,0.00099,0.00017
52.21000,1.98000,0.99833,0.00008,0.00029,0.00099,0.00031
52.41000,1.98000,0.99833,0.00008,0.00028,0.00100,0.00032
52.61000,1.98000,0.99834,0.00008,0.00027,0.00099,0.00033
52.81000,1.98000,0.99835,0.00008,0.00027,0.00098,0.00033
53.01000,1.98000,0.99834,0.00008,0.00027,0.00100,0.00032
53.21000,1.98000,0.99862,0.00007,0.00021,0.00084,0.00025
53.41000,1.98000,0.99916,0.00007,0.00012,0.00046,0.00018
53.61000,1.98000,0.99972,0.00005,0.00017,0.00002,0.00004
53.81000,1.98000,0.99947,0.00017,0.00019,0.00004,0.00012
54.01000,1.98000,0.99742,0.00070,0.00025,0.00046,0.00117
54.21000,1.98000,0.98538,0.00569,0.00029,0.00356,0.00509
54.41000,1.98000,0.97452,0.02082,0.00017,0.00158,0.00291
54.61000,1.98000,0.96036,0.03600,0.00005,0.00187,0.00172
54.81000,1.98000,0.80952,0.16939,0.00011,0.01293,0.00805
55.01000,1.98000,0.73551,0.23907,0.00010,0.01888,0.00643
55.21000,1.98000,0.91163,0.07857,0.00012,0.00639,0.00329
55.41000,1.98000,0.97224,0.02304,0.00005,0.00400,0.00066
55.61000,1.98000,0.97952,0.01246,0.00003,0.00721,0.00078
55.81000,1.98000,0.99785,0.00124,0.00003,0.00080,0.00009
56.01000,1.98000,0.99783,0.00130,0.00004,0.00074,0.00009
56.21000,1.98000,0.99824,0.00066,0.00004,0.00098,0.00008
56.41000,1.98000,0.99815,0.00017,0.00011,0.00147,0.00009
56.61000,1.98000,0.99803,0.00010,0.00024,0.00151,0.00012
56.81000,1.98000,0.99855,0.00006,0.00028,0.00097,0.00014
57.01000,1.98000,0.99875,0.00005,0.00023,0.00085,0.00012
57.21000,1.98000,0.99876,0.00005,0.00022,0.00085,0.00012
57.41000,1.98000,0.99902,0.00005,0.00016,0.00069,0.00008
57.61000,1.98000,0.99982,0.00008,0.00003,0.00006,0.00001
57.81000,1.98000,0.99960,0.00026,0.00006,0.00005,0.00003
58.01000,1.98000,0.99961,0.00032,0.00003,0.00001,0.00002
58.21000,1.98000,0.99493,0.00479,0.00008,0.00009,0.00011
58.41000,1.98000,0.99142,0.00843,0.00003,0.00004,0.00007
58.61000,1.98000,0.93802,0.06183,0.00002,0.00006,0.00008
58.81000,1.98000,0.82675,0.17311,0.00001,0.00007,0.00006
59.01000,1.98000,0.54487,0.45478,0.00001,0.00019,0.00015
59.21000,1.98000,0.57406,0.42549,0.00001,0.00026,0.00018
59.41000,1.98000,0.87270,0.12714,0.00001,0.00009,0.00006
59.61000,1.98000,0.96225,0.03729,0.00002,0.00032,0.00010
59.81000,1.98000,0.98601,0.01369,0.00002,0.00025,0.00003
60.01000,1.98000,0.98968,0.00997,0.00001,0.00028,0.00005
60.21000,1.98000,0.96147,0.03449,0.00003,0.00387,0.00014
60.41000,1.98000,0.98507,0.01241,0.00004,0.00240,0.00007
60.61000,1.98000,0.98531,0.00623,0.00025,0.00794,0.00026
60.81000,1.98000,0.99302,0.00261,0.00044,0.00372,0.00021
61.01000,1.98000,0.98894,0.00291,0.00079,0.00696,0.00040
61.21000,1.98000,0.99451,0.00200,0.00048,0.00275,0.00026
61.41000,1.98000,0.99134,0.00330,0.00074,0.00418,0.00043
61.61000,1.98000,0.99523,0.00222,0.00058,0.00166,0.00030
61.81000,1.98000,0.99613,0.00158,0.00051,0.00144,0.00034
62.01000,1.98000,0.99684,0.00044,0.00048,0.00197,0.00027
62.21000,1.98000,0.99598,0.00022,0.00061,0.00275,0.00044
62.41000,1.98000,0.99586,0.00025,0.00075,0.00249,0.00066
62.61000,1.98000,0.99694,0.00018,0.00055,0.00182,0.00050
62.81000,1.98000,0.99843,0.00014,0.00029,0.00086,0.00029
63.01000,1.98000,0.99943,0.00014,0.00024,0.00011,0.00009
63.21000,1.98000,0.99827,0.00039,0.00076,0.00018,0.00039
63.41000,1.98000,0.99916,0.00030,0.00029,0.00004,0.00021
63.61000,1.98000,0.98923,0.00437,0.00065,0.00241,0.00333
63.81000,1.98000,0.97838,0.01477,0.00086,0.00125,0.00474
64.01000,1.98000,0.92884,0.06567,0.00027,0.00238,0.00284
64.21000,1.98000,0.84598,0.15256,0.00009,0.00059,0.00078
64.41000,1.98000,0.63052,0.36478,0.00008,0.00334,0.00128
64.61000,1.98000,0.41902,0.57697,0.00012,0.00260,0.00128
64.81000,1.98000,0.86901,0.12795,0.00021,0.00210,0.00073
65.01000,1.98000,0.91168,0.08599,0.00010,0.00183,0.00040
65.21000,1.98000,0.99122,0.00757,0.00004,0.00103,0.00014
65.41000,1.98000,0.99343,0.00622,0.00005,0.00026,0.00004
65.61000,1.98000,0.99760,0.00209,0.00004,0.00024,0.00003
65.81000,1.98000,0.99748,0.00134,0.00006,0.00108,0.00004
66.01000,1.98000,0.99602,0.00052,0.00027,0.00303,0.00016
66.21000,1.98000,0.99555,0.00026,0.00072,0.00321,0.00026
66.41000,1.98000,0.99676,0.00016,0.00059,0.00213,0.00036
66.61000,1.98000,0.99663,0.00016,0.00058,0.00221,0.00042
66.81000,1.98000,0.99744,0.00012,0.00042,0.00165,0.00037
67.01000,1.98000,0.99841,0.00020,0.00017,0.00103,0.00019
67.21000,1.98000,0.99985,0.00009,0.00004,0.00001,0.00001
67.41000,1.98000,0.99970,0.00020,0.00005,0.00002,0.00003
67.61000,1.98000,0.99808,0.00138,0.00007,0.00022,0.00025
67.81000,1.98000,0.99136,0.00615,0.00009,0.00112,0.00128
68.01000,1.98000,0.98258,0.01635,0.00006,0.00030,0.00071
68.21000,1.98000,0.95597,0.04304,0.00002,0.00036,0.00061
68.41000,1.98000,0.83081,0.16787,0.00001,0.00064,0.00067
68.61000,1.98000,0.74905,0.24595,0.00002,0.00323,0.00176
68.81000,1.98000,0.78134,0.21656,0.00002,0.00122,0.00087
69.01000,1.98000,0.97147,0.02666,0.00005,0.00117,0.00065
69.21000,1.98000,0.98450,0.01445,0.00002,0.00073,0.00029
69.41000,1.98000,0.99498,0.00445,0.00003,0.00038,0.00015
69.61000,1.98000,0.99748,0.00221,0.00003,0.00020,0.00008
69.81000,1.98000,0.99864,0.00068,0.00003,0.00055,0.00010
70.01000,1.98000,0.99777,0.00050,0.00006,0.00146,0.00020
70.21000,1.98000,0.99728,0.00014,0.00026,0.00196,0.00037
70.41000,1.98000,0.99768,0.00012,0.00040,0.00144,0.00036
70.61000,1.98000,0.99743,0.00013,0.00046,0.00154,0.00044
70.81000,1.98000,0.99830,0.00011,0.00029,0.00104,0.00025
71.01000,1.98000,0.99956,0.00011,0.00006,0.00021,0.00006
71.21000,1.98000,0.99968,0.00014,0.00010,0.00003,0.00005
71.41000,1.98000,0.99818,0.00113,0.00012,0.00024,0.00033
71.61000,1.98000,0.99707,0.00183,0.00008,0.00043,0.00060
71.81000,1.98000,0.97579,0.01946,0.00017,0.00197,0.00261
72.01000,1.98000,0.96916,0.02907,0.00005,0.00056,0.00115
72.21000,1.98000,0.89511,0.10364,0.00001,0.00072,0.00051
72.41000,1.98000,0.77451,0.21883,0.00003,0.00419,0.00244
72.61000,1.98000,0.56763,0.42083,0.00004,0.00875,0.00275
72.81000,1.98000,0.83433,0.16025,0.00007,0.00340,0.00195
73.01000,1.98000,0.95820,0.03858,0.00007,0.00254,0.00061
73.21000,1.98000,0.98850,0.00851,0.00007,0.00234,0.00058
73.41000,1.98000,0.99292,0.00503,0.00007,0.00170,0.00028
73.61000,1.98000,0.99812,0.00126,0.00007,0.00046,0.00009
73.81000,1.98000,0.99486,0.00125,0.00010,0.00352,0.00028
74.01000,1.98000,0.99548,0.00043,0.00031,0.00350,0.00028
74.21000,1.98000,0.99631,0.00018,0.00090,0.00238,0.00024
74.41000,1.98000,0.99693,0.00013,0.00060,0.00204,0.00031
74.61000,1.98000,0.99757,0.00010,0.00048,0.00160,0.00025
74.81000,1.98000,0.99795,0.00009,0.00038,0.00135,0.00022
75.01000,1.98000,0.99823,0.00008,0.00032,0.00120,0.00018
75.21000,1.98000,0.99827,0.00007,0.00031,0.00114,0.00021
75.41000,1.98000,0.99902,0.00005,0.00018,0.00065,0.00010
75.61000,1.98000,0.99947,0.00017,0.00007,0.00024,0.00005
75.81000,1.98000,0.99969,0.00018,0.00008,0.00003,0.00002
76.01000,1.98000,0.99929,0.00059,0.00007,0.00001,0.00004
76.21000,1.98000,0.99724,0.00246,0.00008,0.00006,0.00015
76.41000,1.98000,0.98691,0.01243,0.00009,0.00019,0.00038
76.61000,1.98000,0.94778,0.05189,0.00003,0.00013,0.00017
76.81000,1.98000,0.83904,0.16056,0.00001,0.00017,0.00021
77.01000,1.98000,0.57801,0.42140,0.00001,0.00040,0.00017
77.21000,1.98000,0.52688,0.47222,0.00001,0.00061,0.00028
77.41000,1.98000,0.78758,0.21190,0.00002,0.00035,0.00016
77.61000,1.98000,0.96088,0.03857,0.00003,0.00037,0.00015
77.81000,1.98000,0.98701,0.01254,0.00001,0.00038,0.00005
78.01000,1.98000,0.99425,0.00516,0.00002,0.00051,0.00006
78.21000,1.98000,0.99672,0.00229,0.00002,0.00091,0.00006
78.41000,1.98000,0.99742,0.00110,0.00004,0.00136,0.00008
78.61000,1.98000,0.99740,0.00034,0.00013,0.00202,0.00011
78.81000,1.98000,0.99735,0.00015,0.00039,0.00188,0.00023
79.01000,1.98000,0.99784,0.00011,0.00040,0.00137,0.00027
79.21000,1.98000,0.99810,0.00009,0.00034,0.00117,0.00030
79.41000,1.98000,0.99810,0.00009,0.00033,0.00117,0.00032
79.61000,1.98000,0.99835,0.00007,0.00028,0.00101,0.00029
79.81000,1.98000,0.99838,0.00007,0.00027,0.00099,0.00028
80.01000,1.98000,0.99839,0.00007,0.00027,0.00099,0.00028
80.21000,1.98000,0.99843,0.00007,0.00027,0.00097,0.00027
80.41000,1.98000,0.99964,0.00009,0.00006,0.00015,0.00005
80.61000,1.98000,0.99979,0.00008,0.00009,0.00002,0.00002
80.81000,1.98000,0.99934,0.00040,0.00009,0.00005,0.00012
81.01000,1.98000,0.99731,0.00158,0.00010,0.00043,0.00059
81.21000,1.98000,0.99399,0.00524,0.00009,0.00017,0.00052
81.41000,1.98000,0.97542,0.02383,0.00006,0.00017,0.00052
81.61000,1.98000,0.92440,0.07519,0.00002,0.00013,0.00025
81.81000,1.98000,0.73669,0.26235,0.00003,0.00053,0.00041
82.01000,1.98000,0.63289,0.36602,0.00003,0.00059,0.00046
82.21000,1.98000,0.71276,0.28621,0.00004,0.00056,0.00043
82.41000,1.98000,0.96582,0.03371,0.00005,0.00028,0.00014
82.61000,1.98000,0.98544,0.01412,0.00004,0.00030,0.00010
82.81000,1.98000,0.99554,0.00429,0.00004,0.00010,0.00003
83.01000,1.98000,0.99728,0.00238,0.00006,0.00024,0.00005
83.21000,1.98000,0.99828,0.00080,0.00004,0.00079,0.00009
83.41000,1.98000,0.99827,0.00036,0.00015,0.00111,0.00011
83.61000,1.98000,0.99806,0.00015,0.00039,0.00121,0.00019
83.81000,1.98000,0.99780,0.00011,0.00039,0.00128,0.00042
84.01000,1.98000,0.99829,0.00009,0.00028,0.00100,0.00035
84.21000,1.98000,0.99834,0.00008,0.00027,0.00095,0.00037
84.41000,1.98000,0.99844,0.00007,0.00024,0.00088,0.00036
84.61000,1.98000,0.99854,0.00007,0.00023,0.00083,0.00033
84.81000,1.98000,0.99844,0.00007,0.00024,0.00089,0.00036
85.01000,1.98000,0.99838,0.00008,0.00026,0.00092,0.00037
85.21000,1.98000,0.99837,0.00008,0.00025,0.00092,0.00038
85.41000,1.98000,0.99832,0.00008,0.00027,0.00095,0.00038
85.61000,1.98000,0.99947,0.00007,0.00009,0.00025,0.00012
85.81000,1.98000,0.99896,0.00031,0.00008,0.00049,0.00016
86.01000,1.98000,0.99940,0.00034,0.00010,0.00009,0.00006
86.21000,1.98000,0.99904,0.00080,0.00007,0.00003,0.00006
86.41000,1.98000,0.99328,0.00566,0.00011,0.00041,0.00054
86.61000,1.98000,0.96952,0.02524,0.00016,0.00363,0.00145
86.81000,1.98000,0.92451,0.07215,0.00011,0.00213,0.00110
87.01000,1.98000,0.82202,0.17549,0.00007,0.00092,0.00151
87.21000,1.98000,0.68723,0.31119,0.00002,0.00056,0.00100
87.41000,1.98000,0.48567,0.51363,0.00000,0.00028,0.00041
87.61000,1.98000,0.47224,0.52650,0.00001,0.00067,0.00057
87.81000,1.98000,0.83688,0.16167,0.00002,0.00089,0.00054
88.01000,1.98000,0.92712,0.07136,0.00002,0.00097,0.00053
88.21000,1.98000,0.97262,0.02625,0.00001,0.00081,0.00030
88.41000,1.98000,0.99262,0.00677,0.00002,0.00041,0.00018
88.61000,1.98000,0.99620,0.00306,0.00002,0.00050,0.00021
88.81000,1.98000,0.99719,0.00162,0.00003,0.00088,0.00028
89.01000,1.98000,0.99673,0.00093,0.00005,0.00203,0.00026
89.21000,1.98000,0.99758,0.00036,0.00016,0.00167,0.00023
89.41000,1.98000,0.99822,0.00011,0.00026,0.00125,0.00016
89.61000,1.98000,0.99778,0.00010,0.00037,0.00138,0.00037
89.81000,1.98000,0.99771,0.00011,0.00037,0.00147,0.00034
90.01000,1.98000,0.99817,0.00009,0.00030,0.00119,0.00026
90.21000,1.98000,0.99815,0.00009,0.00028,0.00123,0.00025
90.41000,1.98000,0.99824,0.00010,0.00027,0.00117,0.00022
90.61000,1.98000,0.99837,0.00012,0.00022,0.00113,0.00017
90.81000,1.98000,0.99786,0.00022,0.00016,0.00159,0.00016
91.01000,1.98000,0.99767,0.00024,0.00017,0.00173,0.00019
91.21000,1.98000,0.99987,0.00007,0.00003,0.00003,0.00001
91.41000,1.98000,0.99986,0.00009,0.00003,0.00001,0.00001
91.61000,1.98000,0.99931,0.00052,0.00005,0.00005,0.00007
91.81000,1.98000,0.99633,0.00315,0.00008,0.00017,0.00027
92.01000,1.98000,0.99346,0.00638,0.00002,0.00005,0.00009
92.21000,1.98000,0.96090,0.03829,0.00002,0.00049,0.00030
92.41000,1.98000,0.89551,0.10216,0.00006,0.00160,0.00066
92.61000,1.98000,0.89664,0.09841,0.00011,0.00360,0.00123
92.81000,1.98000,0.92119,0.07632,0.00009,0.00165,0.00075
93.01000,1.98000,0.93569,0.06039,0.00015,0.00279,0.00098
93.21000,1.98000,0.99381,0.00558,0.00006,0.00043,0.00013
93.41000,1.98000,0.99702,0.00209,0.00008,0.00071,0.00011
93.61000,1.98000,0.99907,0.00061,0.00006,0.00023,0.00003
93.81000,1.98000,0.99509,0.00097,0.00013,0.00362,0.00020
94.01000,1.98000,0.99482,0.00040,0.00033,0.00416,0.00028
94.21000,1.98000,0.99600,0.00026,0.00055,0.00278,0.00041
94.41000,1.98000,0.99776,0.00013,0.00031,0.00150,0.00030
94.61000,1.98000,0.99788,0.00012,0.00029,0.00138,0.00033
94.81000,1.98000,0.99804,0.00008,0.00030,0.00116,0.00041
95.01000,1.98000,0.99811,0.00008,0.00032,0.00109,0.00039
95.21000,1.98000,0.99812,0.00009,0.00031,0.00107,0.00042
95.41000,1.98000,0.99809,0.00009,0.00030,0.00108,0.00044
95.61000,1.98000,0.99825,0.00009,0.00028,0.00100,0.00039
95.81000,1.98000,0.99855,0.00008,0.00022,0.00085,0.00031
96.01000,1.98000,0.99969,0.00007,0.00004,0.00015,0.00006
96.21000,1.98000,0.99987,0.00005,0.00007,0.00001,0.00001
96.41000,1.98000,0.99914,0.00055,0.00011,0.00004,0.00016
96.61000,1.98000,0.99943,0.00029,0.00007,0.00004,0.00017
96.81000,1.98000,0.99528,0.00423,0.00007,0.00010,0.00031
97.01000,1.98000,0.98665,0.01303,0.00002,0.00012,0.00018
97.21000,1.98000,0.92859,0.06937,0.00005,0.00115,0.00085
97.41000,1.98000,0.84424,0.15237,0.00008,0.00248,0.00083
97.61000,1.98000,0.79993,0.19430,0.00013,0.00429,0.00135
97.81000,1.98000,0.83862,0.15810,0.00013,0.00237,0.00078
98.01000,1.98000,0.98704,0.01066,0.00026,0.00169,0.00036
98.21000,1.98000,0.99369,0.00488,0.00012,0.00114,0.00016
98.41000,1.98000,0.99714,0.00135,0.00014,0.00125,0.00012
98.61000,1.98000,0.99891,0.00041,0.00005,0.00059,0.00004
98.81000,1.98000,0.99523,0.00052,0.00033,0.00367,0.00025
99.01000,1.98000,0.99727,0.00022,0.00046,0.00193,0.00013
99.21000,1.98000,0.99686,0.00017,0.00078,0.00192,0.00027
99.41000,1.98000,0.99731,0.00011,0.00057,0.00167,0.00033
99.61000,1.98000,0.99798,0.00008,0.00039,0.00126,0.00028
99.81000,1.98000,0.99817,0.00008,0.00035,0.00114,0.00027
100.01000,1.98000,0.99829,0.00007,0.00031,0.00108,0.00025
100.21000,1.98000,0.99851,0.00006,0.00026,0.00095,0.00021
100.41000,1.98000,0.99837,0.00007,0.00028,0.00105,0.00024
100.61000,1.98000,0.99832,0.00007,0.00029,0.00107,0.00025
100.81000,1.98000,0.99931,0.00008,0.00011,0.00040,0.00010
101.01000,1.98000,0.99980,0.00012,0.00004,0.00003,0.00001
101.21000,1.98000,0.99980,0.00015,0.00004,0.00000,0.00001
101.41000,1.98000,0.99895,0.00087,0.00005,0.00005,0.00008
101.61000,1.98000,0.99246,0.00616,0.00015,0.00044,0.00079
101.81000,1.98000,0.97940,0.01958,0.00005,0.00034,0.00063
102.01000,1.98000,0.92134,0.07729,0.00005,0.00055,0.00077
102.21000,1.98000,0.78259,0.21404,0.00007,0.00251,0.00080
102.41000,1.98000,0.63256,0.36313,0.00008,0.00336,0.00086
102.61000,1.98000,0.64881,0.34588,0.00011,0.00415,0.00104
102.81000,1.98000,0.89999,0.09637,0.00024,0.00276,0.00065
103.01000,1.98000,0.99027,0.00744,0.00014,0.00179,0.00035
103.21000,1.98000,0.99254,0.00355,0.00015,0.00345,0.00031
103.41000,1.98000,0.99787,0.00097,0.00014,0.00092,0.00010
103.61000,1.98000,0.99599,0.00105,0.00015,0.00268,0.00013
103.81000,1.98000,0.99517,0.00030,0.00028,0.00414,0.00011
104.01000,1.98000,0.99645,0.00020,0.00025,0.00298,0.00012
104.21000,1.98000,0.99543,0.00015,0.00025,0.00396,0.00020
104.41000,1.98000,0.99486,0.00015,0.00027,0.00441,0.00031
104.61000,1.98000,0.99530,0.00014,0.00024,0.00400,0.00032
104.81000,1.98000,0.99373,0.00020,0.00034,0.00527,0.00046
105.01000,1.98000,0.99455,0.00021,0.00027,0.00460,0.00037
105.21000,1.98000,0.99305,0.00030,0.00030,0.00595,0.00039
105.41000,1.98000,0.99385,0.00028,0.00027,0.00525,0.00035
105.61000,1.98000,0.99902,0.00020,0.00005,0.00067,0.00005
105.81000,1.98000,0.99956,0.00024,0.00011,0.00007,0.00003
106.01000,1.98000,0.99947,0.00036,0.00009,0.00003,0.00005
106.21000,1.98000,0.99592,0.00273,0.00023,0.00054,0.00057
106.41000,1.98000,0.98857,0.01058,0.00017,0.00032,0.00037
106.61000,1.98000,0.97121,0.02830,0.00004,0.00023,0.00022
106.81000,1.98000,0.81416,0.18290,0.00009,0.00219,0.00066
107.01000,1.98000,0.73677,0.25634,0.00013,0.00572,0.00105
107.21000,1.98000,0.72799,0.26626,0.00017,0.00445,0.00113
107.41000,1.98000,0.73564,0.25695,0.00015,0.00623,0.00103
107.61000,1.98000,0.97458,0.02359,0.00021,0.00140,0.00021
107.81000,1.98000,0.99230,0.00529,0.00014,0.00209,0.00018
108.01000,1.98000,0.99723,0.00213,0.00010,0.00049,0.00004
108.21000,1.98000,0.99639,0.00209,0.00013,0.00132,0.00008
108.41000,1.98000,0.99633,0.00075,0.00021,0.00259,0.00012
108.61000,1.98000,0.99671,0.00031,0.00042,0.00242,0.00014
108.81000,1.98000,0.99683,0.00021,0.00052,0.00213,0.00031
109.01000,1.98000,0.99795,0.00012,0.00031,0.00135,0.00026
109.21000,1.98000,0.99820,0.00011,0.00025,0.00118,0.00026
109.41000,1.98000,0.99855,0.00008,0.00020,0.00093,0.00024
109.61000,1.98000,0.99830,0.00010,0.00023,0.00106,0.00031
109.81000,1.98000,0.99836,0.00009,0.00024,0.00097,0.00035
110.01000,1.98000,0.99944,0.00006,0.00009,0.00029,0.00012
110.21000,1.98000,0.99977,0.00014,0.00004,0.00003,0.00003
110.41000,1.98000,0.99966,0.00026,0.00004,0.00001,0.00003
110.61000,1.98000,0.99892,0.00088,0.00003,0.00005,0.00012
110.81000,1.98000,0.99658,0.00293,0.00004,0.00015,0.00030
111.01000,1.98000,0.98471,0.01486,0.00003,0.00011,0.00029
111.21000,1.98000,0.95040,0.04887,0.00002,0.00024,0.00047
111.41000,1.98000,0.83595,0.16259,0.00001,0.00065,0.00079
111.61000,1.98000,0.65676,0.34125,0.00001,0.00124,0.00075
111.81000,1.98000,0.55654,0.44071,0.00002,0.00191,0.00083
112.01000,1.98000,0.86747,0.13074,0.00005,0.00119,0.00056
112.21000,1.98000,0.94576,0.05226,0.00005,0.00152,0.00041
112.41000,1.98000,0.98729,0.01082,0.00008,0.00158,0.00024
112.61000,1.98000,0.99094,0.00704,0.00008,0.00174,0.00021
112.81000,1.98000,0.99288,0.00329,0.00005,0.00361,0.00017
113.01000,1.98000,0.99003,0.00143,0.00008,0.00828,0.00018
113.21000,1.98000,0.98750,0.00068,0.00009,0.01158,0.00015
113.41000,1.98000,0.98211,0.00055,0.00018,0.01699,0.00017
113.61000,1.98000,0.98107,0.00024,0.00015,0.01827,0.00027
113.81000,1.98000,0.98339,0.00026,0.00010,0.01606,0.00019
114.01000,1.98000,0.99840,0.00032,0.00005,0.00115,0.00007
114.21000,1.98000,0.99908,0.00059,0.00003,0.00026,0.00005
114.41000,1.98000,0.99846,0.00077,0.00003,0.00060,0.00014
114.61000,1.98000,0.99381,0.00333,0.00004,0.00223,0.00060
114.81000,1.98000,0.98431,0.01190,0.00004,0.00285,0.00090
115.01000,1.98000,0.96146,0.03493,0.00003,0.00251,0.00106
115.21000,1.98000,0.87927,0.11923,0.00003,0.00062,0.00084
115.41000,1.98000,0.72574,0.27113,0.00006,0.00262,0.00044
115.61000,1.98000,0.56597,0.43078,0.00007,0.00267,0.00050
115.81000,1.98000,0.94647,0.05209,0.00012,0.00116,0.00016
116.01000,1.98000,0.93817,0.05988,0.00009,0.00171,0.00015
116.21000,1.98000,0.98788,0.01056,0.00010,0.00142,0.00005
116.41000,1.98000,0.99287,0.00584,0.00015,0.00110,0.00004
116.61000,1.98000,0.99572,0.00241,0.00012,0.00172,0.00003
116.81000,1.98000,0.99552,0.00210,0.00025,0.00209,0.00004
117.01000,1.98000,0.99760,0.00044,0.00062,0.00132,0.00002
117.21000,1.98000,0.99682,0.00023,0.00075,0.00214,0.00006
117.41000,1.98000,0.99583,0.00020,0.00095,0.00275,0.00027
117.61000,1.98000,0.99658,0.00020,0.00054,0.00241,0.00026
117.81000,1.98000,0.99729,0.00016,0.00044,0.00193,0.00018
118.01000,1.98000,0.99859,0.00016,0.00017,0.00098,0.00009
118.21000,1.98000,0.99856,0.00041,0.00011,0.00084,0.00007
118.41000,1.98000,0.99867,0.00067,0.00016,0.00042,0.00008
118.61000,1.98000,0.99867,0.00103,0.00009,0.00013,0.00008
118.81000,1.98000,0.99552,0.00384,0.00009,0.00034,0.00019
119.01000,1.98000,0.99166,0.00687,0.00007,0.00083,0.00057
119.21000,1.98000,0.97105,0.02296,0.00010,0.00333,0.00256
119.41000,1.98000,0.79161,0.19441,0.00010,0.00870,0.00519
119.61000,1.98000,0.58492,0.40667,0.00004,0.00446,0.00391
119.81000,1.98000,0.40536,0.59164,0.00001,0.00146,0.00152
120.01000,1.98000,0.55194,0.44661,0.00000,0.00070,0.00074
120.21000,1.98000,0.40133,0.59423,0.00001,0.00342,0.00101
120.41000,1.98000,0.51795,0.47084,0.00001,0.00958,0.00162
120.61000,1.98000,0.72979,0.26066,0.00002,0.00851,0.00101
120.81000,1.98000,0.94578,0.05101,0.00002,0.00291,0.00028
121.01000,1.98000,0.96491,0.03407,0.00002,0.00091,0.00008
121.21000,1.98000,0.98059,0.01700,0.00003,0.00224,0.00013
121.41000,1.98000,0.99089,0.00510,0.00005,0.00383,0.00012
121.61000,1.98000,0.99192,0.00290,0.00021,0.00478,0.00020
121.81000,1.98000,0.99491,0.00065,0.00058,0.00372,0.00014
122.01000,1.98000,0.99428,0.00030,0.00091,0.00422,0.00030
122.21000,1.98000,0.99851,0.00040,0.00012,0.00087,0.00009
122.41000,1.98000,0.99715,0.00153,0.00012,0.00106,0.00014
122.61000,1.98000,0.99830,0.00135,0.00014,0.00015,0.00006
122.81000,1.98000,0.99835,0.00130,0.00017,0.00008,0.00010
123.01000,1.98000,0.98415,0.01463,0.00025,0.00040,0.00057
123.21000,1.98000,0.97046,0.02901,0.00014,0.00012,0.00028
123.41000,1.98000,0.96033,0.03904,0.00009,0.00013,0.00042
123.61000,1.98000,0.85437,0.14428,0.00008,0.00039,0.00087
123.81000,1.98000,0.72111,0.27756,0.00005,0.00031,0.00098
124.01000,1.98000,0.49508,0.50388,0.00004,0.00026,0.00073
124.21000,1.98000,0.64902,0.34900,0.00005,0.00040,0.00153
124.41000,1.98000,0.55490,0.44387,0.00003,0.00044,0.00076
124.61000,1.98000,0.48509,0.51376,0.00001,0.00077,0.00037
124.81000,1.98000,0.44926,0.54748,0.00001,0.00277,0.00048
125.01000,1.98000,0.61446,0.37158,0.00001,0.01280,0.00115
125.21000,1.98000,0.80400,0.18640,0.00002,0.00929,0.00030
125.41000,1.98000,0.86186,0.12682,0.00003,0.01106,0.00024
125.61000,1.98000,0.92915,0.05792,0.00003,0.01271,0.00019
125.81000,1.98000,0.94150,0.03465,0.00005,0.02357,0.00023
126.01000,1.98000,0.97041,0.01031,0.00004,0.01915,0.00009
126.21000,1.98000,0.97628,0.01035,0.00008,0.01315,0.00014
126.41000,1.98000,0.99274,0.00381,0.00016,0.00322,0.00007
126.61000,1.98000,0.99565,0.00261,0.00026,0.00134,0.00013
126.81000,1.98000,0.99002,0.00724,0.00023,0.00206,0.00045
