Time (seconds), Duration (seconds),pred_(unlabeled),pred_On,pred_Off,pred_Dimmer,pred_Lighter
0.01000,1.98000,0.99869,0.00110,0.00005,0.00001,0.00016
0.21000,1.98000,0.99343,0.00596,0.00024,0.00000,0.00037
0.41000,1.98000,0.98723,0.01212,0.00006,0.00001,0.00058
0.61000,1.98000,0.97713,0.02234,0.00015,0.00002,0.00036
0.81000,1.98000,0.98092,0.01834,0.00016,0.00007,0.00051
1.01000,1.98000,0.96438,0.03479,0.00010,0.00004,0.00069
1.21000,1.98000,0.98599,0.01315,0.00010,0.00004,0.00073
1.41000,1.98000,0.97267,0.02591,0.00026,0.00014,0.00103
1.61000,1.98000,0.96124,0.03704,0.00035,0.00040,0.00098
1.81000,1.98000,0.94939,0.04776,0.00030,0.00114,0.00141
2.01000,1.98000,0.97249,0.02548,0.00028,0.00078,0.00096
2.21000,1.98000,0.98574,0.01310,0.00003,0.00101,0.00012
2.41000,1.98000,0.98615,0.01240,0.00002,0.00123,0.00019
2.61000,1.98000,0.99348,0.00423,0.00004,0.00208,0.00017
2.81000,1.98000,0.99839,0.00102,0.00002,0.00050,0.00007
3.01000,1.98000,0.99829,0.00147,0.00005,0.00016,0.00003
3.21000,1.98000,0.99921,0.00063,0.00003,0.00011,0.00003
3.41000,1.98000,0.99614,0.00064,0.00005,0.00312,0.00005
3.61000,1.98000,0.99174,0.00070,0.00006,0.00729,0.00021
3.81000,1.98000,0.99644,0.00055,0.00008,0.00283,0.00009
4.01000,1.98000,0.99667,0.00031,0.00023,0.00265,0.00013
4.21000,1.98000,0.99851,0.00036,0.00015,0.00093,0.00005
4.41000,1.98000,0.99825,0.00089,0.00028,0.00047,0.00011
4.61000,1.98000,0.99779,0.00167,0.00017,0.00026,0.00011
4.81000,1.98000,0.99388,0.00420,0.00030,0.00111,0.00051
5.01000,1.98000,0.99754,0.00059,0.00029,0.00107,0.00052
5.21000,1.98000,0.99592,0.00100,0.00068,0.00102,0.00138
5.41000,1.98000,0.99415,0.00156,0.00055,0.00118,0.00257
5.61000,1.98000,0.99654,0.00090,0.00053,0.00066,0.00137
5.81000,1.98000,0.99860,0.00018,0.00033,0.00042,0.00047
6.01000,1.98000,0.99740,0.00022,0.00027,0.00042,0.00169
6.21000,1.98000,0.99751,0.00020,0.00014,0.00128,0.00087
6.41000,1.98000,0.99385,0.00039,0.00010,0.00460,0.00106
6.61000,1.98000,0.98468,0.00021,0.00009,0.01395,0.00108
6.81000,1.98000,0.98167,0.00019,0.00010,0.01676,0.00128
7.01000,1.98000,0.98950,0.00014,0.00007,0.00982,0.00048
7.21000,1.98000,0.98656,0.00019,0.00009,0.01206,0.00110
7.41000,1.98000,0.99546,0.00046,0.00004,0.00358,0.00046
7.61000,1.98000,0.99849,0.00023,0.00003,0.00099,0.00027
7.81000,1.98000,0.99048,0.00175,0.00009,0.00707,0.00060
8.01000,1.98000,0.99151,0.00243,0.00009,0.00503,0.00094
8.21000,1.98000,0.99588,0.00132,0.00017,0.00200,0.00063
8.41000,1.98000,0.99658,0.00060,0.00030,0.00146,0.00105
8.61000,1.98000,0.99701,0.00242,0.00018,0.00013,0.00027
8.81000,1.98000,0.99940,0.00053,0.00004,0.00000,0.00003
9.01000,1.98000,0.99839,0.00145,0.00003,0.00001,0.00011
9.21000,1.98000,0.99163,0.00789,0.00005,0.00010,0.00033
9.41000,1.98000,0.98273,0.01562,0.00032,0.00061,0.00073
9.61000,1.98000,0.96753,0.02717,0.00038,0.00258,0.00234
9.81000,1.98000,0.98316,0.01408,0.00023,0.00147,0.00106
10.01000,1.98000,0.97359,0.01934,0.00039,0.00461,0.00207
10.21000,1.98000,0.97817,0.01857,0.00023,0.00217,0.00086
10.41000,1.98000,0.98319,0.01206,0.00041,0.00336,0.00098
10.61000,1.98000,0.98989,0.00045,0.00077,0.00780,0.00108
10.81000,1.98000,0.99810,0.00009,0.00043,0.00129,0.00010
11.01000,1.98000,0.99862,0.00017,0.00022,0.00094,0.00005
11.21000,1.98000,0.99450,0.00024,0.00047,0.00460,0.00019
11.41000,1.98000,0.99782,0.00006,0.00019,0.00183,0.00011
11.61000,1.98000,0.99635,0.00004,0.00022,0.00329,0.00010
11.81000,1.98000,0.99746,0.00002,0.00019,0.00227,0.00006
12.01000,1.98000,0.99921,0.00001,0.00022,0.00052,0.00003
12.21000,1.98000,0.99950,0.00001,0.00021,0.00026,0.00002
12.41000,1.98000,0.99947,0.00002,0.00022,0.00026,0.00002
12.61000,1.98000,0.99934,0.00004,0.00019,0.00040,0.00004
12.81000,1.98000,0.99944,0.00004,0.00016,0.00033,0.00004
13.01000,1.98000,0.99945,0.00011,0.00028,0.00009,0.00007
13.21000,1.98000,0.99925,0.00019,0.00049,0.00001,0.00005
13.41000,1.98000,0.99908,0.00017,0.00073,0.00000,0.00002
13.61000,1.98000,0.99959,0.00006,0.00035,0.00000,0.00000
13.81000,1.98000,0.99748,0.00011,0.00236,0.00000,0.00005
14.01000,1.98000,0.98800,0.00018,0.01151,0.00000,0.00031
14.21000,1.98000,0.99280,0.00008,0.00691,0.00000,0.00021
14.41000,1.98000,0.99177,0.00012,0.00703,0.00000,0.00107
14.61000,1.98000,0.99321,0.00037,0.00597,0.00000,0.00045
14.81000,1.98000,0.99389,0.00010,0.00589,0.00000,0.00011
15.01000,1.98000,0.99581,0.00009,0.00408,0.00000,0.00002
15.21000,1.98000,0.99049,0.00007,0.00936,0.00000,0.00009
15.41000,1.98000,0.99895,0.00002,0.00102,0.00000,0.00000
15.61000,1.98000,0.99728,0.00026,0.00241,0.00001,0.00003
15.81000,1.98000,0.99460,0.00490,0.00044,0.00003,0.00002
16.01000,1.98000,0.99393,0.00592,0.00012,0.00001,0.00001
16.21000,1.98000,0.98728,0.01259,0.00010,0.00001,0.00001
16.41000,1.98000,0.99301,0.00673,0.00023,0.00001,0.00001
16.61000,1.98000,0.99677,0.00316,0.00006,0.00001,0.00000
16.81000,1.98000,0.99640,0.00348,0.00005,0.00005,0.00001
17.01000,1.98000,0.99342,0.00601,0.00005,0.00042,0.00011
17.21000,1.98000,0.99399,0.00551,0.00004,0.00042,0.00005
17.41000,1.98000,0.98361,0.01254,0.00016,0.00304,0.00064
17.61000,1.98000,0.99290,0.00545,0.00021,0.00121,0.00022
17.81000,1.98000,0.99488,0.00368,0.00010,0.00076,0.00058
18.01000,1.98000,0.99959,0.00012,0.00009,0.00009,0.00011
18.21000,1.98000,0.94468,0.00118,0.00072,0.04232,0.01110
18.41000,1.98000,0.92502,0.00103,0.00085,0.07026,0.00284
18.61000,1.98000,0.77013,0.00027,0.00169,0.21587,0.01203
18.81000,1.98000,0.82304,0.00008,0.00360,0.17055,0.00272
19.01000,1.98000,0.85861,0.00011,0.00194,0.13209,0.00725
19.21000,1.98000,0.80453,0.00056,0.00120,0.18365,0.01007
19.41000,1.98000,0.79368,0.00090,0.00029,0.18238,0.02275
19.61000,1.98000,0.80850,0.00263,0.00019,0.15960,0.02908
19.81000,1.98000,0.86094,0.00071,0.00024,0.12999,0.00812
20.01000,1.98000,0.99975,0.00003,0.00003,0.00013,0.00005
20.21000,1.98000,0.99885,0.00049,0.00006,0.00041,0.00020
20.41000,1.98000,0.99235,0.00529,0.00007,0.00141,0.00088
20.61000,1.98000,0.99834,0.00130,0.00004,0.00009,0.00023
20.81000,1.98000,0.99652,0.00249,0.00004,0.00041,0.00054
21.01000,1.98000,0.99838,0.00140,0.00006,0.00011,0.00005
21.21000,1.98000,0.99800,0.00147,0.00015,0.00020,0.00018
21.41000,1.98000,0.99944,0.00042,0.00010,0.00003,0.00002
21.61000,1.98000,0.99818,0.00113,0.00019,0.00023,0.00027
21.81000,1.98000,0.99723,0.00149,0.00039,0.00035,0.00054
22.01000,1.98000,0.99852,0.00050,0.00021,0.00012,0.00066
22.21000,1.98000,0.99584,0.00150,0.00031,0.00028,0.00206
22.41000,1.98000,0.99411,0.00134,0.00054,0.00032,0.00368
22.61000,1.98000,0.99249,0.00043,0.00054,0.00106,0.00548
22.81000,1.98000,0.97731,0.00666,0.00030,0.00116,0.01457
23.01000,1.98000,0.93943,0.00741,0.00045,0.00077,0.05193
23.21000,1.98000,0.98442,0.00177,0.00009,0.00011,0.01362
23.41000,1.98000,0.99335,0.00036,0.00014,0.00002,0.00613
23.61000,1.98000,0.83448,0.00474,0.00081,0.00344,0.15652
23.81000,1.98000,0.83182,0.00158,0.00105,0.00261,0.16294
24.01000,1.98000,0.84162,0.00038,0.00138,0.00153,0.15509
24.21000,1.98000,0.80777,0.00050,0.00408,0.00089,0.18677
24.41000,1.98000,0.96547,0.00044,0.00230,0.00015,0.03165
24.61000,1.98000,0.98512,0.00053,0.00371,0.00006,0.01059
24.81000,1.98000,0.97157,0.00064,0.00589,0.00037,0.02153
25.01000,1.98000,0.93447,0.00336,0.00425,0.00145,0.05647
25.21000,1.98000,0.99029,0.00014,0.00130,0.00015,0.00812
25.41000,1.98000,0.99738,0.00128,0.00041,0.00001,0.00093
25.61000,1.98000,0.99715,0.00175,0.00022,0.00000,0.00088
25.81000,1.98000,0.98959,0.00910,0.00034,0.00001,0.00097
26.01000,1.98000,0.99424,0.00550,0.00005,0.00001,0.00020
26.21000,1.98000,0.99057,0.00911,0.00004,0.00002,0.00025
26.41000,1.98000,0.99241,0.00732,0.00002,0.00003,0.00022
26.61000,1.98000,0.99199,0.00752,0.00002,0.00004,0.00043
26.81000,1.98000,0.99510,0.00424,0.00004,0.00007,0.00055
27.01000,1.98000,0.99202,0.00494,0.00012,0.00044,0.00248
27.21000,1.98000,0.99633,0.00246,0.00005,0.00038,0.00078
27.41000,1.98000,0.99843,0.00098,0.00004,0.00025,0.00030
27.61000,1.98000,0.99641,0.00149,0.00010,0.00123,0.00078
27.81000,1.98000,0.99662,0.00131,0.00009,0.00099,0.00100
28.01000,1.98000,0.99655,0.00094,0.00006,0.00126,0.00118
28.21000,1.98000,0.99938,0.00017,0.00004,0.00012,0.00029
28.41000,1.98000,0.99940,0.00017,0.00013,0.00003,0.00027
28.61000,1.98000,0.99870,0.00052,0.00006,0.00005,0.00067
28.81000,1.98000,0.99034,0.00264,0.00006,0.00186,0.00510
29.01000,1.98000,0.97283,0.00688,0.00034,0.01040,0.00955
29.21000,1.98000,0.92521,0.00805,0.00085,0.04806,0.01784
29.41000,1.98000,0.96030,0.00848,0.00111,0.01986,0.01025
29.61000,1.98000,0.92024,0.00608,0.00278,0.05076,0.02014
29.81000,1.98000,0.94884,0.00313,0.00259,0.03222,0.01323
30.01000,1.98000,0.97192,0.00208,0.00135,0.01871,0.00594
30.21000,1.98000,0.97956,0.00042,0.00223,0.01479,0.00300
30.41000,1.98000,0.99203,0.00027,0.00105,0.00558,0.00108
30.61000,1.98000,0.99854,0.00012,0.00046,0.00076,0.00012
30.81000,1.98000,0.99211,0.00075,0.00125,0.00507,0.00081
31.01000,1.98000,0.99686,0.00058,0.00023,0.00190,0.00044
31.21000,1.98000,0.99201,0.00239,0.00026,0.00387,0.00147
31.41000,1.98000,0.99454,0.00252,0.00027,0.00195,0.00073
31.61000,1.98000,0.98750,0.00577,0.00027,0.00405,0.00241
31.81000,1.98000,0.99399,0.00308,0.00016,0.00197,0.00080
32.01000,1.98000,0.99196,0.00239,0.00018,0.00409,0.00138
32.21000,1.98000,0.99385,0.00056,0.00017,0.00470,0.00072
32.41000,1.98000,0.99370,0.00023,0.00019,0.00532,0.00056
32.61000,1.98000,0.99022,0.00009,0.00026,0.00861,0.00081
32.81000,1.98000,0.99093,0.00008,0.00043,0.00786,0.00070
33.01000,1.98000,0.98912,0.00001,0.00096,0.00876,0.00115
33.21000,1.98000,0.98932,0.00001,0.00107,0.00858,0.00102
33.41000,1.98000,0.99294,0.00000,0.00180,0.00348,0.00178
33.61000,1.98000,0.99250,0.00000,0.00717,0.00018,0.00015
33.81000,1.98000,0.97195,0.00000,0.02693,0.00028,0.00084
34.01000,1.98000,0.96498,0.00000,0.03454,0.00007,0.00041
34.21000,1.98000,0.97812,0.00000,0.02101,0.00012,0.00075
34.41000,1.98000,0.97978,0.00000,0.01965,0.00003,0.00054
34.61000,1.98000,0.99324,0.00001,0.00625,0.00001,0.00049
34.81000,1.98000,0.99444,0.00002,0.00546,0.00000,0.00007
35.01000,1.98000,0.98918,0.00025,0.00984,0.00015,0.00059
35.21000,1.98000,0.99349,0.00024,0.00614,0.00002,0.00011
35.41000,1.98000,0.99895,0.00002,0.00099,0.00002,0.00002
35.61000,1.98000,0.99218,0.00136,0.00013,0.00563,0.00071
35.81000,1.98000,0.98038,0.00541,0.00004,0.01312,0.00104
36.01000,1.98000,0.97718,0.00923,0.00002,0.01256,0.00101
36.21000,1.98000,0.96558,0.01695,0.00002,0.01634,0.00110
36.41000,1.98000,0.97601,0.01490,0.00001,0.00849,0.00059
36.61000,1.98000,0.99532,0.00417,0.00001,0.00039,0.00011
36.81000,1.98000,0.99373,0.00521,0.00001,0.00069,0.00036
37.01000,1.98000,0.99500,0.00349,0.00002,0.00069,0.00080
37.21000,1.98000,0.98627,0.00899,0.00004,0.00233,0.00236
37.41000,1.98000,0.98844,0.00483,0.00015,0.00317,0.00341
37.61000,1.98000,0.98005,0.00927,0.00040,0.00391,0.00638
37.81000,1.98000,0.99551,0.00193,0.00051,0.00048,0.00156
38.01000,1.98000,0.99340,0.00200,0.00137,0.00032,0.00292
38.21000,1.98000,0.99481,0.00071,0.00137,0.00012,0.00299
38.41000,1.98000,0.89051,0.00139,0.00754,0.00858,0.09197
38.61000,1.98000,0.91731,0.00056,0.00768,0.01592,0.05853
38.81000,1.98000,0.84977,0.00131,0.01874,0.04801,0.08217
39.01000,1.98000,0.94491,0.00030,0.00836,0.01939,0.02704
39.21000,1.98000,0.96157,0.00050,0.00722,0.01050,0.02021
39.41000,1.98000,0.95912,0.00021,0.00491,0.00751,0.02825
39.61000,1.98000,0.89935,0.00073,0.00771,0.01279,0.07942
39.81000,1.98000,0.93588,0.00016,0.00235,0.00464,0.05697
40.01000,1.98000,0.87743,0.00099,0.00414,0.03952,0.07792
40.21000,1.98000,0.99058,0.00002,0.00052,0.00372,0.00516
40.41000,1.98000,0.99879,0.00019,0.00019,0.00016,0.00067
40.61000,1.98000,0.99382,0.00046,0.00019,0.00058,0.00495
40.81000,1.98000,0.99178,0.00211,0.00015,0.00052,0.00544
41.01000,1.98000,0.99610,0.00092,0.00003,0.00016,0.00279
41.21000,1.98000,0.99533,0.00159,0.00002,0.00008,0.00298
41.41000,1.98000,0.99794,0.00059,0.00001,0.00007,0.00139
41.61000,1.98000,0.99836,0.00072,0.00001,0.00005,0.00087
41.81000,1.98000,0.99784,0.00090,0.00000,0.00014,0.00112
42.01000,1.98000,0.99658,0.00138,0.00001,0.00027,0.00177
42.21000,1.98000,0.99651,0.00235,0.00000,0.00010,0.00104
42.41000,1.98000,0.99754,0.00194,0.00000,0.00013,0.00040
42.61000,1.98000,0.99446,0.00217,0.00000,0.00060,0.00277
42.81000,1.98000,0.99336,0.00345,0.00000,0.00108,0.00210
43.01000,1.98000,0.99321,0.00376,0.00000,0.00103,0.00201
43.21000,1.98000,0.97515,0.01309,0.00000,0.00582,0.00594
43.41000,1.98000,0.98217,0.00968,0.00000,0.00122,0.00693
43.61000,1.98000,0.99996,0.00002,0.00000,0.00000,0.00002
43.81000,1.98000,0.98488,0.00237,0.00001,0.00070,0.01204
44.01000,1.98000,0.69040,0.03271,0.00006,0.05826,0.21857
44.21000,1.98000,0.76061,0.00633,0.00015,0.03365,0.19925
44.41000,1.98000,0.84556,0.00396,0.00040,0.02370,0.12638
44.61000,1.98000,0.95615,0.00240,0.00030,0.00426,0.03688
44.81000,1.98000,0.98403,0.00312,0.00083,0.00074,0.01128
45.01000,1.98000,0.98037,0.00655,0.00089,0.00054,0.01165
45.21000,1.98000,0.97061,0.01063,0.00142,0.00331,0.01403
45.41000,1.98000,0.98762,0.00277,0.00109,0.00226,0.00626
45.61000,1.98000,0.99974,0.00011,0.00013,0.00000,0.00002
45.81000,1.98000,0.99701,0.00214,0.00051,0.00011,0.00024
46.01000,1.98000,0.99936,0.00038,0.00021,0.00002,0.00003
46.21000,1.98000,0.99935,0.00040,0.00018,0.00002,0.00005
46.41000,1.98000,0.99853,0.00106,0.00026,0.00008,0.00006
46.61000,1.98000,0.99950,0.00019,0.00022,0.00006,0.00002
46.81000,1.98000,0.99952,0.00003,0.00026,0.00015,0.00003
47.01000,1.98000,0.99724,0.00008,0.00125,0.00126,0.00018
47.21000,1.98000,0.99794,0.00002,0.00151,0.00045,0.00009
47.41000,1.98000,0.99624,0.00001,0.00316,0.00050,0.00009
47.61000,1.98000,0.99552,0.00001,0.00387,0.00053,0.00007
47.81000,1.98000,0.99431,0.00016,0.00325,0.00193,0.00035
48.01000,1.98000,0.99448,0.00006,0.00369,0.00144,0.00032
48.21000,1.98000,0.99097,0.00026,0.00287,0.00457,0.00133
48.41000,1.98000,0.99814,0.00038,0.00047,0.00079,0.00022
48.61000,1.98000,0.99991,0.00007,0.00002,0.00000,0.00000
48.81000,1.98000,0.99940,0.00028,0.00014,0.00003,0.00015
49.01000,1.98000,0.99408,0.00436,0.00025,0.00050,0.00081
49.21000,1.98000,0.98183,0.01272,0.00066,0.00264,0.00214
49.41000,1.98000,0.98329,0.01172,0.00067,0.00156,0.00275
49.61000,1.98000,0.98762,0.00802,0.00061,0.00232,0.00144
49.81000,1.98000,0.98832,0.00908,0.00039,0.00119,0.00102
50.01000,1.98000,0.98913,0.00723,0.00059,0.00225,0.00080
50.21000,1.98000,0.99509,0.00378,0.00032,0.00047,0.00033
50.41000,1.98000,0.99879,0.00038,0.00029,0.00039,0.00015
50.61000,1.98000,0.99920,0.00004,0.00059,0.00012,0.00005
50.81000,1.98000,0.99890,0.00012,0.00034,0.00053,0.00011
51.01000,1.98000,0.99739,0.00026,0.00030,0.00169,0.00035
51.21000,1.98000,0.99778,0.00024,0.00019,0.00135,0.00043
51.41000,1.98000,0.99797,0.00026,0.00018,0.00123,0.00036
51.61000,1.98000,0.99811,0.00022,0.00017,0.00103,0.00046
51.81000,1.98000,0.99734,0.00029,0.00024,0.00137,0.00076
52.01000,1.98000,0.99729,0.00029,0.00029,0.00131,0.00082
52.21000,1.98000,0.99668,0.00032,0.00028,0.00165,0.00107
52.41000,1.98000,0.99865,0.00010,0.00024,0.00041,0.00059
52.61000,1.98000,0.99910,0.00010,0.00018,0.00033,0.00029
52.81000,1.98000,0.99960,0.00008,0.00013,0.00010,0.00009
53.01000,1.98000,0.99914,0.00010,0.00016,0.00041,0.00019
53.21000,1.98000,0.99820,0.00009,0.00031,0.00083,0.00056
53.41000,1.98000,0.99984,0.00000,0.00015,0.00000,0.00001
53.61000,1.98000,0.99725,0.00000,0.00268,0.00000,0.00008
53.81000,1.98000,0.98037,0.00000,0.01922,0.00000,0.00040
54.01000,1.98000,0.99343,0.00000,0.00642,0.00000,0.00016
54.21000,1.98000,0.99089,0.00000,0.00900,0.00000,0.00010
54.41000,1.98000,0.99724,0.00000,0.00272,0.00000,0.00003
54.61000,1.98000,0.99674,0.00000,0.00323,0.00000,0.00003
54.81000,1.98000,0.99943,0.00000,0.00057,0.00000,0.00001
55.01000,1.98000,0.99729,0.00000,0.00265,0.00000,0.00006
55.21000,1.98000,0.99970,0.00000,0.00030,0.00000,0.00000
55.41000,1.98000,0.99952,0.00026,0.00015,0.00004,0.00002
55.61000,1.98000,0.99963,0.00027,0.00002,0.00002,0.00005
55.81000,1.98000,0.99689,0.00287,0.00001,0.00009,0.00014
56.01000,1.98000,0.99932,0.00057,0.00001,0.00003,0.00007
56.21000,1.98000,0.99681,0.00273,0.00002,0.00015,0.00029
56.41000,1.98000,0.99873,0.00092,0.00002,0.00004,0.00029
56.61000,1.98000,0.99836,0.00093,0.00002,0.00011,0.00058
56.81000,1.98000,0.99953,0.00015,0.00002,0.00003,0.00027
57.01000,1.98000,0.99763,0.00053,0.00002,0.00034,0.00149
57.21000,1.98000,0.99627,0.00046,0.00006,0.00041,0.00281
57.41000,1.98000,0.99786,0.00027,0.00003,0.00017,0.00168
57.61000,1.98000,0.99975,0.00003,0.00003,0.00002,0.00017
57.81000,1.98000,0.99938,0.00008,0.00009,0.00004,0.00041
58.01000,1.98000,0.99733,0.00043,0.00034,0.00014,0.00176
58.21000,1.98000,0.99590,0.00070,0.00016,0.00020,0.00304
58.41000,1.98000,0.99242,0.00070,0.00033,0.00092,0.00562
58.61000,1.98000,0.99485,0.00021,0.00013,0.00022,0.00458
58.81000,1.98000,0.96347,0.00021,0.00076,0.00508,0.03048
59.01000,1.98000,0.60388,0.00199,0.00167,0.09933,0.29314
59.21000,1.98000,0.52814,0.00164,0.00156,0.19302,0.27564
59.41000,1.98000,0.68503,0.00452,0.00235,0.11440,0.19371
59.61000,1.98000,0.90566,0.00032,0.00127,0.02140,0.07136
59.81000,1.98000,0.92307,0.00083,0.00055,0.02277,0.05278
60.01000,1.98000,0.90592,0.00096,0.00023,0.01967,0.07322
60.21000,1.98000,0.52239,0.00194,0.00084,0.14701,0.32782
60.41000,1.98000,0.71143,0.00039,0.00134,0.11915,0.16768
60.61000,1.98000,0.91442,0.00020,0.00207,0.03816,0.04514
60.81000,1.98000,0.96259,0.00073,0.00306,0.01246,0.02116
61.01000,1.98000,0.97253,0.00175,0.00226,0.00667,0.01678
61.21000,1.98000,0.98632,0.00041,0.00164,0.00199,0.00964
61.41000,1.98000,0.98757,0.00047,0.00209,0.00217,0.00771
61.61000,1.98000,0.99323,0.00029,0.00153,0.00086,0.00410
61.81000,1.98000,0.99721,0.00009,0.00094,0.00018,0.00158
62.01000,1.98000,0.99708,0.00007,0.00089,0.00056,0.00139
62.21000,1.98000,0.99371,0.00013,0.00206,0.00214,0.00195
62.41000,1.98000,0.99769,0.00009,0.00077,0.00063,0.00081
62.61000,1.98000,0.99754,0.00012,0.00064,0.00036,0.00135
62.81000,1.98000,0.99668,0.00012,0.00036,0.00058,0.00226
63.01000,1.98000,0.99641,0.00012,0.00039,0.00020,0.00289
63.21000,1.98000,0.99811,0.00014,0.00024,0.00009,0.00142
63.41000,1.98000,0.99810,0.00000,0.00018,0.00002,0.00170
63.61000,1.98000,0.88553,0.00013,0.00083,0.01149,0.10203
63.81000,1.98000,0.81581,0.00014,0.00231,0.02624,0.15550
64.01000,1.98000,0.72637,0.00043,0.00143,0.00700,0.26477
64.21000,1.98000,0.76556,0.00021,0.00149,0.00168,0.23106
64.41000,1.98000,0.85230,0.00018,0.00325,0.00049,0.14378
64.61000,1.98000,0.98242,0.00010,0.00187,0.00003,0.01558
64.81000,1.98000,0.92800,0.00047,0.00560,0.00022,0.06571
65.01000,1.98000,0.97250,0.00081,0.00551,0.00028,0.02089
65.21000,1.98000,0.99515,0.00001,0.00210,0.00003,0.00270
65.41000,1.98000,0.99755,0.00025,0.00188,0.00000,0.00032
65.61000,1.98000,0.99865,0.00066,0.00040,0.00000,0.00028
65.81000,1.98000,0.99823,0.00129,0.00022,0.00000,0.00026
66.01000,1.98000,0.99819,0.00155,0.00008,0.00000,0.00018
66.21000,1.98000,0.99791,0.00196,0.00003,0.00000,0.00010
66.41000,1.98000,0.99886,0.00110,0.00001,0.00000,0.00002
66.61000,1.98000,0.99971,0.00025,0.00001,0.00000,0.00003
66.81000,1.98000,0.99871,0.00112,0.00001,0.00001,0.00016
67.01000,1.98000,0.99115,0.00796,0.00001,0.00013,0.00075
67.21000,1.98000,0.99593,0.00346,0.00002,0.00009,0.00051
67.41000,1.98000,0.99292,0.00591,0.00001,0.00029,0.00086
67.61000,1.98000,0.99711,0.00191,0.00003,0.00027,0.00068
67.81000,1.98000,0.99745,0.00152,0.00007,0.00032,0.00064
68.01000,1.98000,0.99755,0.00155,0.00004,0.00040,0.00045
68.21000,1.98000,0.99963,0.00032,0.00001,0.00002,0.00002
68.41000,1.98000,0.99812,0.00172,0.00001,0.00003,0.00011
68.61000,1.98000,0.98607,0.01310,0.00002,0.00014,0.00067
68.81000,1.98000,0.99854,0.00140,0.00001,0.00000,0.00003
69.01000,1.98000,0.89040,0.10109,0.00020,0.00351,0.00480
69.21000,1.98000,0.90748,0.08353,0.00020,0.00476,0.00403
69.41000,1.98000,0.91018,0.07882,0.00026,0.00604,0.00470
69.61000,1.98000,0.91623,0.07542,0.00019,0.00527,0.00289
69.81000,1.98000,0.91807,0.07677,0.00013,0.00301,0.00201
70.01000,1.98000,0.98424,0.01311,0.00012,0.00197,0.00056
70.21000,1.98000,0.99554,0.00397,0.00012,0.00026,0.00011
70.41000,1.98000,0.99880,0.00093,0.00009,0.00012,0.00006
70.61000,1.98000,0.99461,0.00073,0.00020,0.00394,0.00051
70.81000,1.98000,0.99848,0.00038,0.00017,0.00083,0.00015
71.01000,1.98000,0.99800,0.00027,0.00013,0.00124,0.00037
71.21000,1.98000,0.99859,0.00019,0.00008,0.00086,0.00028
71.41000,1.98000,0.99900,0.00017,0.00005,0.00060,0.00017
71.61000,1.98000,0.99872,0.00029,0.00002,0.00066,0.00030
71.81000,1.98000,0.99855,0.00029,0.00002,0.00095,0.00020
72.01000,1.98000,0.99892,0.00017,0.00002,0.00069,0.00020
72.21000,1.98000,0.99682,0.00035,0.00001,0.00257,0.00025
72.41000,1.98000,0.99580,0.00103,0.00000,0.00293,0.00023
72.61000,1.98000,0.98762,0.00157,0.00001,0.01027,0.00053
72.81000,1.98000,0.96831,0.00405,0.00001,0.02673,0.00090
73.01000,1.98000,0.99488,0.00196,0.00001,0.00252,0.00064
73.21000,1.98000,0.99749,0.00123,0.00005,0.00050,0.00073
73.41000,1.98000,0.99654,0.00091,0.00012,0.00149,0.00093
73.61000,1.98000,0.98599,0.00405,0.00120,0.00664,0.00212
73.81000,1.98000,0.98241,0.00182,0.00341,0.00735,0.00502
74.01000,1.98000,0.98923,0.00264,0.00503,0.00211,0.00099
74.21000,1.98000,0.98038,0.00195,0.01511,0.00164,0.00093
74.41000,1.98000,0.95798,0.00028,0.04105,0.00041,0.00027
74.61000,1.98000,0.99542,0.00006,0.00451,0.00000,0.00000
74.81000,1.98000,0.96770,0.00081,0.03094,0.00036,0.00018
75.01000,1.98000,0.98901,0.00011,0.01060,0.00024,0.00003
75.21000,1.98000,0.99600,0.00124,0.00217,0.00059,0.00001
75.41000,1.98000,0.99572,0.00071,0.00229,0.00122,0.00005
75.61000,1.98000,0.99878,0.00009,0.00087,0.00026,0.00001
75.81000,1.98000,0.99673,0.00008,0.00245,0.00070,0.00003
76.01000,1.98000,0.99926,0.00006,0.00047,0.00017,0.00004
76.21000,1.98000,0.99828,0.00008,0.00089,0.00042,0.00033
76.41000,1.98000,0.99940,0.00002,0.00041,0.00003,0.00014
76.61000,1.98000,0.99807,0.00002,0.00140,0.00013,0.00037
76.81000,1.98000,0.99841,0.00014,0.00076,0.00018,0.00051
77.01000,1.98000,0.99879,0.00012,0.00058,0.00016,0.00035
77.21000,1.98000,0.99806,0.00005,0.00115,0.00016,0.00059
77.41000,1.98000,0.99646,0.00006,0.00145,0.00033,0.00171
77.61000,1.98000,0.99655,0.00005,0.00128,0.00048,0.00165
77.81000,1.98000,0.99707,0.00016,0.00091,0.00058,0.00129
78.01000,1.98000,0.99830,0.00001,0.00125,0.00013,0.00031
78.21000,1.98000,0.99863,0.00001,0.00090,0.00016,0.00030
78.41000,1.98000,0.99090,0.00001,0.00250,0.00506,0.00152
78.61000,1.98000,0.92433,0.00006,0.00616,0.05953,0.00992
78.81000,1.98000,0.88856,0.00003,0.01044,0.08799,0.01298
79.01000,1.98000,0.89623,0.00004,0.01509,0.06813,0.02051
79.21000,1.98000,0.92169,0.00007,0.00977,0.05934,0.00913
79.41000,1.98000,0.92761,0.00008,0.00759,0.05558,0.00914
79.61000,1.98000,0.90255,0.00017,0.00386,0.08589,0.00753
79.81000,1.98000,0.96080,0.00017,0.00258,0.03059,0.00586
80.01000,1.98000,0.95339,0.00022,0.00198,0.03899,0.00543
80.21000,1.98000,0.99580,0.00003,0.00126,0.00221,0.00070
80.41000,1.98000,0.99817,0.00005,0.00049,0.00097,0.00031
80.61000,1.98000,0.99757,0.00008,0.00049,0.00134,0.00052
80.81000,1.98000,0.99748,0.00008,0.00040,0.00166,0.00037
81.01000,1.98000,0.99867,0.00006,0.00016,0.00084,0.00026
81.21000,1.98000,0.99912,0.00005,0.00011,0.00037,0.00035
81.41000,1.98000,0.99925,0.00008,0.00010,0.00023,0.00033
81.61000,1.98000,0.99919,0.00007,0.00007,0.00019,0.00048
81.81000,1.98000,0.99823,0.00010,0.00017,0.00049,0.00101
82.01000,1.98000,0.99786,0.00008,0.00010,0.00090,0.00106
82.21000,1.98000,0.99687,0.00008,0.00015,0.00151,0.00139
82.41000,1.98000,0.99798,0.00003,0.00014,0.00073,0.00111
82.61000,1.98000,0.99792,0.00019,0.00010,0.00059,0.00120
82.81000,1.98000,0.99816,0.00050,0.00006,0.00022,0.00106
83.01000,1.98000,0.99941,0.00025,0.00007,0.00005,0.00022
83.21000,1.98000,0.99970,0.00014,0.00005,0.00001,0.00010
83.41000,1.98000,0.99873,0.00009,0.00010,0.00009,0.00099
83.61000,1.98000,0.95916,0.00152,0.00068,0.01392,0.02472
83.81000,1.98000,0.85274,0.00758,0.00087,0.04267,0.09614
84.01000,1.98000,0.89912,0.00295,0.00151,0.01380,0.08262
84.21000,1.98000,0.82546,0.00100,0.00178,0.00710,0.16466
84.41000,1.98000,0.98275,0.00010,0.00081,0.00024,0.01611
84.61000,1.98000,0.94320,0.00009,0.00067,0.00104,0.05500
84.81000,1.98000,0.90090,0.00033,0.00237,0.00071,0.09569
85.01000,1.98000,0.98214,0.00005,0.00232,0.00038,0.01511
85.21000,1.98000,0.99449,0.00001,0.00326,0.00007,0.00217
85.41000,1.98000,0.99861,0.00001,0.00132,0.00001,0.00006
85.61000,1.98000,0.99892,0.00003,0.00102,0.00000,0.00002
85.81000,1.98000,0.99739,0.00003,0.00254,0.00002,0.00002
86.01000,1.98000,0.99657,0.00011,0.00325,0.00005,0.00001
86.21000,1.98000,0.99490,0.00140,0.00355,0.00014,0.00001
86.41000,1.98000,0.99792,0.00032,0.00169,0.00007,0.00000
86.61000,1.98000,0.99704,0.00022,0.00216,0.00057,0.00001
86.81000,1.98000,0.99448,0.00004,0.00234,0.00312,0.00002
87.01000,1.98000,0.99677,0.00005,0.00177,0.00139,0.00001
87.21000,1.98000,0.99553,0.00009,0.00158,0.00274,0.00005
87.41000,1.98000,0.99398,0.00014,0.00144,0.00426,0.00018
87.61000,1.98000,0.99193,0.00005,0.00162,0.00608,0.00031
87.81000,1.98000,0.99004,0.00009,0.00113,0.00813,0.00061
88.01000,1.98000,0.99175,0.00009,0.00085,0.00674,0.00057
88.21000,1.98000,0.99937,0.00005,0.00025,0.00024,0.00009
88.41000,1.98000,0.99980,0.00007,0.00008,0.00003,0.00002
88.61000,1.98000,0.99928,0.00020,0.00017,0.00008,0.00025
88.81000,1.98000,0.99850,0.00122,0.00013,0.00007,0.00009
89.01000,1.98000,0.98710,0.00478,0.00055,0.00460,0.00298
89.21000,1.98000,0.97690,0.01252,0.00060,0.00659,0.00338
89.41000,1.98000,0.96979,0.01418,0.00084,0.01114,0.00405
89.61000,1.98000,0.97176,0.01610,0.00069,0.00816,0.00330
89.81000,1.98000,0.97376,0.01219,0.00070,0.01053,0.00282
90.01000,1.98000,0.99120,0.00445,0.00048,0.00301,0.00087
90.21000,1.98000,0.99551,0.00049,0.00045,0.00308,0.00047
90.41000,1.98000,0.99854,0.00008,0.00031,0.00097,0.00009
90.61000,1.98000,0.99825,0.00007,0.00025,0.00136,0.00007
90.81000,1.98000,0.99734,0.00005,0.00052,0.00200,0.00009
91.01000,1.98000,0.99837,0.00004,0.00026,0.00127,0.00005
91.21000,1.98000,0.99866,0.00004,0.00024,0.00101,0.00005
91.41000,1.98000,0.99861,0.00002,0.00026,0.00104,0.00006
91.61000,1.98000,0.99830,0.00001,0.00039,0.00120,0.00010
91.81000,1.98000,0.99867,0.00000,0.00043,0.00083,0.00006
92.01000,1.98000,0.99910,0.00000,0.00046,0.00039,0.00004
92.21000,1.98000,0.99839,0.00000,0.00087,0.00067,0.00007
92.41000,1.98000,0.99824,0.00000,0.00126,0.00041,0.00009
92.61000,1.98000,0.99693,0.00000,0.00236,0.00055,0.00016
92.81000,1.98000,0.99508,0.00000,0.00376,0.00074,0.00042
93.01000,1.98000,0.99605,0.00000,0.00323,0.00024,0.00048
93.21000,1.98000,0.99156,0.00000,0.00843,0.00000,0.00001
93.41000,1.98000,0.92558,0.00000,0.07406,0.00000,0.00036
93.61000,1.98000,0.89105,0.00000,0.10851,0.00000,0.00044
93.81000,1.98000,0.83452,0.00000,0.16476,0.00000,0.00071
94.01000,1.98000,0.82859,0.00000,0.17020,0.00000,0.00121
94.21000,1.98000,0.83463,0.00000,0.16424,0.00000,0.00113
94.41000,1.98000,0.87279,0.00000,0.12580,0.00001,0.00140
94.61000,1.98000,0.90996,0.00000,0.08937,0.00001,0.00066
94.81000,1.98000,0.94189,0.00000,0.05751,0.00001,0.00059
95.01000,1.98000,0.97520,0.00000,0.02471,0.00001,0.00008
95.21000,1.98000,0.99698,0.00000,0.00240,0.00038,0.00024
95.41000,1.98000,0.99302,0.00001,0.00185,0.00415,0.00096
95.61000,1.98000,0.99493,0.00002,0.00126,0.00268,0.00112
95.81000,1.98000,0.99483,0.00004,0.00109,0.00306,0.00098
96.01000,1.98000,0.99474,0.00006,0.00091,0.00268,0.00161
96.21000,1.98000,0.99334,0.00015,0.00101,0.00368,0.00183
96.41000,1.98000,0.99545,0.00011,0.00047,0.00189,0.00206
96.61000,1.98000,0.99278,0.00020,0.00088,0.00247,0.00366
96.81000,1.98000,0.99101,0.00031,0.00087,0.00394,0.00386
97.01000,1.98000,0.99355,0.00024,0.00092,0.00258,0.00271
97.21000,1.98000,0.99325,0.00019,0.00113,0.00272,0.00271
97.41000,1.98000,0.99890,0.00005,0.00051,0.00010,0.00044
97.61000,1.98000,0.99777,0.00009,0.00097,0.00023,0.00095
97.81000,1.98000,0.99467,0.00030,0.00252,0.00033,0.00218
98.01000,1.98000,0.98648,0.00007,0.00312,0.00061,0.00973
98.21000,1.98000,0.99677,0.00006,0.00141,0.00005,0.00172
98.41000,1.98000,0.99885,0.00000,0.00059,0.00001,0.00055
98.61000,1.98000,0.96547,0.00026,0.00342,0.00299,0.02786
98.81000,1.98000,0.91966,0.00010,0.00490,0.00741,0.06793
99.01000,1.98000,0.88810,0.00011,0.00825,0.00267,0.10086
99.21000,1.98000,0.91504,0.00004,0.00650,0.00155,0.07687
99.41000,1.98000,0.95423,0.00004,0.00341,0.00173,0.04058
99.61000,1.98000,0.93569,0.00007,0.00264,0.00384,0.05775
99.81000,1.98000,0.95672,0.00004,0.00173,0.00203,0.03948
100.01000,1.98000,0.96779,0.00001,0.00153,0.00188,0.02880
100.21000,1.98000,0.95574,0.00000,0.00301,0.00127,0.03998
100.41000,1.98000,0.99384,0.00000,0.00162,0.00013,0.00440
100.61000,1.98000,0.98363,0.00000,0.00214,0.00012,0.01410
100.81000,1.98000,0.98981,0.00001,0.00148,0.00007,0.00864
101.01000,1.98000,0.98978,0.00001,0.00124,0.00015,0.00882
101.21000,1.98000,0.98872,0.00001,0.00128,0.00023,0.00978
101.41000,1.98000,0.99069,0.00001,0.00115,0.00031,0.00784
101.61000,1.98000,0.98882,0.00001,0.00133,0.00037,0.00948
101.81000,1.98000,0.97778,0.00002,0.00222,0.00121,0.01878
102.01000,1.98000,0.98752,0.00004,0.00157,0.00102,0.00986
102.21000,1.98000,0.98805,0.00005,0.00147,0.00136,0.00907
102.41000,1.98000,0.99101,0.00003,0.00116,0.00133,0.00647
102.61000,1.98000,0.99784,0.00002,0.00055,0.00024,0.00135
102.81000,1.98000,0.99825,0.00004,0.00029,0.00029,0.00114
103.01000,1.98000,0.99621,0.00014,0.00035,0.00115,0.00215
103.21000,1.98000,0.99234,0.00022,0.00032,0.00300,0.00413
103.41000,1.98000,0.98070,0.00044,0.00028,0.00631,0.01228
103.61000,1.98000,0.99619,0.00040,0.00006,0.00119,0.00215
103.81000,1.98000,0.99000,0.00020,0.00005,0.00167,0.00808
104.01000,1.98000,0.67654,0.00308,0.00019,0.16170,0.15849
104.21000,1.98000,0.37401,0.00205,0.00019,0.24192,0.38183
104.41000,1.98000,0.41124,0.00029,0.00032,0.05942,0.52872
104.61000,1.98000,0.49434,0.00003,0.00043,0.01570,0.48950
104.81000,1.98000,0.33623,0.00000,0.00073,0.00411,0.65892
105.01000,1.98000,0.19792,0.00000,0.00071,0.00116,0.80021
105.21000,1.98000,0.30861,0.00000,0.00142,0.00081,0.68916
105.41000,1.98000,0.87345,0.00000,0.00155,0.00016,0.12484
105.61000,1.98000,0.90238,0.00000,0.00237,0.00010,0.09515
105.81000,1.98000,0.86682,0.00000,0.00332,0.00016,0.12970
106.01000,1.98000,0.94061,0.00000,0.00238,0.00013,0.05688
106.21000,1.98000,0.95690,0.00001,0.00357,0.00035,0.03917
106.41000,1.98000,0.98727,0.00006,0.00155,0.00054,0.01059
106.61000,1.98000,0.99267,0.00018,0.00127,0.00093,0.00495
106.81000,1.98000,0.99460,0.00030,0.00064,0.00231,0.00216
107.01000,1.98000,0.99005,0.00017,0.00089,0.00647,0.00242
107.21000,1.98000,0.98916,0.00016,0.00090,0.00798,0.00181
107.41000,1.98000,0.99548,0.00002,0.00088,0.00298,0.00064
107.61000,1.98000,0.99625,0.00001,0.00086,0.00246,0.00041
107.81000,1.98000,0.99673,0.00001,0.00054,0.00245,0.00028
108.01000,1.98000,0.99810,0.00000,0.00044,0.00125,0.00021
108.21000,1.98000,0.99584,0.00001,0.00063,0.00309,0.00044
108.41000,1.98000,0.99947,0.00001,0.00025,0.00017,0.00010
108.61000,1.98000,0.99983,0.00000,0.00016,0.00000,0.00001
108.81000,1.98000,0.99906,0.00002,0.00073,0.00001,0.00017
109.01000,1.98000,0.99695,0.00067,0.00165,0.00009,0.00064
109.21000,1.98000,0.99002,0.00189,0.00370,0.00045,0.00394
109.41000,1.98000,0.99154,0.00102,0.00331,0.00034,0.00379
109.61000,1.98000,0.98600,0.00052,0.00579,0.00040,0.00729
109.81000,1.98000,0.97951,0.00048,0.00874,0.00056,0.01070
110.01000,1.98000,0.98573,0.00068,0.00672,0.00046,0.00640
110.21000,1.98000,0.99236,0.00014,0.00493,0.00019,0.00239
110.41000,1.98000,0.98692,0.00001,0.00997,0.00053,0.00258
110.61000,1.98000,0.99293,0.00000,0.00566,0.00037,0.00103
110.81000,1.98000,0.99299,0.00002,0.00239,0.00352,0.00109
111.01000,1.98000,0.99002,0.00001,0.00340,0.00473,0.00184
111.21000,1.98000,0.99270,0.00002,0.00188,0.00444,0.00096
111.41000,1.98000,0.99327,0.00003,0.00155,0.00452,0.00062
111.61000,1.98000,0.99425,0.00006,0.00094,0.00439,0.00036
111.81000,1.98000,0.99484,0.00005,0.00083,0.00401,0.00027
112.01000,1.98000,0.99545,0.00005,0.00068,0.00361,0.00021
112.21000,1.98000,0.99645,0.00004,0.00059,0.00275,0.00017
112.41000,1.98000,0.99726,0.00005,0.00040,0.00219,0.00010
112.61000,1.98000,0.99687,0.00010,0.00039,0.00251,0.00012
112.81000,1.98000,0.99959,0.00001,0.00016,0.00022,0.00002
113.01000,1.98000,0.99923,0.00002,0.00025,0.00046,0.00004
113.21000,1.98000,0.99805,0.00001,0.00065,0.00111,0.00018
113.41000,1.98000,0.99885,0.00000,0.00067,0.00023,0.00024
113.61000,1.98000,0.99977,0.00000,0.00023,0.00000,0.00000
113.81000,1.98000,0.99189,0.00000,0.00765,0.00001,0.00045
114.01000,1.98000,0.98268,0.00000,0.01544,0.00002,0.00185
114.21000,1.98000,0.97351,0.00001,0.02517,0.00002,0.00129
114.41000,1.98000,0.97539,0.00001,0.02170,0.00004,0.00287
114.61000,1.98000,0.92673,0.00001,0.07103,0.00003,0.00219
114.81000,1.98000,0.95715,0.00001,0.04067,0.00003,0.00215
115.01000,1.98000,0.94863,0.00002,0.05028,0.00003,0.00104
115.21000,1.98000,0.96659,0.00006,0.03248,0.00007,0.00079
115.41000,1.98000,0.96576,0.00064,0.03288,0.00016,0.00055
115.61000,1.98000,0.99854,0.00038,0.00083,0.00022,0.00003
115.81000,1.98000,0.98168,0.00051,0.00253,0.01454,0.00074
116.01000,1.98000,0.98897,0.00072,0.00085,0.00901,0.00044
116.21000,1.98000,0.99483,0.00035,0.00060,0.00389,0.00033
116.41000,1.98000,0.99533,0.00087,0.00116,0.00213,0.00051
116.61000,1.98000,0.98429,0.00064,0.00160,0.00945,0.00402
116.81000,1.98000,0.98179,0.00060,0.00163,0.00832,0.00766
117.01000,1.98000,0.98145,0.00016,0.00115,0.00586,0.01139
117.21000,1.98000,0.98830,0.00009,0.00083,0.00156,0.00922
117.41000,1.98000,0.98620,0.00002,0.00121,0.00151,0.01105
117.61000,1.98000,0.97742,0.00004,0.00173,0.00133,0.01948
117.81000,1.98000,0.97998,0.00004,0.00144,0.00125,0.01729
118.01000,1.98000,0.99131,0.00001,0.00130,0.00021,0.00717
118.21000,1.98000,0.99910,0.00000,0.00047,0.00000,0.00042
118.41000,1.98000,0.99195,0.00001,0.00073,0.00086,0.00646
118.61000,1.98000,0.99160,0.00001,0.00097,0.00175,0.00567
118.81000,1.98000,0.98378,0.00002,0.00224,0.00376,0.01019
119.01000,1.98000,0.99591,0.00000,0.00089,0.00033,0.00287
119.21000,1.98000,0.99424,0.00002,0.00106,0.00075,0.00393
119.41000,1.98000,0.97690,0.00009,0.00245,0.00414,0.01642
119.61000,1.98000,0.99418,0.00006,0.00060,0.00114,0.00402
119.81000,1.98000,0.98754,0.00009,0.00033,0.00190,0.01013
120.01000,1.98000,0.99165,0.00009,0.00015,0.00191,0.00620
120.21000,1.98000,0.99870,0.00001,0.00002,0.00017,0.00110
120.41000,1.98000,0.98221,0.00027,0.00004,0.00277,0.01471
120.61000,1.98000,0.99110,0.00067,0.00001,0.00132,0.00689
120.81000,1.98000,0.99443,0.00093,0.00001,0.00063,0.00400
121.01000,1.98000,0.99665,0.00119,0.00000,0.00097,0.00118
121.21000,1.98000,0.99598,0.00097,0.00000,0.00190,0.00114
121.41000,1.98000,0.99681,0.00111,0.00000,0.00172,0.00036
121.61000,1.98000,0.99504,0.00060,0.00001,0.00381,0.00055
121.81000,1.98000,0.99570,0.00036,0.00001,0.00364,0.00029
122.01000,1.98000,0.99800,0.00015,0.00001,0.00152,0.00032
122.21000,1.98000,0.99671,0.00027,0.00002,0.00285,0.00016
122.41000,1.98000,0.99939,0.00008,0.00001,0.00037,0.00015
122.61000,1.98000,0.99949,0.00010,0.00002,0.00025,0.00013
122.81000,1.98000,0.99955,0.00003,0.00002,0.00018,0.00022
123.01000,1.98000,0.99989,0.00001,0.00001,0.00002,0.00007
123.21000,1.98000,0.99956,0.00003,0.00004,0.00004,0.00034
123.41000,1.98000,0.99961,0.00009,0.00001,0.00002,0.00027
123.61000,1.98000,0.99074,0.00027,0.00005,0.00020,0.00875
123.81000,1.98000,0.95963,0.00059,0.00022,0.00212,0.03744
124.01000,1.98000,0.97016,0.00007,0.00019,0.00090,0.02869
124.21000,1.98000,0.93743,0.00002,0.00055,0.00096,0.06103
124.41000,1.98000,0.96887,0.00001,0.00106,0.00017,0.02990
124.61000,1.98000,0.98324,0.00001,0.00073,0.00020,0.01582
124.81000,1.98000,0.92041,0.00005,0.00135,0.00054,0.07765
125.01000,1.98000,0.98103,0.00002,0.00145,0.00017,0.01733
125.21000,1.98000,0.97370,0.00004,0.00134,0.00024,0.02468
125.41000,1.98000,0.96514,0.00000,0.00872,0.00019,0.02594
125.61000,1.98000,0.99106,0.00001,0.00521,0.00001,0.00371
125.81000,1.98000,0.99000,0.00003,0.00868,0.00000,0.00129
126.01000,1.98000,0.99484,0.00003,0.00479,0.00000,0.00034
126.21000,1.98000,0.99196,0.00161,0.00622,0.00000,0.00020
126.41000,1.98000,0.99734,0.00027,0.00233,0.00000,0.00006
126.61000,1.98000,0.99578,0.00052,0.00367,0.00000,0.00003
126.81000,1.98000,0.99239,0.00007,0.00748,0.00000,0.00005
127.01000,1.98000,0.96178,0.00008,0.03814,0.00000,0.00001
127.21000,1.98000,0.98635,0.00006,0.01359,0.00000,0.00000
127.41000,1.98000,0.99198,0.00025,0.00776,0.00001,0.00001
127.61000,1.98000,0.99737,0.00014,0.00248,0.00001,0.00000
127.81000,1.98000,0.99943,0.00002,0.00054,0.00001,0.00000
128.00999,1.98001,0.99920,0.00002,0.00075,0.00003,0.00000
128.21001,1.98000,0.99885,0.00003,0.00106,0.00005,0.00001
128.41000,1.98000,0.99867,0.00002,0.00125,0.00005,0.00000
128.61000,1.98000,0.99884,0.00006,0.00096,0.00011,0.00002
128.81000,1.98000,0.99743,0.00024,0.00057,0.00172,0.00004
129.00999,1.98001,0.99847,0.00010,0.00014,0.00123,0.00006
129.21001,1.98000,0.99838,0.00009,0.00022,0.00118,0.00012
