Time (seconds), Duration (seconds),pred_(unlabeled),pred_On,pred_Off,pred_Dimmer,pred_Lighter
0.01000,1.98000,0.99999,0.00000,0.00000,0.00000,0.00000
0.21000,1.98000,0.99999,0.00000,0.00000,0.00000,0.00000
0.41000,1.98000,0.99999,0.00000,0.00000,0.00000,0.00000
0.61000,1.98000,0.99999,0.00000,0.00000,0.00000,0.00000
0.81000,1.98000,0.99999,0.00000,0.00000,0.00000,0.00000
1.01000,1.98000,0.99999,0.00000,0.00000,0.00000,0.00000
1.21000,1.98000,0.99999,0.00000,0.00000,0.00000,0.00000
1.41000,1.98000,0.99999,0.00000,0.00000,0.00000,0.00000
1.61000,1.98000,0.99999,0.00000,0.00000,0.00000,0.00000
1.81000,1.98000,0.99999,0.00000,0.00000,0.00000,0.00000
2.01000,1.98000,0.99999,0.00000,0.00000,0.00000,0.00000
2.21000,1.98000,0.99999,0.00000,0.00000,0.00000,0.00000
2.41000,1.98000,0.99999,0.00000,0.00000,0.00000,0.00000
2.61000,1.98000,1.00000,0.00000,0.00000,0.00000,0.00000
2.81000,1.98000,0.99998,0.00000,0.00002,0.00000,0.00000
3.01000,1.98000,0.99996,0.00000,0.00004,0.00000,0.00000
3.21000,1.98000,0.99911,0.00000,0.00088,0.00000,0.00000
3.41000,1.98000,0.98639,0.00000,0.01354,0.00006,0.00001
3.61000,1.98000,0.88725,0.00006,0.11199,0.00059,0.00012
3.81000,1.98000,0.88943,0.00001,0.11025,0.00022,0.00009
4.01000,1.98000,0.89686,0.00007,0.10245,0.00051,0.00011
4.21000,1.98000,0.96621,0.00000,0.03370,0.00005,0.00004
4.41000,1.98000,0.99794,0.00000,0.00205,0.00000,0.00000
4.61000,1.98000,0.99960,0.00000,0.00039,0.00001,0.00000
4.81000,1.98000,0.99970,0.00000,0.00025,0.00005,0.00000
5.01000,1.98000,0.99991,0.00000,0.00007,0.00002,0.00000
5.21000,1.98000,0.99997,0.00000,0.00002,0.00001,0.00000
5.41000,1.98000,0.99998,0.00000,0.00001,0.00000,0.00000
5.61000,1.98000,0.99999,0.00000,0.00001,0.00000,0.00000
5.81000,1.98000,0.99999,0.00000,0.00001,0.00000,0.00000
6.01000,1.98000,0.99999,0.00000,0.00001,0.00000,0.00000
6.21000,1.98000,0.99999,0.00000,0.00001,0.00000,0.00000
6.41000,1.98000,0.99999,0.00000,0.00000,0.00000,0.00000
6.61000,1.98000,0.99997,0.00000,0.00002,0.00000,0.00000
6.81000,1.98000,0.99994,0.00000,0.00004,0.00001,0.00000
7.01000,1.98000,0.99995,0.00000,0.00004,0.00001,0.00000
7.21000,1.98000,0.99995,0.00000,0.00004,0.00000,0.00000
7.41000,1.98000,0.99997,0.00000,0.00002,0.00001,0.00000
7.61000,1.98000,0.99992,0.00000,0.00006,0.00001,0.00001
7.81000,1.98000,0.99996,0.00000,0.00003,0.00000,0.00001
8.01000,1.98000,0.99986,0.00000,0.00012,0.00001,0.00001
8.21000,1.98000,0.99998,0.00000,0.00002,0.00000,0.00000
8.41000,1.98000,0.99997,0.00000,0.00002,0.00001,0.00000
8.61000,1.98000,0.99994,0.00000,0.00005,0.00001,0.00000
8.81000,1.98000,0.99994,0.00000,0.00005,0.00001,0.00000
9.01000,1.98000,0.99994,0.00000,0.00005,0.00001,0.00001
9.21000,1.98000,0.99995,0.00000,0.00004,0.00000,0.00000
9.41000,1.98000,0.99988,0.00000,0.00010,0.00001,0.00001
9.61000,1.98000,0.99998,0.00000,0.00002,0.00000,0.00000
9.81000,1.98000,0.99993,0.00000,0.00006,0.00000,0.00001
10.01000,1.98000,0.99997,0.00000,0.00003,0.00000,0.00000
10.21000,1.98000,0.99997,0.00000,0.00003,0.00000,0.00001
10.41000,1.98000,0.99998,0.00000,0.00002,0.00000,0.00000
10.61000,1.98000,0.99998,0.00000,0.00002,0.00000,0.00000
10.81000,1.98000,0.99993,0.00000,0.00007,0.00000,0.00000
11.01000,1.98000,0.99862,0.00000,0.00136,0.00000,0.00002
11.21000,1.98000,0.96933,0.00000,0.03018,0.00010,0.00039
11.41000,1.98000,0.95283,0.00001,0.04639,0.00037,0.00040
11.61000,1.98000,0.84187,0.00001,0.15640,0.00105,0.00067
11.81000,1.98000,0.90127,0.00003,0.09656,0.00178,0.00036
12.01000,1.98000,0.98039,0.00001,0.01899,0.00049,0.00011
12.21000,1.98000,0.99885,0.00000,0.00110,0.00005,0.00000
12.41000,1.98000,0.99889,0.00000,0.00103,0.00008,0.00000
12.61000,1.98000,0.99991,0.00000,0.00005,0.00003,0.00000
12.81000,1.98000,0.99996,0.00000,0.00003,0.00001,0.00000
13.01000,1.98000,0.99999,0.00000,0.00001,0.00001,0.00000
13.21000,1.98000,0.99998,0.00000,0.00001,0.00001,0.00000
13.41000,1.98000,0.99999,0.00000,0.00001,0.00001,0.00000
13.61000,1.98000,0.99999,0.00000,0.00000,0.00000,0.00000
13.81000,1.98000,0.99999,0.00000,0.00001,0.00000,0.00000
14.01000,1.98000,0.99999,0.00000,0.00001,0.00000,0.00000
14.21000,1.98000,0.99999,0.00000,0.00001,0.00000,0.00000
14.41000,1.98000,0.99999,0.00000,0.00000,0.00000,0.00000
14.61000,1.98000,0.99999,0.00000,0.00001,0.00000,0.00000
14.81000,1.98000,0.99998,0.00000,0.00001,0.00001,0.00000
15.01000,1.98000,0.99998,0.00000,0.00001,0.00001,0.00000
15.21000,1.98000,0.99997,0.00000,0.00002,0.00001,0.00000
15.41000,1.98000,0.99996,0.00000,0.00003,0.00001,0.00000
15.61000,1.98000,0.99997,0.00000,0.00002,0.00001,0.00000
15.81000,1.98000,0.99988,0.00000,0.00007,0.00004,0.00000
16.01000,1.98000,0.99986,0.00000,0.00010,0.00003,0.00000
16.21000,1.98000,0.99989,0.00000,0.00009,0.00002,0.00000
16.41000,1.98000,0.99991,0.00000,0.00008,0.00001,0.00000
16.61000,1.98000,0.99978,0.00000,0.00019,0.00002,0.00001
16.81000,1.98000,0.99980,0.00000,0.00018,0.00001,0.00001
17.01000,1.98000,0.99987,0.00000,0.00012,0.00001,0.00001
17.21000,1.98000,0.99985,0.00000,0.00013,0.00001,0.00002
17.41000,1.98000,0.99984,0.00000,0.00014,0.00000,0.00002
17.61000,1.98000,0.99994,0.00000,0.00005,0.00000,0.00001
17.81000,1.98000,0.99989,0.00000,0.00009,0.00000,0.00002
18.01000,1.98000,0.99969,0.00000,0.00029,0.00000,0.00001
18.21000,1.98000,0.99818,0.00000,0.00180,0.00000,0.00002
18.41000,1.98000,0.94622,0.00000,0.05361,0.00002,0.00015
18.61000,1.98000,0.60866,0.00002,0.38982,0.00054,0.00096
18.81000,1.98000,0.55383,0.00004,0.44490,0.00056,0.00066
19.01000,1.98000,0.50232,0.00014,0.49468,0.00252,0.00034
19.21000,1.98000,0.96647,0.00002,0.03337,0.00011,0.00003
19.41000,1.98000,0.99672,0.00000,0.00324,0.00004,0.00000
19.61000,1.98000,0.99942,0.00000,0.00056,0.00001,0.00000
19.81000,1.98000,0.99990,0.00000,0.00009,0.00001,0.00000
20.01000,1.98000,0.99999,0.00000,0.00001,0.00000,0.00000
20.21000,1.98000,0.99998,0.00000,0.00001,0.00001,0.00000
20.41000,1.98000,0.99998,0.00000,0.00001,0.00001,0.00000
20.61000,1.98000,0.99999,0.00000,0.00001,0.00001,0.00000
20.81000,1.98000,0.99999,0.00000,0.00000,0.00000,0.00000
21.01000,1.98000,0.99999,0.00000,0.00000,0.00001,0.00000
21.21000,1.98000,0.99999,0.00000,0.00000,0.00000,0.00000
21.41000,1.98000,0.99999,0.00000,0.00000,0.00000,0.00000
21.61000,1.98000,0.99999,0.00000,0.00000,0.00000,0.00000
21.81000,1.98000,0.99999,0.00000,0.00000,0.00000,0.00000
22.01000,1.98000,0.99999,0.00000,0.00000,0.00000,0.00000
22.21000,1.98000,0.99999,0.00000,0.00000,0.00000,0.00000
22.41000,1.98000,0.99999,0.00000,0.00000,0.00000,0.00000
22.61000,1.98000,0.99999,0.00000,0.00000,0.00000,0.00000
22.81000,1.98000,0.99999,0.00000,0.00000,0.00000,0.00000
23.01000,1.98000,0.99999,0.00000,0.00000,0.00000,0.00000
23.21000,1.98000,1.00000,0.00000,0.00000,0.00000,0.00000
23.41000,1.98000,1.00000,0.00000,0.00000,0.00000,0.00000
23.61000,1.98000,0.99996,0.00000,0.00002,0.00002,0.00000
23.81000,1.98000,0.99996,0.00000,0.00002,0.00002,0.00000
24.01000,1.98000,0.99991,0.00000,0.00005,0.00003,0.00001
24.21000,1.98000,0.99962,0.00000,0.00021,0.00010,0.00007
24.41000,1.98000,0.99938,0.00000,0.00039,0.00013,0.00010
24.61000,1.98000,0.99975,0.00000,0.00015,0.00002,0.00008
24.81000,1.98000,0.99962,0.00000,0.00022,0.00003,0.00013
25.01000,1.98000,0.99960,0.00000,0.00027,0.00001,0.00012
25.21000,1.98000,0.99989,0.00000,0.00008,0.00000,0.00003
25.41000,1.98000,0.99989,0.00000,0.00007,0.00000,0.00004
25.61000,1.98000,0.99995,0.00000,0.00004,0.00000,0.00001
25.81000,1.98000,0.99991,0.00000,0.00006,0.00000,0.00003
26.01000,1.98000,0.99997,0.00000,0.00002,0.00000,0.00001
26.21000,1.98000,0.99987,0.00000,0.00012,0.00000,0.00001
26.41000,1.98000,0.99982,0.00000,0.00017,0.00000,0.00002
26.61000,1.98000,0.99324,0.00000,0.00650,0.00001,0.00025
26.81000,1.98000,0.96799,0.00000,0.03056,0.00009,0.00135
27.01000,1.98000,0.85085,0.00000,0.14528,0.00024,0.00363
27.21000,1.98000,0.91212,0.00000,0.08249,0.00056,0.00482
27.41000,1.98000,0.96483,0.00000,0.03366,0.00028,0.00123
27.61000,1.98000,0.99562,0.00000,0.00415,0.00007,0.00016
27.81000,1.98000,0.99926,0.00000,0.00071,0.00001,0.00001
28.01000,1.98000,0.99933,0.00000,0.00057,0.00006,0.00004
28.21000,1.98000,0.99996,0.00000,0.00003,0.00001,0.00001
28.41000,1.98000,0.99998,0.00000,0.00002,0.00000,0.00000
28.61000,1.98000,0.99999,0.00000,0.00001,0.00000,0.00000
28.81000,1.98000,0.99999,0.00000,0.00001,0.00000,0.00000
29.01000,1.98000,0.99999,0.00000,0.00001,0.00000,0.00000
29.21000,1.98000,0.99999,0.00000,0.00001,0.00000,0.00000
29.41000,1.98000,0.99999,0.00000,0.00001,0.00000,0.00000
29.61000,1.98000,0.99999,0.00000,0.00001,0.00000,0.00000
29.81000,1.98000,0.99999,0.00000,0.00001,0.00000,0.00000
30.01000,1.98000,0.99999,0.00000,0.00001,0.00000,0.00000
30.21000,1.98000,0.99999,0.00000,0.00000,0.00000,0.00000
30.41000,1.98000,0.99999,0.00000,0.00001,0.00000,0.00000
30.61000,1.98000,0.99999,0.00000,0.00001,0.00000,0.00000
30.81000,1.98000,0.99999,0.00000,0.00001,0.00000,0.00000
31.01000,1.98000,0.99999,0.00000,0.00000,0.00000,0.00000
31.21000,1.98000,0.99999,0.00000,0.00001,0.00000,0.00000
31.41000,1.98000,0.99998,0.00000,0.00001,0.00000,0.00000
31.61000,1.98000,0.99997,0.00000,0.00002,0.00001,0.00000
31.81000,1.98000,0.99998,0.00000,0.00002,0.00001,0.00000
32.01000,1.98000,0.99995,0.00000,0.00004,0.00001,0.00000
32.21000,1.98000,0.99998,0.00000,0.00001,0.00000,0.00000
32.41000,1.98000,0.99995,0.00000,0.00004,0.00001,0.00001
32.61000,1.98000,0.99994,0.00000,0.00004,0.00001,0.00001
32.81000,1.98000,0.99991,0.00000,0.00008,0.00001,0.00001
33.01000,1.98000,0.99993,0.00000,0.00006,0.00000,0.00001
33.21000,1.98000,0.99994,0.00000,0.00005,0.00000,0.00001
33.41000,1.98000,0.99976,0.00000,0.00020,0.00001,0.00004
33.61000,1.98000,0.99993,0.00000,0.00005,0.00000,0.00001
33.81000,1.98000,0.99988,0.00000,0.00010,0.00000,0.00002
34.01000,1.98000,0.99990,0.00000,0.00008,0.00000,0.00001
34.21000,1.98000,0.99993,0.00000,0.00006,0.00000,0.00001
34.41000,1.98000,0.99864,0.00000,0.00130,0.00000,0.00006
34.61000,1.98000,0.99951,0.00000,0.00047,0.00000,0.00002
34.81000,1.98000,0.97154,0.00000,0.02770,0.00020,0.00056
35.01000,1.98000,0.93758,0.00000,0.06058,0.00046,0.00137
35.21000,1.98000,0.65836,0.00004,0.33233,0.00423,0.00505
35.41000,1.98000,0.93174,0.00002,0.06520,0.00207,0.00097
35.61000,1.98000,0.97841,0.00001,0.02045,0.00073,0.00039
35.81000,1.98000,0.99871,0.00000,0.00123,0.00005,0.00001
36.01000,1.98000,0.99870,0.00000,0.00120,0.00009,0.00001
36.21000,1.98000,0.99991,0.00000,0.00007,0.00002,0.00000
36.41000,1.98000,0.99998,0.00000,0.00001,0.00001,0.00000
36.61000,1.98000,0.99999,0.00000,0.00001,0.00000,0.00000
36.81000,1.98000,0.99999,0.00000,0.00001,0.00000,0.00000
37.01000,1.98000,0.99999,0.00000,0.00000,0.00000,0.00000
37.21000,1.98000,0.99999,0.00000,0.00001,0.00000,0.00000
37.41000,1.98000,0.99999,0.00000,0.00001,0.00000,0.00000
37.61000,1.98000,0.99999,0.00000,0.00000,0.00000,0.00000
37.81000,1.98000,0.99999,0.00000,0.00000,0.00000,0.00000
38.01000,1.98000,0.99996,0.00000,0.00002,0.00001,0.00000
38.21000,1.98000,0.99995,0.00000,0.00004,0.00002,0.00000
38.41000,1.98000,0.99990,0.00000,0.00007,0.00003,0.00000
38.61000,1.98000,0.99994,0.00000,0.00004,0.00002,0.00000
38.81000,1.98000,0.99993,0.00000,0.00004,0.00002,0.00000
39.01000,1.98000,0.99997,0.00000,0.00002,0.00001,0.00000
39.21000,1.98000,0.99995,0.00000,0.00004,0.00001,0.00000
39.41000,1.98000,0.99989,0.00000,0.00009,0.00001,0.00001
39.61000,1.98000,0.99996,0.00000,0.00003,0.00000,0.00000
39.81000,1.98000,0.99997,0.00000,0.00002,0.00000,0.00000
40.01000,1.98000,0.99992,0.00000,0.00006,0.00000,0.00001
40.21000,1.98000,0.99994,0.00000,0.00005,0.00000,0.00001
40.41000,1.98000,0.99993,0.00000,0.00005,0.00000,0.00001
40.61000,1.98000,0.99989,0.00000,0.00009,0.00000,0.00002
40.81000,1.98000,0.99984,0.00000,0.00013,0.00000,0.00004
41.01000,1.98000,0.99987,0.00000,0.00009,0.00000,0.00004
41.21000,1.98000,0.99980,0.00000,0.00013,0.00000,0.00007
41.41000,1.98000,0.99988,0.00000,0.00008,0.00000,0.00004
41.61000,1.98000,0.99987,0.00000,0.00008,0.00000,0.00004
41.81000,1.98000,0.99983,0.00000,0.00011,0.00000,0.00006
42.01000,1.98000,0.99992,0.00000,0.00006,0.00000,0.00002
42.21000,1.98000,0.99981,0.00000,0.00018,0.00000,0.00001
42.41000,1.98000,0.99949,0.00000,0.00050,0.00000,0.00001
42.61000,1.98000,0.98917,0.00000,0.01078,0.00000,0.00005
42.81000,1.98000,0.93376,0.00000,0.06596,0.00014,0.00014
43.01000,1.98000,0.62337,0.00003,0.37551,0.00082,0.00027
43.21000,1.98000,0.69198,0.00018,0.30389,0.00341,0.00054
43.41000,1.98000,0.97500,0.00002,0.02471,0.00025,0.00002
43.61000,1.98000,0.99910,0.00000,0.00087,0.00003,0.00000
43.81000,1.98000,0.99904,0.00000,0.00094,0.00002,0.00000
44.01000,1.98000,0.99988,0.00000,0.00010,0.00001,0.00000
44.21000,1.98000,0.99996,0.00000,0.00002,0.00002,0.00000
44.41000,1.98000,0.99999,0.00000,0.00000,0.00001,0.00000
44.61000,1.98000,0.99999,0.00000,0.00000,0.00000,0.00000
44.81000,1.98000,0.99999,0.00000,0.00000,0.00000,0.00000
45.01000,1.98000,0.99999,0.00000,0.00000,0.00000,0.00000
45.21000,1.98000,0.99999,0.00000,0.00000,0.00000,0.00000
45.41000,1.98000,0.99999,0.00000,0.00000,0.00000,0.00000
45.61000,1.98000,1.00000,0.00000,0.00000,0.00000,0.00000
45.81000,1.98000,0.99999,0.00000,0.00000,0.00000,0.00000
46.01000,1.98000,0.99999,0.00000,0.00000,0.00000,0.00000
46.21000,1.98000,1.00000,0.00000,0.00000,0.00000,0.00000
46.41000,1.98000,0.99998,0.00000,0.00001,0.00001,0.00000
46.61000,1.98000,0.99996,0.00000,0.00002,0.00001,0.00001
46.81000,1.98000,0.99987,0.00000,0.00007,0.00004,0.00002
47.01000,1.98000,0.99993,0.00000,0.00004,0.00001,0.00002
47.21000,1.98000,0.99963,0.00000,0.00019,0.00004,0.00015
47.41000,1.98000,0.99975,0.00000,0.00012,0.00001,0.00013
47.61000,1.98000,0.99974,0.00000,0.00006,0.00001,0.00019
47.81000,1.98000,0.99984,0.00000,0.00004,0.00000,0.00012
48.01000,1.98000,0.99987,0.00000,0.00007,0.00000,0.00006
48.21000,1.98000,0.99979,0.00000,0.00015,0.00000,0.00006
48.41000,1.98000,0.99991,0.00000,0.00005,0.00000,0.00004
48.61000,1.98000,0.99988,0.00000,0.00007,0.00000,0.00005
48.81000,1.98000,0.99994,0.00000,0.00004,0.00000,0.00002
49.01000,1.98000,0.99993,0.00000,0.00004,0.00000,0.00002
49.21000,1.98000,0.99997,0.00000,0.00002,0.00000,0.00001
49.41000,1.98000,0.99993,0.00000,0.00005,0.00000,0.00002
49.61000,1.98000,0.99995,0.00000,0.00004,0.00000,0.00001
49.81000,1.98000,0.99996,0.00000,0.00003,0.00000,0.00001
50.01000,1.98000,0.99997,0.00000,0.00002,0.00000,0.00000
50.21000,1.98000,0.99974,0.00000,0.00024,0.00000,0.00002
50.41000,1.98000,0.99884,0.00000,0.00113,0.00000,0.00003
50.61000,1.98000,0.98815,0.00000,0.01166,0.00002,0.00017
50.81000,1.98000,0.88828,0.00000,0.11003,0.00031,0.00137
51.01000,1.98000,0.75504,0.00000,0.24002,0.00225,0.00269
51.21000,1.98000,0.77852,0.00000,0.21796,0.00236,0.00116
51.41000,1.98000,0.97882,0.00000,0.02060,0.00046,0.00011
51.61000,1.98000,0.99809,0.00000,0.00187,0.00004,0.00001
51.81000,1.98000,0.99928,0.00000,0.00065,0.00006,0.00000
52.01000,1.98000,0.99972,0.00000,0.00018,0.00010,0.00000
52.21000,1.98000,0.99998,0.00000,0.00001,0.00001,0.00000
52.41000,1.98000,0.99999,0.00000,0.00001,0.00000,0.00000
52.61000,1.98000,0.99999,0.00000,0.00001,0.00001,0.00000
52.81000,1.98000,0.99999,0.00000,0.00000,0.00000,0.00000
53.01000,1.98000,0.99999,0.00000,0.00000,0.00000,0.00000
53.21000,1.98000,0.99999,0.00000,0.00000,0.00000,0.00000
53.41000,1.98000,0.99999,0.00000,0.00000,0.00000,0.00000
53.61000,1.98000,0.99999,0.00000,0.00000,0.00000,0.00000
53.81000,1.98000,0.99999,0.00000,0.00000,0.00000,0.00000
54.01000,1.98000,0.99999,0.00000,0.00000,0.00000,0.00000
54.21000,1.98000,0.99999,0.00000,0.00000,0.00000,0.00000
54.41000,1.98000,0.99999,0.00000,0.00000,0.00000,0.00000
54.61000,1.98000,0.99999,0.00000,0.00000,0.00000,0.00000
54.81000,1.98000,1.00000,0.00000,0.00000,0.00000,0.00000
55.01000,1.98000,1.00000,0.00000,0.00000,0.00000,0.00000
55.21000,1.98000,1.00000,0.00000,0.00000,0.00000,0.00000
55.41000,1.98000,0.99999,0.00000,0.00000,0.00000,0.00000
55.61000,1.98000,0.99998,0.00000,0.00001,0.00001,0.00000
55.81000,1.98000,0.99997,0.00000,0.00002,0.00001,0.00001
56.01000,1.98000,0.99989,0.00000,0.00006,0.00001,0.00004
56.21000,1.98000,0.99985,0.00000,0.00008,0.00001,0.00006
56.41000,1.98000,0.99970,0.00000,0.00013,0.00001,0.00017
56.61000,1.98000,0.99944,0.00000,0.00026,0.00001,0.00028
56.81000,1.98000,0.99969,0.00000,0.00009,0.00000,0.00021
57.01000,1.98000,0.99964,0.00000,0.00012,0.00000,0.00023
57.21000,1.98000,0.99961,0.00000,0.00020,0.00000,0.00019
57.41000,1.98000,0.99980,0.00000,0.00013,0.00000,0.00007
57.61000,1.98000,0.99982,0.00000,0.00012,0.00000,0.00006
57.81000,1.98000,0.99989,0.00000,0.00006,0.00000,0.00004
58.01000,1.98000,0.99988,0.00000,0.00007,0.00000,0.00005
58.21000,1.98000,0.99993,0.00000,0.00005,0.00000,0.00003
58.41000,1.98000,0.99991,0.00000,0.00006,0.00000,0.00002
58.61000,1.98000,0.99998,0.00000,0.00002,0.00000,0.00000
58.81000,1.98000,0.99983,0.00000,0.00016,0.00000,0.00001
59.01000,1.98000,0.99894,0.00000,0.00099,0.00000,0.00007
59.21000,1.98000,0.95592,0.00000,0.04190,0.00007,0.00210
59.41000,1.98000,0.90412,0.00000,0.09103,0.00013,0.00472
59.61000,1.98000,0.78659,0.00000,0.20704,0.00049,0.00589
59.81000,1.98000,0.77885,0.00001,0.21139,0.00123,0.00852
60.01000,1.98000,0.93903,0.00000,0.05713,0.00066,0.00318
60.21000,1.98000,0.99384,0.00000,0.00596,0.00004,0.00016
60.41000,1.98000,0.99825,0.00000,0.00165,0.00007,0.00003
60.61000,1.98000,0.99994,0.00000,0.00005,0.00001,0.00000
60.81000,1.98000,0.99998,0.00000,0.00002,0.00000,0.00000
61.01000,1.98000,0.99998,0.00000,0.00002,0.00000,0.00000
61.21000,1.98000,0.99999,0.00000,0.00001,0.00000,0.00000
61.41000,1.98000,0.99999,0.00000,0.00000,0.00000,0.00000
61.61000,1.98000,0.99999,0.00000,0.00001,0.00000,0.00000
61.81000,1.98000,0.99999,0.00000,0.00001,0.00000,0.00000
62.01000,1.98000,0.99998,0.00000,0.00001,0.00000,0.00000
62.21000,1.98000,0.99997,0.00000,0.00002,0.00000,0.00000
62.41000,1.98000,0.99996,0.00000,0.00003,0.00000,0.00001
62.61000,1.98000,0.99993,0.00000,0.00005,0.00001,0.00001
62.81000,1.98000,0.99992,0.00000,0.00006,0.00000,0.00002
63.01000,1.98000,0.99993,0.00000,0.00005,0.00000,0.00002
63.21000,1.98000,0.99992,0.00000,0.00006,0.00000,0.00002
63.41000,1.98000,0.99983,0.00000,0.00014,0.00000,0.00004
63.61000,1.98000,0.99982,0.00000,0.00015,0.00000,0.00003
63.81000,1.98000,0.99986,0.00000,0.00011,0.00000,0.00003
64.01000,1.98000,0.99989,0.00000,0.00009,0.00000,0.00003
64.21000,1.98000,0.99991,0.00000,0.00008,0.00000,0.00002
64.41000,1.98000,0.99985,0.00000,0.00012,0.00000,0.00002
64.61000,1.98000,0.99960,0.00000,0.00035,0.00000,0.00005
64.81000,1.98000,0.99954,0.00000,0.00046,0.00000,0.00000
65.01000,1.98000,0.99120,0.00000,0.00879,0.00000,0.00001
65.21000,1.98000,0.81290,0.00005,0.18688,0.00006,0.00012
65.41000,1.98000,0.33146,0.00008,0.66730,0.00053,0.00064
65.61000,1.98000,0.78465,0.00013,0.21493,0.00023,0.00006
65.81000,1.98000,0.94248,0.00005,0.05732,0.00013,0.00003
66.01000,1.98000,0.98204,0.00002,0.01790,0.00003,0.00001
66.21000,1.98000,0.99092,0.00000,0.00907,0.00002,0.00000
66.41000,1.98000,0.99995,0.00000,0.00005,0.00000,0.00000
66.61000,1.98000,0.99988,0.00000,0.00010,0.00002,0.00000
66.81000,1.98000,0.99997,0.00000,0.00002,0.00001,0.00000
67.01000,1.98000,0.99998,0.00000,0.00001,0.00001,0.00000
67.21000,1.98000,0.99998,0.00000,0.00001,0.00000,0.00000
67.41000,1.98000,0.99999,0.00000,0.00001,0.00000,0.00000
67.61000,1.98000,0.99999,0.00000,0.00001,0.00000,0.00000
67.81000,1.98000,0.99998,0.00000,0.00001,0.00000,0.00000
68.01000,1.98000,0.99999,0.00000,0.00001,0.00000,0.00000
68.21000,1.98000,0.99996,0.00000,0.00003,0.00000,0.00000
68.41000,1.98000,0.99989,0.00000,0.00009,0.00001,0.00001
68.61000,1.98000,0.99993,0.00000,0.00005,0.00001,0.00001
68.81000,1.98000,0.99989,0.00000,0.00008,0.00001,0.00002
69.01000,1.98000,0.99987,0.00000,0.00009,0.00000,0.00003
69.21000,1.98000,0.99955,0.00000,0.00031,0.00001,0.00013
69.41000,1.98000,0.99976,0.00000,0.00014,0.00000,0.00009
69.61000,1.98000,0.99945,0.00000,0.00035,0.00000,0.00020
69.81000,1.98000,0.99977,0.00000,0.00015,0.00000,0.00008
70.01000,1.98000,0.99976,0.00000,0.00019,0.00000,0.00005
70.21000,1.98000,0.99990,0.00000,0.00008,0.00000,0.00002
70.41000,1.98000,0.99970,0.00000,0.00026,0.00000,0.00004
70.61000,1.98000,0.99953,0.00000,0.00039,0.00000,0.00008
70.81000,1.98000,0.99322,0.00000,0.00604,0.00001,0.00072
71.01000,1.98000,0.90415,0.00000,0.08614,0.00052,0.00918
71.21000,1.98000,0.63364,0.00001,0.35302,0.00231,0.01102
71.41000,1.98000,0.93645,0.00000,0.06015,0.00133,0.00206
71.61000,1.98000,0.93009,0.00001,0.06434,0.00252,0.00304
71.81000,1.98000,0.99725,0.00000,0.00252,0.00016,0.00007
72.01000,1.98000,0.99833,0.00000,0.00158,0.00007,0.00003
72.21000,1.98000,0.99974,0.00000,0.00022,0.00003,0.00001
72.41000,1.98000,0.99996,0.00000,0.00003,0.00001,0.00000
72.61000,1.98000,0.99998,0.00000,0.00001,0.00000,0.00000
72.81000,1.98000,0.99999,0.00000,0.00001,0.00000,0.00000
73.01000,1.98000,0.99999,0.00000,0.00001,0.00000,0.00000
73.21000,1.98000,0.99999,0.00000,0.00001,0.00000,0.00000
73.41000,1.98000,0.99999,0.00000,0.00001,0.00000,0.00000
73.61000,1.98000,0.99999,0.00000,0.00001,0.00000,0.00000
73.81000,1.98000,0.99999,0.00000,0.00001,0.00000,0.00000
74.01000,1.98000,0.99998,0.00000,0.00001,0.00000,0.00000
74.21000,1.98000,0.99998,0.00000,0.00001,0.00000,0.00000
74.41000,1.98000,0.99998,0.00000,0.00002,0.00000,0.00000
74.61000,1.98000,0.99997,0.00000,0.00002,0.00000,0.00001
74.81000,1.98000,0.99994,0.00000,0.00005,0.00000,0.00001
75.01000,1.98000,0.99992,0.00000,0.00007,0.00000,0.00001
75.21000,1.98000,0.99996,0.00000,0.00002,0.00000,0.00001
75.41000,1.98000,0.99988,0.00000,0.00008,0.00000,0.00004
75.61000,1.98000,0.99990,0.00000,0.00007,0.00000,0.00003
75.81000,1.98000,0.99980,0.00000,0.00014,0.00000,0.00006
76.01000,1.98000,0.99971,0.00000,0.00022,0.00000,0.00007
76.21000,1.98000,0.99979,0.00000,0.00015,0.00000,0.00006
76.41000,1.98000,0.99987,0.00000,0.00010,0.00000,0.00003
76.61000,1.98000,0.99993,0.00000,0.00005,0.00000,0.00002
76.81000,1.98000,0.99982,0.00000,0.00012,0.00000,0.00006
77.01000,1.98000,0.99989,0.00000,0.00007,0.00000,0.00004
77.21000,1.98000,0.99996,0.00000,0.00003,0.00000,0.00001
77.41000,1.98000,0.99993,0.00000,0.00004,0.00000,0.00002
77.61000,1.98000,0.99995,0.00000,0.00004,0.00000,0.00001
77.81000,1.98000,0.99994,0.00000,0.00004,0.00000,0.00002
78.01000,1.98000,0.99996,0.00000,0.00003,0.00000,0.00001
78.21000,1.98000,0.99995,0.00000,0.00003,0.00000,0.00002
78.41000,1.98000,0.99995,0.00000,0.00004,0.00000,0.00001
78.61000,1.98000,0.99998,0.00000,0.00002,0.00000,0.00001
78.81000,1.98000,0.99978,0.00000,0.00021,0.00000,0.00002
79.01000,1.98000,0.99894,0.00000,0.00101,0.00000,0.00005
79.21000,1.98000,0.97806,0.00000,0.02145,0.00009,0.00040
79.41000,1.98000,0.88814,0.00000,0.11008,0.00082,0.00096
79.61000,1.98000,0.75669,0.00001,0.23731,0.00346,0.00253
79.81000,1.98000,0.70675,0.00002,0.28093,0.01075,0.00154
80.01000,1.98000,0.92971,0.00002,0.06493,0.00463,0.00071
80.21000,1.98000,0.99776,0.00000,0.00210,0.00012,0.00002
80.41000,1.98000,0.99956,0.00000,0.00040,0.00003,0.00000
80.61000,1.98000,0.99987,0.00000,0.00010,0.00003,0.00000
80.81000,1.98000,0.99998,0.00000,0.00001,0.00001,0.00000
81.01000,1.98000,0.99998,0.00000,0.00001,0.00001,0.00000
81.21000,1.98000,0.99999,0.00000,0.00001,0.00000,0.00000
81.41000,1.98000,0.99999,0.00000,0.00000,0.00000,0.00000
81.61000,1.98000,0.99999,0.00000,0.00001,0.00000,0.00000
81.81000,1.98000,0.99999,0.00000,0.00001,0.00000,0.00000
82.01000,1.98000,0.99999,0.00000,0.00001,0.00000,0.00000
82.21000,1.98000,0.99999,0.00000,0.00000,0.00000,0.00000
82.41000,1.98000,0.99999,0.00000,0.00000,0.00000,0.00000
82.61000,1.98000,0.99999,0.00000,0.00000,0.00000,0.00000
82.81000,1.98000,0.99999,0.00000,0.00001,0.00000,0.00000
83.01000,1.98000,0.99998,0.00000,0.00001,0.00000,0.00000
83.21000,1.98000,0.99998,0.00000,0.00002,0.00000,0.00000
83.41000,1.98000,0.99998,0.00000,0.00002,0.00000,0.00000
83.61000,1.98000,0.99996,0.00000,0.00003,0.00000,0.00001
83.81000,1.98000,0.99996,0.00000,0.00003,0.00000,0.00002
84.01000,1.98000,0.99994,0.00000,0.00004,0.00000,0.00002
84.21000,1.98000,0.99992,0.00000,0.00005,0.00000,0.00003
84.41000,1.98000,0.99991,0.00000,0.00006,0.00000,0.00003
84.61000,1.98000,0.99987,0.00000,0.00009,0.00000,0.00004
84.81000,1.98000,0.99987,0.00000,0.00009,0.00000,0.00004
85.01000,1.98000,0.99981,0.00000,0.00010,0.00000,0.00008
85.21000,1.98000,0.99970,0.00000,0.00019,0.00000,0.00011
85.41000,1.98000,0.99973,0.00000,0.00018,0.00000,0.00010
85.61000,1.98000,0.99985,0.00000,0.00010,0.00000,0.00005
85.81000,1.98000,0.99983,0.00000,0.00010,0.00000,0.00006
86.01000,1.98000,0.99987,0.00000,0.00009,0.00000,0.00004
86.21000,1.98000,0.99994,0.00000,0.00004,0.00000,0.00002
86.41000,1.98000,0.99967,0.00000,0.00029,0.00000,0.00003
86.61000,1.98000,0.99899,0.00000,0.00094,0.00000,0.00007
86.81000,1.98000,0.98365,0.00000,0.01485,0.00002,0.00148
87.01000,1.98000,0.88694,0.00000,0.10929,0.00028,0.00349
87.21000,1.98000,0.74100,0.00000,0.25088,0.00102,0.00709
87.41000,1.98000,0.78821,0.00001,0.20616,0.00157,0.00406
87.61000,1.98000,0.91812,0.00001,0.07821,0.00141,0.00225
87.81000,1.98000,0.99463,0.00000,0.00519,0.00012,0.00006
88.01000,1.98000,0.99900,0.00000,0.00096,0.00003,0.00001
88.21000,1.98000,0.99988,0.00000,0.00009,0.00003,0.00000
88.41000,1.98000,0.99996,0.00000,0.00003,0.00001,0.00000
88.61000,1.98000,0.99997,0.00000,0.00002,0.00001,0.00000
88.81000,1.98000,0.99999,0.00000,0.00001,0.00000,0.00000
89.01000,1.98000,0.99999,0.00000,0.00000,0.00000,0.00000
89.21000,1.98000,0.99999,0.00000,0.00001,0.00000,0.00000
89.41000,1.98000,0.99998,0.00000,0.00001,0.00000,0.00000
89.61000,1.98000,0.99999,0.00000,0.00001,0.00000,0.00000
89.81000,1.98000,0.99998,0.00000,0.00001,0.00000,0.00000
90.01000,1.98000,0.99998,0.00000,0.00002,0.00000,0.00000
90.21000,1.98000,0.99996,0.00000,0.00003,0.00000,0.00001
90.41000,1.98000,0.99998,0.00000,0.00001,0.00000,0.00001
90.61000,1.98000,0.99997,0.00000,0.00002,0.00000,0.00001
90.81000,1.98000,0.99993,0.00000,0.00005,0.00000,0.00002
91.01000,1.98000,0.99989,0.00000,0.00007,0.00000,0.00004
91.21000,1.98000,0.99993,0.00000,0.00004,0.00000,0.00003
91.41000,1.98000,0.99980,0.00000,0.00012,0.00000,0.00009
91.61000,1.98000,0.99976,0.00000,0.00015,0.00000,0.00009
91.81000,1.98000,0.99982,0.00000,0.00010,0.00000,0.00008
92.01000,1.98000,0.99985,0.00000,0.00009,0.00000,0.00006
92.21000,1.98000,0.99992,0.00000,0.00006,0.00000,0.00003
92.41000,1.98000,0.99967,0.00000,0.00030,0.00000,0.00003
92.61000,1.98000,0.99976,0.00000,0.00021,0.00000,0.00002
92.81000,1.98000,0.99796,0.00000,0.00181,0.00001,0.00023
93.01000,1.98000,0.90884,0.00000,0.08750,0.00079,0.00287
93.21000,1.98000,0.84032,0.00001,0.15541,0.00102,0.00324
93.41000,1.98000,0.71479,0.00001,0.27621,0.00599,0.00299
93.61000,1.98000,0.94393,0.00001,0.05269,0.00177,0.00160
93.81000,1.98000,0.98620,0.00001,0.01253,0.00108,0.00018
94.01000,1.98000,0.99744,0.00000,0.00240,0.00014,0.00002
94.21000,1.98000,0.99890,0.00000,0.00086,0.00024,0.00001
94.41000,1.98000,0.99994,0.00000,0.00003,0.00002,0.00000
94.61000,1.98000,0.99997,0.00000,0.00002,0.00001,0.00000
94.81000,1.98000,0.99997,0.00000,0.00001,0.00001,0.00000
95.01000,1.98000,0.99998,0.00000,0.00001,0.00001,0.00000
95.21000,1.98000,0.99998,0.00000,0.00001,0.00001,0.00000
95.41000,1.98000,0.99999,0.00000,0.00001,0.00001,0.00000
95.61000,1.98000,0.99999,0.00000,0.00000,0.00000,0.00000
95.81000,1.98000,0.99998,0.00000,0.00001,0.00001,0.00000
96.01000,1.98000,0.99996,0.00000,0.00002,0.00002,0.00000
96.21000,1.98000,0.99998,0.00000,0.00001,0.00001,0.00000
96.41000,1.98000,0.99996,0.00000,0.00002,0.00001,0.00000
96.61000,1.98000,0.99996,0.00000,0.00003,0.00001,0.00001
96.81000,1.98000,0.99996,0.00000,0.00003,0.00000,0.00001
97.01000,1.98000,0.99998,0.00000,0.00001,0.00000,0.00001
97.21000,1.98000,0.99992,0.00000,0.00004,0.00001,0.00004
97.41000,1.98000,0.99987,0.00000,0.00007,0.00000,0.00006
97.61000,1.98000,0.99982,0.00000,0.00010,0.00000,0.00008
97.81000,1.98000,0.99957,0.00000,0.00026,0.00000,0.00016
98.01000,1.98000,0.99958,0.00000,0.00027,0.00000,0.00015
98.21000,1.98000,0.99975,0.00000,0.00013,0.00000,0.00012
98.41000,1.98000,0.99961,0.00000,0.00023,0.00000,0.00016
98.61000,1.98000,0.99982,0.00000,0.00009,0.00000,0.00009
98.81000,1.98000,0.99984,0.00000,0.00011,0.00000,0.00005
99.01000,1.98000,0.99986,0.00000,0.00010,0.00000,0.00005
99.21000,1.98000,0.99990,0.00000,0.00008,0.00000,0.00002
99.41000,1.98000,0.99999,0.00000,0.00001,0.00000,0.00000
99.61000,1.98000,0.99992,0.00000,0.00008,0.00000,0.00000
99.81000,1.98000,0.99986,0.00000,0.00014,0.00000,0.00000
100.01000,1.98000,0.99581,0.00000,0.00419,0.00000,0.00000
100.21000,1.98000,0.96307,0.00005,0.03679,0.00002,0.00007
100.41000,1.98000,0.90613,0.00008,0.09375,0.00002,0.00002
100.61000,1.98000,0.96436,0.00019,0.03541,0.00002,0.00002
100.81000,1.98000,0.95936,0.00040,0.04008,0.00013,0.00002
101.01000,1.98000,0.99933,0.00002,0.00065,0.00000,0.00000
101.21000,1.98000,0.99945,0.00000,0.00055,0.00000,0.00000
101.41000,1.98000,0.99987,0.00000,0.00012,0.00000,0.00000
101.61000,1.98000,0.99994,0.00000,0.00003,0.00002,0.00000
101.81000,1.98000,0.99999,0.00000,0.00001,0.00001,0.00000
102.01000,1.98000,0.99999,0.00000,0.00000,0.00001,0.00000
102.21000,1.98000,1.00000,0.00000,0.00000,0.00000,0.00000
102.41000,1.98000,0.99999,0.00000,0.00001,0.00001,0.00000
102.61000,1.98000,0.99999,0.00000,0.00001,0.00000,0.00000
102.81000,1.98000,0.99999,0.00000,0.00001,0.00000,0.00000
103.01000,1.98000,0.99999,0.00000,0.00001,0.00000,0.00000
103.21000,1.98000,0.99997,0.00000,0.00002,0.00000,0.00000
103.41000,1.98000,0.99998,0.00000,0.00002,0.00000,0.00000
103.61000,1.98000,0.99993,0.00000,0.00004,0.00000,0.00002
103.81000,1.98000,0.99982,0.00000,0.00009,0.00000,0.00008
104.01000,1.98000,0.99977,0.00000,0.00011,0.00000,0.00012
104.21000,1.98000,0.99934,0.00000,0.00031,0.00000,0.00035
104.41000,1.98000,0.99838,0.00000,0.00075,0.00000,0.00087
104.61000,1.98000,0.99934,0.00000,0.00033,0.00000,0.00033
104.81000,1.98000,0.99973,0.00000,0.00012,0.00000,0.00015
105.01000,1.98000,0.99987,0.00000,0.00007,0.00000,0.00006
105.21000,1.98000,0.99981,0.00000,0.00011,0.00000,0.00008
105.41000,1.98000,0.99987,0.00000,0.00009,0.00000,0.00004
105.61000,1.98000,0.99992,0.00000,0.00007,0.00000,0.00001
105.81000,1.98000,0.99978,0.00000,0.00020,0.00000,0.00002
106.01000,1.98000,0.99685,0.00000,0.00310,0.00000,0.00005
106.21000,1.98000,0.93023,0.00002,0.06644,0.00066,0.00266
106.41000,1.98000,0.91965,0.00002,0.07821,0.00116,0.00097
106.61000,1.98000,0.82754,0.00008,0.16462,0.00492,0.00284
106.81000,1.98000,0.98510,0.00003,0.01410,0.00064,0.00013
107.01000,1.98000,0.99941,0.00001,0.00049,0.00009,0.00001
107.21000,1.98000,0.99934,0.00000,0.00059,0.00006,0.00000
107.41000,1.98000,0.99990,0.00000,0.00008,0.00002,0.00000
107.61000,1.98000,0.99998,0.00000,0.00001,0.00001,0.00000
107.81000,1.98000,1.00000,0.00000,0.00000,0.00000,0.00000
108.01000,1.98000,0.99999,0.00000,0.00000,0.00001,0.00000
108.21000,1.98000,0.99999,0.00000,0.00000,0.00000,0.00000
108.41000,1.98000,0.99998,0.00000,0.00001,0.00001,0.00000
108.61000,1.98000,0.99997,0.00000,0.00001,0.00001,0.00001
108.81000,1.98000,0.99957,0.00000,0.00018,0.00011,0.00015
109.01000,1.98000,0.99872,0.00000,0.00052,0.00013,0.00064
109.21000,1.98000,0.99945,0.00000,0.00020,0.00002,0.00032
109.41000,1.98000,0.99909,0.00000,0.00047,0.00002,0.00043
109.61000,1.98000,0.99557,0.00000,0.00212,0.00005,0.00226
109.81000,1.98000,0.99842,0.00000,0.00077,0.00000,0.00081
110.01000,1.98000,0.99922,0.00000,0.00061,0.00000,0.00017
110.21000,1.98000,0.99670,0.00000,0.00319,0.00000,0.00011
110.41000,1.98000,0.98941,0.00000,0.01054,0.00000,0.00004
110.61000,1.98000,0.67308,0.00002,0.32434,0.00069,0.00186
110.81000,1.98000,0.83929,0.00001,0.15988,0.00018,0.00065
111.01000,1.98000,0.54350,0.00006,0.45367,0.00226,0.00051
111.21000,1.98000,0.70775,0.00003,0.29014,0.00152,0.00056
111.41000,1.98000,0.98579,0.00001,0.01390,0.00028,0.00002
111.61000,1.98000,0.99465,0.00000,0.00530,0.00005,0.00000
111.81000,1.98000,0.99835,0.00000,0.00155,0.00010,0.00000
112.01000,1.98000,0.99987,0.00000,0.00011,0.00002,0.00000
112.21000,1.98000,0.99997,0.00000,0.00002,0.00002,0.00000
112.41000,1.98000,0.99997,0.00000,0.00002,0.00001,0.00000
112.61000,1.98000,0.99999,0.00000,0.00000,0.00001,0.00000
112.81000,1.98000,0.99998,0.00000,0.00001,0.00001,0.00000
113.01000,1.98000,0.99999,0.00000,0.00001,0.00000,0.00000
113.21000,1.98000,1.00000,0.00000,0.00000,0.00000,0.00000
113.41000,1.98000,0.99999,0.00000,0.00000,0.00000,0.00000
113.61000,1.98000,0.99999,0.00000,0.00001,0.00000,0.00000
113.81000,1.98000,0.99996,0.00000,0.00003,0.00001,0.00000
114.01000,1.98000,0.99994,0.00000,0.00005,0.00001,0.00001
114.21000,1.98000,0.99978,0.00000,0.00017,0.00001,0.00004
114.41000,1.98000,0.99987,0.00000,0.00009,0.00001,0.00003
114.61000,1.98000,0.99981,0.00000,0.00008,0.00001,0.00011
114.81000,1.98000,0.99930,0.00000,0.00022,0.00001,0.00047
115.01000,1.98000,0.99807,0.00000,0.00085,0.00001,0.00108
115.21000,1.98000,0.99940,0.00000,0.00028,0.00000,0.00032
115.41000,1.98000,0.99911,0.00000,0.00072,0.00000,0.00016
115.61000,1.98000,0.99716,0.00000,0.00264,0.00000,0.00019
115.81000,1.98000,0.98720,0.00000,0.01250,0.00001,0.00029
116.01000,1.98000,0.88892,0.00032,0.10962,0.00018,0.00096
116.21000,1.98000,0.56662,0.00005,0.43211,0.00037,0.00084
116.41000,1.98000,0.63137,0.00016,0.36672,0.00083,0.00092
116.61000,1.98000,0.95899,0.00003,0.04077,0.00011,0.00010
116.81000,1.98000,0.99760,0.00002,0.00236,0.00002,0.00000
117.01000,1.98000,0.99761,0.00000,0.00237,0.00001,0.00000
117.21000,1.98000,0.99973,0.00000,0.00026,0.00001,0.00000
117.41000,1.98000,0.99994,0.00000,0.00005,0.00002,0.00000
117.61000,1.98000,0.99996,0.00000,0.00002,0.00001,0.00000
117.81000,1.98000,0.99998,0.00000,0.00001,0.00000,0.00000
118.01000,1.98000,0.99998,0.00000,0.00001,0.00000,0.00000
118.21000,1.98000,0.99999,0.00000,0.00001,0.00000,0.00000
118.41000,1.98000,0.99998,0.00000,0.00001,0.00001,0.00000
118.61000,1.98000,0.99993,0.00000,0.00004,0.00002,0.00000
118.81000,1.98000,0.99994,0.00000,0.00004,0.00002,0.00000
119.01000,1.98000,0.99983,0.00000,0.00009,0.00007,0.00001
119.21000,1.98000,0.99937,0.00000,0.00033,0.00027,0.00003
119.41000,1.98000,0.99666,0.00000,0.00218,0.00098,0.00017
119.61000,1.98000,0.99915,0.00000,0.00048,0.00031,0.00006
119.81000,1.98000,0.99914,0.00000,0.00061,0.00015,0.00010
120.01000,1.98000,0.99965,0.00000,0.00028,0.00003,0.00004
120.21000,1.98000,0.99976,0.00000,0.00020,0.00001,0.00003
120.41000,1.98000,0.99938,0.00000,0.00054,0.00001,0.00008
120.61000,1.98000,0.99837,0.00000,0.00153,0.00002,0.00009
120.81000,1.98000,0.99266,0.00000,0.00710,0.00004,0.00020
121.01000,1.98000,0.79828,0.00001,0.19756,0.00230,0.00185
121.21000,1.98000,0.66842,0.00002,0.32463,0.00259,0.00435
121.41000,1.98000,0.60456,0.00003,0.38776,0.00556,0.00209
121.61000,1.98000,0.75460,0.00006,0.23851,0.00583,0.00101
121.81000,1.98000,0.97467,0.00001,0.02416,0.00113,0.00003
122.01000,1.98000,0.99425,0.00000,0.00540,0.00034,0.00001
122.21000,1.98000,0.99965,0.00000,0.00032,0.00003,0.00000
122.41000,1.98000,0.99997,0.00000,0.00002,0.00001,0.00000
122.61000,1.98000,0.99999,0.00000,0.00001,0.00000,0.00000
122.81000,1.98000,0.99997,0.00000,0.00001,0.00001,0.00000
123.01000,1.98000,0.99981,0.00000,0.00007,0.00009,0.00003
123.21000,1.98000,0.99955,0.00000,0.00019,0.00015,0.00011
123.41000,1.98000,0.99781,0.00002,0.00080,0.00066,0.00071
123.61000,1.98000,0.99584,0.00002,0.00153,0.00137,0.00124
123.81000,1.98000,0.99474,0.00009,0.00184,0.00144,0.00189
124.01000,1.98000,0.99791,0.00002,0.00060,0.00034,0.00114
124.21000,1.98000,0.99883,0.00000,0.00053,0.00012,0.00052
124.41000,1.98000,0.99893,0.00000,0.00061,0.00015,0.00031
124.61000,1.98000,0.99962,0.00000,0.00023,0.00005,0.00009
124.81000,1.98000,0.99987,0.00000,0.00010,0.00002,0.00002
125.01000,1.98000,0.99991,0.00000,0.00007,0.00000,0.00002
125.21000,1.98000,0.99993,0.00000,0.00005,0.00000,0.00001
125.41000,1.98000,0.99990,0.00000,0.00010,0.00000,0.00001
125.61000,1.98000,0.99979,0.00000,0.00020,0.00000,0.00001
125.81000,1.98000,0.99833,0.00000,0.00167,0.00000,0.00000
126.01000,1.98000,0.95299,0.00002,0.04675,0.00009,0.00015
126.21000,1.98000,0.84864,0.00013,0.15058,0.00040,0.00024
126.41000,1.98000,0.59510,0.00026,0.40170,0.00234,0.00060
126.61000,1.98000,0.75490,0.00026,0.24344,0.00122,0.00017
126.81000,1.98000,0.98470,0.00004,0.01502,0.00020,0.00004
127.01000,1.98000,0.99964,0.00000,0.00036,0.00000,0.00000
127.21000,1.98000,0.99978,0.00000,0.00021,0.00001,0.00000
127.41000,1.98000,0.99997,0.00000,0.00002,0.00001,0.00000
127.61000,1.98000,0.99997,0.00000,0.00002,0.00001,0.00000
127.81000,1.98000,0.99999,0.00000,0.00001,0.00001,0.00000
128.00999,1.98001,0.99999,0.00000,0.00001,0.00000,0.00000
128.21001,1.98000,0.99999,0.00000,0.00001,0.00000,0.00000
128.41000,1.98000,0.99999,0.00000,0.00001,0.00000,0.00000
128.61000,1.98000,0.99999,0.00000,0.00000,0.00000,0.00000
128.81000,1.98000,0.99998,0.00000,0.00001,0.00001,0.00000
129.00999,1.98001,0.99997,0.00000,0.00002,0.00001,0.00000
129.21001,1.98000,0.99998,0.00000,0.00001,0.00001,0.00000
129.41000,1.98000,0.99998,0.00000,0.00001,0.00000,0.00000
129.61000,1.98000,0.99996,0.00000,0.00004,0.00001,0.00000
129.81000,1.98000,0.99997,0.00000,0.00003,0.00000,0.00000
130.00999,1.98001,0.99998,0.00000,0.00001,0.00000,0.00001
130.21001,1.98000,0.99996,0.00000,0.00003,0.00000,0.00001
130.41000,1.98000,0.99992,0.00000,0.00005,0.00000,0.00002
130.61000,1.98000,0.99995,0.00000,0.00003,0.00000,0.00002
130.81000,1.98000,0.99992,0.00000,0.00005,0.00000,0.00003
131.00999,1.98001,0.99990,0.00000,0.00007,0.00000,0.00003
131.21001,1.98000,0.99994,0.00000,0.00004,0.00000,0.00001
131.41000,1.98000,0.99996,0.00000,0.00004,0.00000,0.00000
131.61000,1.98000,0.99917,0.00000,0.00079,0.00000,0.00004
131.81000,1.98000,0.98142,0.00000,0.01836,0.00002,0.00020
132.00999,1.98001,0.71472,0.00001,0.28200,0.00068,0.00258
132.21001,1.98000,0.69988,0.00001,0.29901,0.00061,0.00050
132.41000,1.98000,0.85128,0.00003,0.14594,0.00159,0.00116
132.61000,1.98000,0.97570,0.00000,0.02400,0.00016,0.00014
132.81000,1.98000,0.99159,0.00000,0.00820,0.00017,0.00004
133.00999,1.98001,0.99773,0.00000,0.00221,0.00006,0.00000
133.21001,1.98000,0.99995,0.00000,0.00004,0.00001,0.00000
133.41000,1.98000,0.99998,0.00000,0.00001,0.00001,0.00000
133.61000,1.98000,0.99999,0.00000,0.00000,0.00000,0.00000
133.81000,1.98000,0.99999,0.00000,0.00001,0.00000,0.00000
134.00999,1.98001,0.99998,0.00000,0.00001,0.00001,0.00000
134.21001,1.98000,0.99996,0.00000,0.00002,0.00001,0.00000
134.41000,1.98000,0.99992,0.00000,0.00005,0.00002,0.00001
134.61000,1.98000,0.99988,0.00000,0.00007,0.00003,0.00002
134.81000,1.98000,0.99991,0.00000,0.00005,0.00002,0.00002
135.00999,1.98001,0.99989,0.00000,0.00005,0.00002,0.00005
135.21001,1.98000,0.99991,0.00000,0.00006,0.00000,0.00003
135.41000,1.98000,0.99984,0.00000,0.00011,0.00001,0.00005
135.61000,1.98000,0.99991,0.00000,0.00007,0.00000,0.00002
135.81000,1.98000,0.99993,0.00000,0.00005,0.00000,0.00002
136.00999,1.98001,0.99991,0.00000,0.00007,0.00000,0.00001
136.21001,1.98000,0.99981,0.00000,0.00015,0.00000,0.00004
136.41000,1.98000,0.99990,0.00000,0.00010,0.00000,0.00001
136.61000,1.98000,0.99982,0.00000,0.00017,0.00000,0.00001
136.81000,1.98000,0.99965,0.00000,0.00034,0.00000,0.00001
137.00999,1.98001,0.99744,0.00000,0.00252,0.00000,0.00004
137.21001,1.98000,0.99516,0.00000,0.00472,0.00001,0.00011
137.41000,1.98000,0.99196,0.00001,0.00792,0.00001,0.00010
137.61000,1.98000,0.98735,0.00033,0.01200,0.00001,0.00030
137.81000,1.98000,0.99232,0.00195,0.00557,0.00000,0.00015
138.00999,1.98001,0.98257,0.00909,0.00812,0.00001,0.00022
138.21001,1.98000,0.98814,0.00971,0.00210,0.00000,0.00005
138.41000,1.98000,0.97488,0.02294,0.00211,0.00001,0.00006
138.61000,1.98000,0.96570,0.03338,0.00087,0.00001,0.00004
138.81000,1.98000,0.97057,0.02846,0.00085,0.00001,0.00012
