Time (seconds), Duration (seconds),pred_(unlabeled),pred_On,pred_Off,pred_Dimmer,pred_Lighter
0.01000,1.98000,0.99836,0.00000,0.00074,0.00029,0.00062
0.21000,1.98000,0.99778,0.00000,0.00061,0.00078,0.00082
0.41000,1.98000,0.98132,0.00001,0.00558,0.00538,0.00772
0.61000,1.98000,0.99788,0.00000,0.00105,0.00044,0.00063
0.81000,1.98000,0.99518,0.00000,0.00106,0.00091,0.00285
1.01000,1.98000,0.99655,0.00000,0.00110,0.00177,0.00058
1.21000,1.98000,0.99691,0.00000,0.00029,0.00147,0.00133
1.41000,1.98000,0.99927,0.00000,0.00030,0.00019,0.00025
1.61000,1.98000,0.99767,0.00000,0.00076,0.00055,0.00102
1.81000,1.98000,0.99931,0.00000,0.00031,0.00025,0.00013
2.01000,1.98000,0.99966,0.00000,0.00013,0.00012,0.00009
2.21000,1.98000,0.99976,0.00000,0.00010,0.00008,0.00006
2.41000,1.98000,0.99959,0.00000,0.00013,0.00025,0.00003
2.61000,1.98000,0.99978,0.00000,0.00008,0.00013,0.00002
2.81000,1.98000,0.99986,0.00000,0.00005,0.00008,0.00001
3.01000,1.98000,0.99989,0.00000,0.00005,0.00005,0.00001
3.21000,1.98000,0.99996,0.00000,0.00002,0.00002,0.00000
3.41000,1.98000,0.99994,0.00000,0.00002,0.00003,0.00000
3.61000,1.98000,0.99996,0.00000,0.00001,0.00002,0.00001
3.81000,1.98000,0.99994,0.00000,0.00001,0.00003,0.00002
4.01000,1.98000,0.99968,0.00000,0.00010,0.00017,0.00005
4.21000,1.98000,0.99984,0.00000,0.00004,0.00008,0.00004
4.41000,1.98000,0.99984,0.00000,0.00003,0.00009,0.00004
4.61000,1.98000,0.99986,0.00000,0.00004,0.00008,0.00002
4.81000,1.98000,0.99997,0.00000,0.00000,0.00001,0.00001
5.01000,1.98000,0.99998,0.00000,0.00001,0.00001,0.00001
5.21000,1.98000,0.99999,0.00000,0.00000,0.00000,0.00000
5.41000,1.98000,0.99998,0.00000,0.00000,0.00001,0.00000
5.61000,1.98000,0.99999,0.00000,0.00000,0.00000,0.00000
5.81000,1.98000,0.99999,0.00000,0.00000,0.00000,0.00000
6.01000,1.98000,0.99999,0.00000,0.00000,0.00000,0.00000
6.21000,1.98000,0.99999,0.00000,0.00000,0.00000,0.00000
6.41000,1.98000,0.99999,0.00000,0.00000,0.00000,0.00000
6.61000,1.98000,0.99999,0.00000,0.00000,0.00000,0.00000
6.81000,1.98000,1.00000,0.00000,0.00000,0.00000,0.00000
7.01000,1.98000,1.00000,0.00000,0.00000,0.00000,0.00000
7.21000,1.98000,1.00000,0.00000,0.00000,0.00000,0.00000
7.41000,1.98000,0.99999,0.00000,0.00000,0.00000,0.00000
7.61000,1.98000,0.99998,0.00000,0.00000,0.00001,0.00000
7.81000,1.98000,0.99999,0.00000,0.00000,0.00001,0.00000
8.01000,1.98000,0.99997,0.00000,0.00001,0.00002,0.00001
8.21000,1.98000,0.99989,0.00000,0.00002,0.00007,0.00003
8.41000,1.98000,0.99993,0.00000,0.00002,0.00003,0.00003
8.61000,1.98000,0.99845,0.00000,0.00051,0.00024,0.00080
8.81000,1.98000,0.99849,0.00000,0.00087,0.00023,0.00041
9.01000,1.98000,0.99120,0.00001,0.00714,0.00056,0.00109
9.21000,1.98000,0.92688,0.00002,0.06924,0.00201,0.00184
9.41000,1.98000,0.87667,0.00002,0.11865,0.00162,0.00305
9.61000,1.98000,0.79916,0.00003,0.19074,0.00374,0.00633
9.81000,1.98000,0.95133,0.00002,0.04807,0.00019,0.00039
10.01000,1.98000,0.95079,0.00001,0.04782,0.00025,0.00113
10.21000,1.98000,0.98700,0.00000,0.01293,0.00002,0.00005
10.41000,1.98000,0.99841,0.00000,0.00157,0.00001,0.00002
10.61000,1.98000,0.99797,0.00000,0.00199,0.00002,0.00002
10.81000,1.98000,0.99920,0.00000,0.00047,0.00001,0.00032
11.01000,1.98000,0.99475,0.00008,0.00473,0.00002,0.00042
11.21000,1.98000,0.99803,0.00004,0.00171,0.00000,0.00021
11.41000,1.98000,0.99702,0.00044,0.00196,0.00002,0.00056
11.61000,1.98000,0.99620,0.00071,0.00277,0.00002,0.00030
11.81000,1.98000,0.99525,0.00170,0.00288,0.00003,0.00014
12.01000,1.98000,0.99539,0.00186,0.00255,0.00002,0.00018
12.21000,1.98000,0.96105,0.01307,0.02137,0.00057,0.00394
12.41000,1.98000,0.84785,0.06240,0.07015,0.00916,0.01044
12.61000,1.98000,0.95996,0.00354,0.02726,0.00666,0.00258
12.81000,1.98000,0.98954,0.00025,0.00599,0.00401,0.00021
13.01000,1.98000,0.99772,0.00003,0.00111,0.00110,0.00004
13.21000,1.98000,0.99947,0.00000,0.00030,0.00022,0.00001
13.41000,1.98000,0.99977,0.00000,0.00008,0.00013,0.00001
13.61000,1.98000,0.99997,0.00000,0.00001,0.00002,0.00000
13.81000,1.98000,0.99998,0.00000,0.00000,0.00002,0.00000
14.01000,1.98000,0.99997,0.00000,0.00001,0.00002,0.00001
14.21000,1.98000,0.99998,0.00000,0.00001,0.00001,0.00000
14.41000,1.98000,0.99913,0.00004,0.00047,0.00030,0.00006
14.61000,1.98000,0.99801,0.00058,0.00084,0.00043,0.00014
14.81000,1.98000,0.99846,0.00025,0.00083,0.00023,0.00023
15.01000,1.98000,0.97918,0.01381,0.00650,0.00019,0.00031
15.21000,1.98000,0.89026,0.09663,0.01280,0.00018,0.00013
15.41000,1.98000,0.98517,0.01039,0.00443,0.00000,0.00001
15.61000,1.98000,0.98400,0.00181,0.01418,0.00000,0.00001
15.81000,1.98000,0.99716,0.00112,0.00172,0.00000,0.00000
16.01000,1.98000,0.96749,0.01032,0.02207,0.00000,0.00012
16.21000,1.98000,0.98471,0.01381,0.00120,0.00000,0.00029
16.41000,1.98000,0.98861,0.00484,0.00593,0.00000,0.00062
16.61000,1.98000,0.98668,0.00706,0.00560,0.00000,0.00067
16.81000,1.98000,0.98502,0.01236,0.00206,0.00000,0.00055
17.01000,1.98000,0.99865,0.00101,0.00019,0.00000,0.00015
17.21000,1.98000,0.99370,0.00519,0.00057,0.00000,0.00054
17.41000,1.98000,0.98500,0.01219,0.00042,0.00007,0.00231
17.61000,1.98000,0.99573,0.00318,0.00021,0.00009,0.00080
17.81000,1.98000,0.99919,0.00008,0.00006,0.00004,0.00063
18.01000,1.98000,0.99875,0.00029,0.00039,0.00017,0.00039
18.21000,1.98000,0.99850,0.00006,0.00034,0.00084,0.00025
18.41000,1.98000,0.99978,0.00002,0.00006,0.00011,0.00003
18.61000,1.98000,0.99992,0.00000,0.00001,0.00004,0.00003
18.81000,1.98000,0.99997,0.00000,0.00002,0.00000,0.00000
19.01000,1.98000,0.99978,0.00002,0.00020,0.00000,0.00000
19.21000,1.98000,0.99943,0.00005,0.00051,0.00000,0.00000
19.41000,1.98000,0.93885,0.00530,0.05532,0.00046,0.00007
19.61000,1.98000,0.97649,0.00192,0.02140,0.00017,0.00002
19.81000,1.98000,0.98983,0.00322,0.00674,0.00017,0.00004
20.01000,1.98000,0.98686,0.00116,0.01172,0.00018,0.00007
20.21000,1.98000,0.99646,0.00053,0.00298,0.00002,0.00001
20.41000,1.98000,0.99906,0.00023,0.00070,0.00000,0.00000
20.61000,1.98000,0.99985,0.00001,0.00013,0.00001,0.00000
20.81000,1.98000,0.99987,0.00001,0.00007,0.00003,0.00002
21.01000,1.98000,0.99955,0.00008,0.00017,0.00013,0.00007
21.21000,1.98000,0.99449,0.00099,0.00112,0.00111,0.00228
21.41000,1.98000,0.99784,0.00043,0.00036,0.00072,0.00065
21.61000,1.98000,0.99767,0.00023,0.00053,0.00021,0.00136
21.81000,1.98000,0.99880,0.00006,0.00018,0.00017,0.00079
22.01000,1.98000,0.99888,0.00003,0.00021,0.00012,0.00075
22.21000,1.98000,0.99898,0.00002,0.00042,0.00018,0.00040
22.41000,1.98000,0.99693,0.00000,0.00237,0.00053,0.00017
22.61000,1.98000,0.99930,0.00000,0.00028,0.00035,0.00007
22.81000,1.98000,0.99963,0.00000,0.00021,0.00015,0.00001
23.01000,1.98000,0.99974,0.00000,0.00011,0.00014,0.00001
23.21000,1.98000,0.99970,0.00000,0.00008,0.00021,0.00001
23.41000,1.98000,0.99977,0.00000,0.00005,0.00018,0.00001
23.61000,1.98000,0.99989,0.00000,0.00007,0.00003,0.00000
23.81000,1.98000,0.99982,0.00000,0.00016,0.00001,0.00001
24.01000,1.98000,0.99837,0.00003,0.00139,0.00009,0.00012
24.21000,1.98000,0.99145,0.00015,0.00658,0.00056,0.00125
24.41000,1.98000,0.92101,0.00091,0.06640,0.00136,0.01032
24.61000,1.98000,0.91943,0.00258,0.05134,0.00081,0.02584
24.81000,1.98000,0.97828,0.00141,0.01803,0.00033,0.00194
25.01000,1.98000,0.96922,0.00002,0.03045,0.00001,0.00031
25.21000,1.98000,0.94305,0.00002,0.05674,0.00000,0.00020
25.41000,1.98000,0.98980,0.00000,0.01017,0.00000,0.00003
25.61000,1.98000,0.99318,0.00001,0.00668,0.00002,0.00012
25.81000,1.98000,0.98138,0.00001,0.01844,0.00002,0.00014
26.01000,1.98000,0.97654,0.00003,0.02327,0.00001,0.00015
26.21000,1.98000,0.98103,0.00017,0.01874,0.00001,0.00004
26.41000,1.98000,0.98456,0.00088,0.01447,0.00003,0.00006
26.61000,1.98000,0.99655,0.00025,0.00318,0.00001,0.00001
26.81000,1.98000,0.98470,0.00095,0.01422,0.00006,0.00007
27.01000,1.98000,0.99594,0.00150,0.00254,0.00001,0.00001
27.21000,1.98000,0.99440,0.00070,0.00487,0.00002,0.00001
27.41000,1.98000,0.99419,0.00161,0.00378,0.00007,0.00035
27.61000,1.98000,0.98497,0.00100,0.01334,0.00016,0.00052
27.81000,1.98000,0.99926,0.00002,0.00041,0.00001,0.00031
28.01000,1.98000,0.99839,0.00001,0.00127,0.00001,0.00032
28.21000,1.98000,0.99813,0.00000,0.00149,0.00001,0.00037
28.41000,1.98000,0.98953,0.00002,0.01004,0.00001,0.00039
28.61000,1.98000,0.99777,0.00001,0.00196,0.00000,0.00026
28.81000,1.98000,0.98548,0.00002,0.01407,0.00003,0.00040
29.01000,1.98000,0.95669,0.00001,0.04191,0.00010,0.00129
29.21000,1.98000,0.94446,0.00001,0.05447,0.00018,0.00087
29.41000,1.98000,0.96639,0.00022,0.03246,0.00033,0.00060
29.61000,1.98000,0.93963,0.00031,0.05955,0.00037,0.00015
29.81000,1.98000,0.97689,0.00096,0.02171,0.00032,0.00012
30.01000,1.98000,0.95642,0.00080,0.04235,0.00040,0.00003
30.21000,1.98000,0.99583,0.00012,0.00396,0.00009,0.00001
30.41000,1.98000,0.99336,0.00002,0.00602,0.00058,0.00003
30.61000,1.98000,0.99502,0.00006,0.00400,0.00075,0.00017
30.81000,1.98000,0.99266,0.00001,0.00719,0.00012,0.00002
31.01000,1.98000,0.99015,0.00000,0.00946,0.00035,0.00004
31.21000,1.98000,0.99358,0.00001,0.00579,0.00059,0.00003
31.41000,1.98000,0.99870,0.00000,0.00106,0.00016,0.00008
31.61000,1.98000,0.99952,0.00000,0.00033,0.00011,0.00004
31.81000,1.98000,0.99798,0.00000,0.00050,0.00068,0.00083
32.01000,1.98000,0.98741,0.00004,0.00159,0.00758,0.00338
32.21000,1.98000,0.98666,0.00002,0.00114,0.00512,0.00707
32.41000,1.98000,0.98719,0.00002,0.00127,0.00730,0.00422
32.61000,1.98000,0.99347,0.00002,0.00063,0.00328,0.00260
32.81000,1.98000,0.99006,0.00004,0.00044,0.00459,0.00488
33.01000,1.98000,0.99128,0.00006,0.00071,0.00552,0.00243
33.21000,1.98000,0.99978,0.00000,0.00006,0.00005,0.00011
33.41000,1.98000,0.99962,0.00000,0.00033,0.00001,0.00004
33.61000,1.98000,0.99900,0.00000,0.00096,0.00002,0.00003
33.81000,1.98000,0.91760,0.00004,0.08036,0.00156,0.00044
34.01000,1.98000,0.91850,0.00008,0.07668,0.00447,0.00027
34.21000,1.98000,0.92772,0.00003,0.07045,0.00166,0.00014
34.41000,1.98000,0.95669,0.00004,0.04195,0.00119,0.00013
34.61000,1.98000,0.89357,0.00047,0.10107,0.00387,0.00101
34.81000,1.98000,0.99446,0.00004,0.00536,0.00010,0.00004
35.01000,1.98000,0.99887,0.00001,0.00112,0.00001,0.00000
35.21000,1.98000,0.99932,0.00003,0.00046,0.00018,0.00001
35.41000,1.98000,0.99874,0.00006,0.00074,0.00044,0.00002
35.61000,1.98000,0.99729,0.00025,0.00139,0.00100,0.00008
35.81000,1.98000,0.99537,0.00055,0.00194,0.00170,0.00044
36.01000,1.98000,0.99100,0.00176,0.00323,0.00346,0.00055
36.21000,1.98000,0.99715,0.00019,0.00147,0.00084,0.00036
36.41000,1.98000,0.99904,0.00003,0.00064,0.00025,0.00004
36.61000,1.98000,0.99980,0.00000,0.00013,0.00005,0.00002
36.81000,1.98000,0.99977,0.00000,0.00008,0.00012,0.00003
37.01000,1.98000,0.99994,0.00000,0.00003,0.00002,0.00001
37.21000,1.98000,0.99997,0.00000,0.00001,0.00001,0.00001
37.41000,1.98000,0.99998,0.00000,0.00000,0.00001,0.00001
37.61000,1.98000,0.99995,0.00000,0.00000,0.00001,0.00004
37.81000,1.98000,0.99949,0.00000,0.00001,0.00004,0.00046
38.01000,1.98000,0.99917,0.00000,0.00002,0.00000,0.00081
38.21000,1.98000,0.99923,0.00000,0.00056,0.00000,0.00021
38.41000,1.98000,0.99242,0.00001,0.00645,0.00001,0.00111
38.61000,1.98000,0.89648,0.00025,0.09475,0.00021,0.00831
38.81000,1.98000,0.49452,0.00030,0.50308,0.00033,0.00177
39.01000,1.98000,0.64288,0.00108,0.35541,0.00019,0.00045
39.21000,1.98000,0.91210,0.00002,0.08770,0.00002,0.00016
39.41000,1.98000,0.92246,0.00005,0.07743,0.00000,0.00006
39.61000,1.98000,0.88198,0.00000,0.11802,0.00000,0.00000
39.81000,1.98000,0.85866,0.00001,0.14133,0.00000,0.00001
40.01000,1.98000,0.94004,0.00004,0.05971,0.00001,0.00020
40.21000,1.98000,0.95942,0.00017,0.03992,0.00001,0.00048
40.41000,1.98000,0.94440,0.00020,0.05278,0.00001,0.00262
40.61000,1.98000,0.99407,0.00014,0.00538,0.00000,0.00041
40.81000,1.98000,0.99314,0.00007,0.00614,0.00000,0.00065
41.01000,1.98000,0.97260,0.00069,0.02495,0.00000,0.00176
41.21000,1.98000,0.99653,0.00017,0.00288,0.00000,0.00043
41.41000,1.98000,0.99861,0.00036,0.00085,0.00000,0.00017
41.61000,1.98000,0.99651,0.00185,0.00094,0.00009,0.00060
41.81000,1.98000,0.99460,0.00329,0.00130,0.00043,0.00038
42.01000,1.98000,0.99873,0.00049,0.00029,0.00025,0.00024
42.21000,1.98000,0.99879,0.00020,0.00048,0.00027,0.00026
42.41000,1.98000,0.99964,0.00003,0.00004,0.00019,0.00009
42.61000,1.98000,0.99963,0.00002,0.00010,0.00017,0.00009
42.81000,1.98000,0.99991,0.00000,0.00002,0.00003,0.00005
43.01000,1.98000,0.99942,0.00000,0.00018,0.00024,0.00015
43.21000,1.98000,0.99983,0.00000,0.00006,0.00006,0.00005
43.41000,1.98000,0.99933,0.00000,0.00045,0.00001,0.00021
43.61000,1.98000,0.99798,0.00001,0.00179,0.00001,0.00021
43.81000,1.98000,0.99356,0.00008,0.00612,0.00002,0.00022
44.01000,1.98000,0.79145,0.00322,0.20380,0.00047,0.00107
44.21000,1.98000,0.76971,0.00504,0.22316,0.00057,0.00153
44.41000,1.98000,0.81063,0.00332,0.18494,0.00063,0.00047
44.61000,1.98000,0.87814,0.00052,0.12115,0.00012,0.00007
44.81000,1.98000,0.95146,0.00003,0.04848,0.00001,0.00001
45.01000,1.98000,0.98018,0.00001,0.01980,0.00000,0.00001
45.21000,1.98000,0.99938,0.00000,0.00062,0.00000,0.00000
45.41000,1.98000,0.99957,0.00000,0.00035,0.00008,0.00001
45.61000,1.98000,0.99978,0.00000,0.00017,0.00004,0.00000
45.81000,1.98000,0.99971,0.00000,0.00018,0.00009,0.00002
46.01000,1.98000,0.99951,0.00000,0.00038,0.00009,0.00002
46.21000,1.98000,0.99963,0.00005,0.00016,0.00007,0.00008
46.41000,1.98000,0.99875,0.00008,0.00100,0.00005,0.00012
46.61000,1.98000,0.99903,0.00033,0.00035,0.00001,0.00028
46.81000,1.98000,0.99424,0.00333,0.00203,0.00002,0.00038
47.01000,1.98000,0.81700,0.17293,0.00742,0.00032,0.00233
47.21000,1.98000,0.98546,0.01351,0.00063,0.00002,0.00038
47.41000,1.98000,0.98702,0.01245,0.00036,0.00000,0.00018
47.61000,1.98000,0.99460,0.00296,0.00092,0.00004,0.00149
47.81000,1.98000,0.99486,0.00104,0.00073,0.00003,0.00333
48.01000,1.98000,0.99355,0.00012,0.00077,0.00005,0.00551
48.21000,1.98000,0.99797,0.00001,0.00014,0.00002,0.00186
48.41000,1.98000,0.99643,0.00000,0.00007,0.00014,0.00336
48.61000,1.98000,0.99526,0.00001,0.00007,0.00030,0.00436
48.81000,1.98000,0.99464,0.00001,0.00047,0.00007,0.00482
49.01000,1.98000,0.99856,0.00002,0.00096,0.00002,0.00044
49.21000,1.98000,0.98819,0.00016,0.01070,0.00020,0.00076
49.41000,1.98000,0.97947,0.00013,0.01922,0.00024,0.00094
49.61000,1.98000,0.93930,0.00059,0.05660,0.00139,0.00212
49.81000,1.98000,0.98860,0.00011,0.01076,0.00015,0.00037
50.01000,1.98000,0.96702,0.00005,0.03271,0.00005,0.00018
50.21000,1.98000,0.97045,0.00001,0.02949,0.00001,0.00003
50.41000,1.98000,0.98451,0.00008,0.01536,0.00001,0.00004
50.61000,1.98000,0.99844,0.00000,0.00155,0.00000,0.00000
50.81000,1.98000,0.99813,0.00002,0.00162,0.00000,0.00023
51.01000,1.98000,0.99187,0.00044,0.00663,0.00002,0.00104
51.21000,1.98000,0.99027,0.00060,0.00700,0.00002,0.00211
51.41000,1.98000,0.99238,0.00154,0.00525,0.00001,0.00083
51.61000,1.98000,0.99628,0.00203,0.00131,0.00000,0.00037
51.81000,1.98000,0.97217,0.02240,0.00486,0.00001,0.00056
52.01000,1.98000,0.98972,0.00921,0.00085,0.00000,0.00021
52.21000,1.98000,0.99281,0.00650,0.00046,0.00001,0.00022
52.41000,1.98000,0.99236,0.00666,0.00056,0.00002,0.00039
52.61000,1.98000,0.99321,0.00622,0.00008,0.00004,0.00045
52.81000,1.98000,0.99387,0.00559,0.00007,0.00008,0.00040
53.01000,1.98000,0.98711,0.01239,0.00002,0.00002,0.00045
53.21000,1.98000,0.98646,0.01310,0.00001,0.00006,0.00038
53.41000,1.98000,0.97924,0.01712,0.00003,0.00025,0.00336
53.61000,1.98000,0.96381,0.02417,0.00008,0.00133,0.01061
53.81000,1.98000,0.92923,0.02391,0.00018,0.00386,0.04282
54.01000,1.98000,0.99133,0.00006,0.00004,0.00002,0.00856
54.21000,1.98000,0.99740,0.00004,0.00180,0.00000,0.00076
54.41000,1.98000,0.98870,0.00059,0.00991,0.00001,0.00080
54.61000,1.98000,0.91797,0.00112,0.07873,0.00005,0.00213
54.81000,1.98000,0.90865,0.00038,0.08986,0.00007,0.00105
55.01000,1.98000,0.62676,0.00003,0.37286,0.00003,0.00032
55.21000,1.98000,0.96370,0.00001,0.03601,0.00001,0.00027
55.41000,1.98000,0.99368,0.00001,0.00629,0.00000,0.00002
55.61000,1.98000,0.99946,0.00000,0.00054,0.00000,0.00000
55.81000,1.98000,0.98723,0.00000,0.01277,0.00000,0.00000
56.01000,1.98000,0.99888,0.00002,0.00105,0.00001,0.00004
56.21000,1.98000,0.99929,0.00020,0.00030,0.00001,0.00020
56.41000,1.98000,0.99741,0.00079,0.00054,0.00002,0.00124
56.61000,1.98000,0.99580,0.00260,0.00102,0.00004,0.00054
56.81000,1.98000,0.99373,0.00409,0.00140,0.00003,0.00075
57.01000,1.98000,0.93604,0.02337,0.03465,0.00066,0.00528
57.21000,1.98000,0.94162,0.00153,0.05214,0.00027,0.00443
57.41000,1.98000,0.96748,0.00025,0.02998,0.00016,0.00214
57.61000,1.98000,0.99705,0.00001,0.00256,0.00004,0.00033
57.81000,1.98000,0.99642,0.00000,0.00293,0.00029,0.00036
58.01000,1.98000,0.99841,0.00000,0.00121,0.00025,0.00012
58.21000,1.98000,0.99860,0.00000,0.00111,0.00022,0.00008
58.41000,1.98000,0.99954,0.00000,0.00038,0.00003,0.00004
58.61000,1.98000,0.99950,0.00000,0.00041,0.00003,0.00006
58.81000,1.98000,0.98925,0.00001,0.00983,0.00050,0.00041
59.01000,1.98000,0.85404,0.00035,0.13086,0.01244,0.00232
59.21000,1.98000,0.95274,0.00007,0.04277,0.00336,0.00106
59.41000,1.98000,0.91307,0.00008,0.08280,0.00238,0.00166
59.61000,1.98000,0.90262,0.00004,0.09268,0.00251,0.00215
59.81000,1.98000,0.84899,0.00005,0.14832,0.00187,0.00077
60.01000,1.98000,0.96541,0.00001,0.03415,0.00016,0.00027
60.21000,1.98000,0.98315,0.00000,0.01682,0.00002,0.00001
60.41000,1.98000,0.99280,0.00002,0.00713,0.00004,0.00001
60.61000,1.98000,0.98930,0.00010,0.01041,0.00013,0.00006
60.81000,1.98000,0.99808,0.00014,0.00170,0.00002,0.00006
61.01000,1.98000,0.99459,0.00005,0.00533,0.00001,0.00002
61.21000,1.98000,0.99188,0.00050,0.00742,0.00003,0.00017
61.41000,1.98000,0.99531,0.00024,0.00436,0.00004,0.00005
61.61000,1.98000,0.99922,0.00029,0.00048,0.00000,0.00001
61.81000,1.98000,0.99329,0.00034,0.00634,0.00002,0.00002
62.01000,1.98000,0.99933,0.00008,0.00058,0.00000,0.00000
62.21000,1.98000,0.99797,0.00042,0.00140,0.00006,0.00015
62.41000,1.98000,0.99556,0.00022,0.00308,0.00040,0.00075
62.61000,1.98000,0.98376,0.00055,0.01292,0.00191,0.00086
62.81000,1.98000,0.99152,0.00007,0.00725,0.00086,0.00030
63.01000,1.98000,0.99591,0.00008,0.00354,0.00041,0.00006
63.21000,1.98000,0.99850,0.00001,0.00140,0.00006,0.00004
63.41000,1.98000,0.99816,0.00001,0.00175,0.00001,0.00007
63.61000,1.98000,0.99917,0.00001,0.00080,0.00000,0.00002
63.81000,1.98000,0.99658,0.00002,0.00337,0.00000,0.00002
64.01000,1.98000,0.98655,0.00022,0.01291,0.00010,0.00022
64.21000,1.98000,0.98861,0.00217,0.00778,0.00021,0.00123
64.41000,1.98000,0.99377,0.00077,0.00456,0.00011,0.00078
64.61000,1.98000,0.99167,0.00467,0.00240,0.00004,0.00121
64.81000,1.98000,0.99084,0.00068,0.00813,0.00002,0.00033
65.01000,1.98000,0.99466,0.00065,0.00445,0.00001,0.00023
65.21000,1.98000,0.99919,0.00002,0.00076,0.00001,0.00001
65.41000,1.98000,0.99782,0.00008,0.00127,0.00061,0.00022
65.61000,1.98000,0.99733,0.00002,0.00179,0.00068,0.00018
65.81000,1.98000,0.99766,0.00002,0.00158,0.00052,0.00022
66.01000,1.98000,0.99883,0.00000,0.00107,0.00008,0.00002
66.21000,1.98000,0.99731,0.00000,0.00259,0.00008,0.00003
66.41000,1.98000,0.99972,0.00000,0.00026,0.00001,0.00001
66.61000,1.98000,0.99517,0.00000,0.00450,0.00022,0.00011
66.81000,1.98000,0.99829,0.00000,0.00143,0.00023,0.00005
67.01000,1.98000,0.99803,0.00000,0.00168,0.00026,0.00004
67.21000,1.98000,0.99774,0.00000,0.00179,0.00044,0.00003
67.41000,1.98000,0.99575,0.00000,0.00325,0.00098,0.00003
67.61000,1.98000,0.99908,0.00000,0.00041,0.00050,0.00001
67.81000,1.98000,0.99955,0.00000,0.00037,0.00008,0.00000
68.01000,1.98000,0.99965,0.00000,0.00016,0.00018,0.00001
68.21000,1.98000,0.99980,0.00000,0.00017,0.00002,0.00000
68.41000,1.98000,0.99989,0.00000,0.00011,0.00000,0.00000
68.61000,1.98000,0.99837,0.00000,0.00162,0.00001,0.00001
68.81000,1.98000,0.98594,0.00004,0.01369,0.00019,0.00014
69.01000,1.98000,0.82397,0.00061,0.17396,0.00097,0.00049
69.21000,1.98000,0.80888,0.00098,0.18761,0.00075,0.00178
69.41000,1.98000,0.99469,0.00003,0.00502,0.00002,0.00024
69.61000,1.98000,0.96365,0.00409,0.03037,0.00021,0.00167
69.81000,1.98000,0.97454,0.00012,0.02530,0.00001,0.00003
70.01000,1.98000,0.94041,0.00090,0.05857,0.00008,0.00005
70.21000,1.98000,0.96623,0.00010,0.03260,0.00104,0.00003
70.41000,1.98000,0.96652,0.00522,0.01900,0.00873,0.00054
70.61000,1.98000,0.99620,0.00005,0.00347,0.00020,0.00009
70.81000,1.98000,0.96056,0.00609,0.02962,0.00296,0.00077
71.01000,1.98000,0.98831,0.00033,0.01104,0.00023,0.00009
71.21000,1.98000,0.99273,0.00081,0.00597,0.00046,0.00003
71.41000,1.98000,0.99167,0.00010,0.00780,0.00038,0.00005
71.61000,1.98000,0.99004,0.00014,0.00768,0.00142,0.00072
71.81000,1.98000,0.99836,0.00001,0.00124,0.00020,0.00018
72.01000,1.98000,0.99927,0.00001,0.00061,0.00002,0.00009
72.21000,1.98000,0.99843,0.00001,0.00144,0.00002,0.00009
72.41000,1.98000,0.99696,0.00000,0.00268,0.00006,0.00030
72.61000,1.98000,0.99888,0.00000,0.00097,0.00002,0.00012
72.81000,1.98000,0.99896,0.00003,0.00056,0.00012,0.00033
73.01000,1.98000,0.99246,0.00014,0.00490,0.00032,0.00218
73.21000,1.98000,0.98208,0.00016,0.01371,0.00101,0.00303
73.41000,1.98000,0.99847,0.00000,0.00108,0.00000,0.00044
73.61000,1.98000,0.98097,0.00013,0.01778,0.00004,0.00108
73.81000,1.98000,0.97905,0.00003,0.01825,0.00010,0.00256
74.01000,1.98000,0.88415,0.00011,0.11144,0.00045,0.00386
74.21000,1.98000,0.61141,0.00002,0.38185,0.00229,0.00443
74.41000,1.98000,0.91107,0.00001,0.08498,0.00052,0.00342
74.61000,1.98000,0.97397,0.00000,0.02444,0.00023,0.00136
74.81000,1.98000,0.98860,0.00000,0.01100,0.00002,0.00038
75.01000,1.98000,0.98842,0.00000,0.01127,0.00005,0.00026
75.21000,1.98000,0.99602,0.00000,0.00384,0.00003,0.00011
75.41000,1.98000,0.99846,0.00000,0.00110,0.00015,0.00029
75.61000,1.98000,0.99083,0.00000,0.00739,0.00081,0.00097
75.81000,1.98000,0.99745,0.00000,0.00080,0.00032,0.00143
76.01000,1.98000,0.99853,0.00000,0.00062,0.00021,0.00064
76.21000,1.98000,0.99687,0.00000,0.00106,0.00063,0.00143
76.41000,1.98000,0.99803,0.00003,0.00071,0.00068,0.00056
76.61000,1.98000,0.99902,0.00001,0.00032,0.00024,0.00040
76.81000,1.98000,0.99862,0.00017,0.00036,0.00056,0.00030
77.01000,1.98000,0.99060,0.00048,0.00244,0.00449,0.00199
77.21000,1.98000,0.98906,0.00210,0.00162,0.00355,0.00367
77.41000,1.98000,0.99625,0.00033,0.00062,0.00123,0.00156
77.61000,1.98000,0.99853,0.00036,0.00029,0.00034,0.00048
77.81000,1.98000,0.99867,0.00023,0.00049,0.00005,0.00057
78.01000,1.98000,0.99873,0.00034,0.00065,0.00001,0.00027
78.21000,1.98000,0.99041,0.00444,0.00380,0.00010,0.00125
78.41000,1.98000,0.98392,0.00578,0.00780,0.00021,0.00228
78.61000,1.98000,0.87469,0.00301,0.11633,0.00126,0.00472
78.81000,1.98000,0.92805,0.00112,0.06427,0.00036,0.00619
79.01000,1.98000,0.94885,0.00122,0.04455,0.00079,0.00459
79.21000,1.98000,0.97983,0.00055,0.01859,0.00009,0.00093
79.41000,1.98000,0.99400,0.00002,0.00593,0.00001,0.00004
79.61000,1.98000,0.99843,0.00000,0.00154,0.00000,0.00002
79.81000,1.98000,0.99737,0.00002,0.00250,0.00004,0.00008
80.01000,1.98000,0.99896,0.00002,0.00076,0.00002,0.00024
80.21000,1.98000,0.99501,0.00004,0.00433,0.00004,0.00058
80.41000,1.98000,0.98556,0.00038,0.01173,0.00009,0.00224
80.61000,1.98000,0.97636,0.00131,0.01947,0.00029,0.00256
80.81000,1.98000,0.96875,0.00230,0.02102,0.00020,0.00773
81.01000,1.98000,0.98297,0.00273,0.00689,0.00017,0.00724
81.21000,1.98000,0.99302,0.00045,0.00467,0.00005,0.00182
81.41000,1.98000,0.99296,0.00129,0.00417,0.00017,0.00141
81.61000,1.98000,0.99371,0.00010,0.00463,0.00033,0.00123
81.81000,1.98000,0.99862,0.00024,0.00048,0.00041,0.00025
82.01000,1.98000,0.99854,0.00011,0.00059,0.00029,0.00047
82.21000,1.98000,0.99956,0.00012,0.00010,0.00014,0.00008
82.41000,1.98000,0.99953,0.00015,0.00017,0.00011,0.00003
82.61000,1.98000,0.99717,0.00227,0.00027,0.00024,0.00006
82.81000,1.98000,0.99651,0.00282,0.00061,0.00005,0.00001
83.01000,1.98000,0.98762,0.00532,0.00675,0.00027,0.00004
83.21000,1.98000,0.95321,0.03428,0.01201,0.00046,0.00004
83.41000,1.98000,0.95036,0.00510,0.04338,0.00110,0.00005
83.61000,1.98000,0.94381,0.00238,0.05307,0.00071,0.00003
83.81000,1.98000,0.95558,0.00011,0.04409,0.00021,0.00001
84.01000,1.98000,0.96345,0.00001,0.03645,0.00007,0.00001
84.21000,1.98000,0.98118,0.00001,0.01878,0.00002,0.00000
84.41000,1.98000,0.99567,0.00000,0.00432,0.00001,0.00000
84.61000,1.98000,0.99265,0.00001,0.00704,0.00024,0.00006
84.81000,1.98000,0.99331,0.00000,0.00644,0.00016,0.00009
85.01000,1.98000,0.99069,0.00002,0.00881,0.00020,0.00027
85.21000,1.98000,0.99509,0.00000,0.00470,0.00002,0.00019
85.41000,1.98000,0.99490,0.00001,0.00498,0.00003,0.00009
85.61000,1.98000,0.99341,0.00001,0.00644,0.00002,0.00012
85.81000,1.98000,0.99179,0.00002,0.00810,0.00003,0.00005
86.01000,1.98000,0.98827,0.00001,0.01163,0.00005,0.00005
86.21000,1.98000,0.98636,0.00000,0.01350,0.00006,0.00007
86.41000,1.98000,0.98972,0.00000,0.01021,0.00003,0.00004
86.61000,1.98000,0.93305,0.00000,0.06637,0.00030,0.00028
86.81000,1.98000,0.99454,0.00000,0.00535,0.00005,0.00006
87.01000,1.98000,0.99457,0.00000,0.00528,0.00004,0.00011
87.21000,1.98000,0.98620,0.00000,0.01328,0.00009,0.00043
87.41000,1.98000,0.98945,0.00000,0.00953,0.00008,0.00094
87.61000,1.98000,0.99396,0.00000,0.00482,0.00007,0.00115
87.81000,1.98000,0.99673,0.00000,0.00190,0.00003,0.00134
88.01000,1.98000,0.99827,0.00000,0.00134,0.00003,0.00036
88.21000,1.98000,0.99942,0.00000,0.00039,0.00001,0.00018
88.41000,1.98000,0.99994,0.00000,0.00004,0.00000,0.00002
88.61000,1.98000,0.99951,0.00000,0.00039,0.00000,0.00009
88.81000,1.98000,0.99839,0.00000,0.00154,0.00001,0.00007
89.01000,1.98000,0.99207,0.00000,0.00738,0.00037,0.00019
89.21000,1.98000,0.84376,0.00000,0.15301,0.00220,0.00103
89.41000,1.98000,0.87154,0.00015,0.11565,0.01149,0.00118
89.61000,1.98000,0.78196,0.00020,0.20338,0.01082,0.00365
89.81000,1.98000,0.97539,0.00021,0.02054,0.00346,0.00041
90.01000,1.98000,0.98979,0.00000,0.01005,0.00011,0.00005
90.21000,1.98000,0.99844,0.00000,0.00153,0.00002,0.00000
90.41000,1.98000,0.99826,0.00000,0.00164,0.00006,0.00003
90.61000,1.98000,0.99903,0.00000,0.00084,0.00009,0.00004
90.81000,1.98000,0.99747,0.00000,0.00200,0.00023,0.00030
91.01000,1.98000,0.99915,0.00000,0.00031,0.00012,0.00041
91.21000,1.98000,0.99898,0.00000,0.00037,0.00012,0.00053
91.41000,1.98000,0.99873,0.00000,0.00043,0.00008,0.00075
91.61000,1.98000,0.99082,0.00000,0.00476,0.00056,0.00386
91.81000,1.98000,0.99359,0.00002,0.00187,0.00119,0.00332
92.01000,1.98000,0.98438,0.00008,0.00670,0.00678,0.00206
92.21000,1.98000,0.99753,0.00000,0.00067,0.00112,0.00069
92.41000,1.98000,0.99911,0.00000,0.00014,0.00043,0.00032
92.61000,1.98000,0.99960,0.00000,0.00006,0.00023,0.00010
92.81000,1.98000,0.99966,0.00000,0.00010,0.00018,0.00006
93.01000,1.98000,0.99983,0.00000,0.00002,0.00010,0.00005
93.21000,1.98000,0.99995,0.00000,0.00001,0.00001,0.00003
93.41000,1.98000,0.99991,0.00000,0.00007,0.00001,0.00002
93.61000,1.98000,0.99976,0.00000,0.00021,0.00000,0.00003
93.81000,1.98000,0.99833,0.00002,0.00147,0.00003,0.00014
94.01000,1.98000,0.97818,0.00007,0.02099,0.00011,0.00064
94.21000,1.98000,0.94946,0.00029,0.04821,0.00080,0.00124
94.41000,1.98000,0.84273,0.00059,0.15452,0.00072,0.00144
94.61000,1.98000,0.98918,0.00057,0.01013,0.00006,0.00005
94.81000,1.98000,0.95719,0.00012,0.04265,0.00001,0.00003
95.01000,1.98000,0.98002,0.00008,0.01988,0.00000,0.00002
95.21000,1.98000,0.99610,0.00000,0.00389,0.00000,0.00000
95.41000,1.98000,0.99060,0.00005,0.00932,0.00000,0.00004
95.61000,1.98000,0.98587,0.00026,0.01367,0.00001,0.00019
95.81000,1.98000,0.95345,0.00524,0.03992,0.00001,0.00138
96.01000,1.98000,0.96866,0.00472,0.02373,0.00001,0.00288
96.21000,1.98000,0.95379,0.00595,0.03581,0.00000,0.00444
96.41000,1.98000,0.94431,0.00584,0.04465,0.00000,0.00520
96.61000,1.98000,0.97916,0.00061,0.01939,0.00000,0.00083
96.81000,1.98000,0.98116,0.00070,0.01554,0.00000,0.00260
97.01000,1.98000,0.98258,0.00013,0.01019,0.00000,0.00709
97.21000,1.98000,0.95950,0.00018,0.02275,0.00001,0.01756
97.41000,1.98000,0.98766,0.00002,0.00618,0.00001,0.00613
97.61000,1.98000,0.98428,0.00002,0.01130,0.00004,0.00437
97.81000,1.98000,0.99803,0.00001,0.00126,0.00000,0.00069
98.01000,1.98000,0.98868,0.00000,0.01028,0.00001,0.00102
98.21000,1.98000,0.99469,0.00003,0.00467,0.00001,0.00060
98.41000,1.98000,0.97169,0.00000,0.02794,0.00000,0.00036
98.61000,1.98000,0.97929,0.00004,0.02037,0.00000,0.00030
98.81000,1.98000,0.94504,0.00016,0.05395,0.00005,0.00081
99.01000,1.98000,0.78581,0.00199,0.21086,0.00044,0.00090
99.21000,1.98000,0.85246,0.00005,0.14732,0.00005,0.00012
99.41000,1.98000,0.87993,0.00006,0.11981,0.00008,0.00013
99.61000,1.98000,0.99320,0.00003,0.00673,0.00002,0.00001
99.81000,1.98000,0.99099,0.00002,0.00887,0.00005,0.00006
100.01000,1.98000,0.99814,0.00000,0.00183,0.00002,0.00000
100.21000,1.98000,0.99961,0.00000,0.00031,0.00007,0.00000
100.41000,1.98000,0.99992,0.00000,0.00005,0.00002,0.00000
100.61000,1.98000,0.99982,0.00000,0.00013,0.00005,0.00001
100.81000,1.98000,0.99990,0.00000,0.00009,0.00001,0.00000
101.01000,1.98000,0.99962,0.00000,0.00032,0.00003,0.00002
101.21000,1.98000,0.99854,0.00000,0.00141,0.00002,0.00002
101.41000,1.98000,0.99359,0.00001,0.00630,0.00005,0.00004
101.61000,1.98000,0.96687,0.00017,0.03274,0.00017,0.00004
101.81000,1.98000,0.98110,0.00003,0.01868,0.00011,0.00008
102.01000,1.98000,0.98705,0.00002,0.01291,0.00001,0.00001
102.21000,1.98000,0.98372,0.00003,0.01618,0.00006,0.00001
102.41000,1.98000,0.98163,0.00027,0.01800,0.00006,0.00003
102.61000,1.98000,0.99618,0.00042,0.00333,0.00004,0.00003
102.81000,1.98000,0.99543,0.00095,0.00354,0.00004,0.00004
103.01000,1.98000,0.99739,0.00192,0.00065,0.00002,0.00002
103.21000,1.98000,0.98631,0.01230,0.00099,0.00005,0.00035
103.41000,1.98000,0.99682,0.00178,0.00102,0.00001,0.00038
103.61000,1.98000,0.99509,0.00208,0.00244,0.00001,0.00038
103.81000,1.98000,0.93995,0.05146,0.00613,0.00017,0.00229
104.01000,1.98000,0.95962,0.01743,0.02173,0.00015,0.00107
104.21000,1.98000,0.91634,0.01447,0.06547,0.00075,0.00296
104.41000,1.98000,0.98436,0.00037,0.01424,0.00017,0.00087
104.61000,1.98000,0.98784,0.00020,0.01095,0.00039,0.00061
104.81000,1.98000,0.99361,0.00000,0.00634,0.00001,0.00003
105.01000,1.98000,0.98859,0.00005,0.01108,0.00020,0.00009
105.21000,1.98000,0.99949,0.00000,0.00036,0.00012,0.00002
105.41000,1.98000,0.99359,0.00012,0.00259,0.00342,0.00029
105.61000,1.98000,0.99889,0.00001,0.00050,0.00051,0.00009
105.81000,1.98000,0.99839,0.00005,0.00043,0.00098,0.00016
106.01000,1.98000,0.99961,0.00000,0.00018,0.00016,0.00005
106.21000,1.98000,0.99760,0.00004,0.00090,0.00087,0.00060
106.41000,1.98000,0.99980,0.00000,0.00014,0.00002,0.00004
106.61000,1.98000,0.99879,0.00000,0.00079,0.00026,0.00016
106.81000,1.98000,0.99920,0.00000,0.00055,0.00019,0.00007
107.01000,1.98000,0.99975,0.00000,0.00020,0.00004,0.00001
107.21000,1.98000,0.99961,0.00000,0.00033,0.00005,0.00001
107.41000,1.98000,0.99972,0.00000,0.00024,0.00002,0.00002
107.61000,1.98000,0.99991,0.00000,0.00008,0.00000,0.00001
107.81000,1.98000,0.99978,0.00000,0.00020,0.00001,0.00001
108.01000,1.98000,0.99963,0.00000,0.00028,0.00006,0.00003
108.21000,1.98000,0.99787,0.00000,0.00201,0.00001,0.00011
108.41000,1.98000,0.99461,0.00000,0.00511,0.00002,0.00026
108.61000,1.98000,0.96829,0.00001,0.03131,0.00004,0.00036
108.81000,1.98000,0.84543,0.00001,0.14989,0.00012,0.00455
109.01000,1.98000,0.27859,0.00009,0.71891,0.00066,0.00175
109.21000,1.98000,0.76001,0.00003,0.23627,0.00050,0.00319
109.41000,1.98000,0.89949,0.00002,0.10035,0.00008,0.00005
109.61000,1.98000,0.98241,0.00000,0.01745,0.00003,0.00010
109.81000,1.98000,0.99410,0.00000,0.00588,0.00001,0.00001
110.01000,1.98000,0.99880,0.00000,0.00119,0.00001,0.00001
110.21000,1.98000,0.99957,0.00000,0.00038,0.00003,0.00002
110.41000,1.98000,0.99772,0.00000,0.00103,0.00110,0.00015
110.61000,1.98000,0.99721,0.00000,0.00145,0.00095,0.00038
110.81000,1.98000,0.99774,0.00000,0.00089,0.00062,0.00075
111.01000,1.98000,0.99770,0.00000,0.00102,0.00061,0.00067
111.21000,1.98000,0.99918,0.00000,0.00038,0.00010,0.00034
111.41000,1.98000,0.99859,0.00000,0.00116,0.00011,0.00014
111.61000,1.98000,0.99943,0.00000,0.00041,0.00004,0.00012
111.81000,1.98000,0.99916,0.00000,0.00063,0.00015,0.00006
112.01000,1.98000,0.99887,0.00000,0.00080,0.00021,0.00012
112.21000,1.98000,0.99814,0.00000,0.00145,0.00029,0.00011
112.41000,1.98000,0.99915,0.00002,0.00057,0.00013,0.00013
112.61000,1.98000,0.99906,0.00000,0.00083,0.00006,0.00005
112.81000,1.98000,0.99793,0.00011,0.00157,0.00026,0.00014
113.01000,1.98000,0.99817,0.00023,0.00122,0.00018,0.00019
113.21000,1.98000,0.99750,0.00088,0.00153,0.00001,0.00008
113.41000,1.98000,0.99657,0.00021,0.00317,0.00000,0.00004
113.61000,1.98000,0.98193,0.00046,0.01756,0.00000,0.00004
113.81000,1.98000,0.96248,0.00077,0.03662,0.00001,0.00012
114.01000,1.98000,0.90876,0.00034,0.09066,0.00002,0.00022
114.21000,1.98000,0.91957,0.00005,0.08014,0.00005,0.00019
114.41000,1.98000,0.91963,0.00002,0.07997,0.00003,0.00035
114.61000,1.98000,0.98601,0.00001,0.01391,0.00001,0.00007
114.81000,1.98000,0.99927,0.00000,0.00072,0.00000,0.00001
115.01000,1.98000,0.99980,0.00000,0.00019,0.00000,0.00000
115.21000,1.98000,0.99967,0.00000,0.00024,0.00001,0.00007
115.41000,1.98000,0.99970,0.00020,0.00003,0.00002,0.00005
115.61000,1.98000,0.99892,0.00100,0.00002,0.00001,0.00005
115.81000,1.98000,0.89746,0.10188,0.00021,0.00013,0.00032
116.01000,1.98000,0.98152,0.01829,0.00009,0.00001,0.00009
116.21000,1.98000,0.97847,0.02126,0.00011,0.00000,0.00015
116.41000,1.98000,0.98652,0.01309,0.00030,0.00000,0.00009
116.61000,1.98000,0.99496,0.00429,0.00071,0.00000,0.00004
116.81000,1.98000,0.99642,0.00317,0.00040,0.00000,0.00001
117.01000,1.98000,0.99664,0.00109,0.00225,0.00000,0.00002
117.21000,1.98000,0.99564,0.00155,0.00280,0.00000,0.00000
117.41000,1.98000,0.99023,0.00017,0.00957,0.00000,0.00002
117.61000,1.98000,0.98897,0.00021,0.01080,0.00000,0.00003
117.81000,1.98000,0.94494,0.00061,0.05435,0.00000,0.00009
118.01000,1.98000,0.98545,0.00060,0.01388,0.00000,0.00007
118.21000,1.98000,0.91911,0.00301,0.07642,0.00000,0.00146
118.41000,1.98000,0.95490,0.00031,0.04339,0.00000,0.00140
118.61000,1.98000,0.97695,0.00015,0.02201,0.00000,0.00089
118.81000,1.98000,0.97044,0.00001,0.02797,0.00001,0.00156
119.01000,1.98000,0.99341,0.00001,0.00517,0.00003,0.00138
119.21000,1.98000,0.99226,0.00000,0.00604,0.00009,0.00161
119.41000,1.98000,0.99939,0.00000,0.00032,0.00005,0.00024
119.61000,1.98000,0.99916,0.00000,0.00055,0.00009,0.00020
119.81000,1.98000,0.99801,0.00000,0.00090,0.00070,0.00039
120.01000,1.98000,0.98050,0.00001,0.01020,0.00739,0.00190
120.21000,1.98000,0.99862,0.00000,0.00055,0.00062,0.00022
120.41000,1.98000,0.99898,0.00000,0.00036,0.00050,0.00016
120.61000,1.98000,0.99963,0.00000,0.00013,0.00019,0.00005
120.81000,1.98000,0.99978,0.00000,0.00007,0.00014,0.00002
121.01000,1.98000,0.99997,0.00000,0.00001,0.00002,0.00000
121.21000,1.98000,0.99999,0.00000,0.00000,0.00000,0.00000
121.41000,1.98000,1.00000,0.00000,0.00000,0.00000,0.00000
121.61000,1.98000,1.00000,0.00000,0.00000,0.00000,0.00000
121.81000,1.98000,1.00000,0.00000,0.00000,0.00000,0.00000
