Time (seconds), Duration (seconds),pred_(unlabeled),pred_On,pred_Off,pred_Dimmer,pred_Lighter
0.01000,1.98000,0.99997,0.00000,0.00001,0.00002,0.00001
0.21000,1.98000,0.99991,0.00000,0.00003,0.00005,0.00001
0.41000,1.98000,0.99986,0.00000,0.00003,0.00010,0.00001
0.61000,1.98000,0.99993,0.00000,0.00002,0.00005,0.00000
0.81000,1.98000,0.99992,0.00000,0.00002,0.00006,0.00000
1.01000,1.98000,0.99992,0.00000,0.00003,0.00005,0.00000
1.21000,1.98000,0.99982,0.00000,0.00003,0.00014,0.00001
1.41000,1.98000,0.99967,0.00000,0.00006,0.00024,0.00003
1.61000,1.98000,0.99967,0.00000,0.00010,0.00017,0.00005
1.81000,1.98000,0.99977,0.00000,0.00005,0.00014,0.00004
2.01000,1.98000,0.99984,0.00000,0.00003,0.00008,0.00004
2.21000,1.98000,0.99873,0.00000,0.00012,0.00057,0.00058
2.41000,1.98000,0.99952,0.00000,0.00010,0.00019,0.00018
2.61000,1.98000,0.99532,0.00001,0.00069,0.00256,0.00142
2.81000,1.98000,0.99972,0.00000,0.00003,0.00010,0.00014
3.01000,1.98000,0.99938,0.00000,0.00016,0.00020,0.00025
3.21000,1.98000,0.99945,0.00000,0.00011,0.00026,0.00018
3.41000,1.98000,0.99960,0.00000,0.00005,0.00022,0.00013
3.61000,1.98000,0.99969,0.00000,0.00007,0.00011,0.00013
3.81000,1.98000,0.99930,0.00000,0.00011,0.00022,0.00036
4.01000,1.98000,0.99916,0.00000,0.00024,0.00026,0.00033
4.21000,1.98000,0.99947,0.00000,0.00012,0.00012,0.00029
4.41000,1.98000,0.99854,0.00000,0.00069,0.00053,0.00025
4.61000,1.98000,0.99549,0.00000,0.00151,0.00241,0.00059
4.81000,1.98000,0.98862,0.00003,0.00241,0.00799,0.00095
5.01000,1.98000,0.99910,0.00000,0.00043,0.00040,0.00006
5.21000,1.98000,0.99940,0.00000,0.00018,0.00039,0.00003
5.41000,1.98000,0.99962,0.00000,0.00017,0.00021,0.00001
5.61000,1.98000,0.99973,0.00000,0.00011,0.00015,0.00000
5.81000,1.98000,0.99997,0.00000,0.00001,0.00002,0.00000
6.01000,1.98000,0.99996,0.00000,0.00001,0.00003,0.00000
6.21000,1.98000,0.99999,0.00000,0.00000,0.00001,0.00000
6.41000,1.98000,0.99999,0.00000,0.00000,0.00001,0.00000
6.61000,1.98000,1.00000,0.00000,0.00000,0.00000,0.00000
6.81000,1.98000,0.99999,0.00000,0.00000,0.00001,0.00000
7.01000,1.98000,0.99995,0.00000,0.00001,0.00004,0.00000
7.21000,1.98000,0.99996,0.00000,0.00001,0.00003,0.00000
7.41000,1.98000,0.99991,0.00000,0.00003,0.00006,0.00000
7.61000,1.98000,0.99997,0.00000,0.00001,0.00002,0.00000
7.81000,1.98000,0.99991,0.00000,0.00002,0.00005,0.00001
8.01000,1.98000,0.99990,0.00000,0.00002,0.00005,0.00003
8.21000,1.98000,0.99994,0.00000,0.00001,0.00002,0.00003
8.41000,1.98000,0.99985,0.00000,0.00002,0.00005,0.00008
8.61000,1.98000,0.99884,0.00000,0.00008,0.00023,0.00086
8.81000,1.98000,0.99876,0.00000,0.00003,0.00010,0.00111
9.01000,1.98000,0.99562,0.00001,0.00007,0.00006,0.00425
9.21000,1.98000,0.98728,0.00011,0.00016,0.00026,0.01219
9.41000,1.98000,0.94857,0.00275,0.00075,0.00141,0.04652
9.61000,1.98000,0.93740,0.00398,0.00188,0.00166,0.05509
9.81000,1.98000,0.88057,0.00311,0.00803,0.00233,0.10595
10.01000,1.98000,0.69762,0.01021,0.01725,0.00784,0.26707
10.21000,1.98000,0.71819,0.00233,0.00851,0.00470,0.26627
10.41000,1.98000,0.96438,0.00127,0.00333,0.00076,0.03026
10.61000,1.98000,0.98835,0.00002,0.00149,0.00024,0.00989
10.81000,1.98000,0.99381,0.00005,0.00064,0.00008,0.00542
11.01000,1.98000,0.99795,0.00000,0.00015,0.00002,0.00187
11.21000,1.98000,0.97810,0.00005,0.00152,0.00070,0.01963
11.41000,1.98000,0.99452,0.00001,0.00018,0.00025,0.00504
11.61000,1.98000,0.99238,0.00002,0.00022,0.00043,0.00696
11.81000,1.98000,0.98538,0.00002,0.00066,0.00141,0.01253
12.01000,1.98000,0.98124,0.00002,0.00054,0.00181,0.01639
12.21000,1.98000,0.98546,0.00003,0.00026,0.00124,0.01300
12.41000,1.98000,0.99785,0.00001,0.00004,0.00026,0.00183
12.61000,1.98000,0.99372,0.00001,0.00031,0.00066,0.00529
12.81000,1.98000,0.99765,0.00000,0.00018,0.00047,0.00171
13.01000,1.98000,0.99864,0.00000,0.00009,0.00013,0.00113
13.21000,1.98000,0.99530,0.00001,0.00085,0.00044,0.00341
13.41000,1.98000,0.98236,0.00005,0.00605,0.00666,0.00488
13.61000,1.98000,0.97622,0.00005,0.00185,0.00836,0.01352
13.81000,1.98000,0.99723,0.00002,0.00072,0.00066,0.00138
14.01000,1.98000,0.99247,0.00000,0.00102,0.00049,0.00601
14.21000,1.98000,0.99280,0.00000,0.00057,0.00064,0.00598
14.41000,1.98000,0.98132,0.00014,0.00052,0.00189,0.01613
14.61000,1.98000,0.98172,0.00014,0.00064,0.00158,0.01592
14.81000,1.98000,0.97258,0.00005,0.00067,0.00081,0.02589
15.01000,1.98000,0.96692,0.00010,0.00067,0.00045,0.03187
15.21000,1.98000,0.79915,0.00184,0.00270,0.00092,0.19538
15.41000,1.98000,0.44119,0.00688,0.00092,0.00080,0.55022
15.61000,1.98000,0.95821,0.00830,0.00075,0.00006,0.03268
15.81000,1.98000,0.99111,0.00177,0.00045,0.00002,0.00664
16.01000,1.98000,0.95326,0.03335,0.00088,0.00007,0.01245
16.21000,1.98000,0.97096,0.01769,0.00314,0.00006,0.00814
16.41000,1.98000,0.96377,0.00733,0.00467,0.00007,0.02416
16.61000,1.98000,0.97025,0.00961,0.00806,0.00018,0.01189
16.81000,1.98000,0.98360,0.00562,0.00417,0.00014,0.00648
17.01000,1.98000,0.99239,0.00070,0.00322,0.00015,0.00354
17.21000,1.98000,0.99662,0.00020,0.00087,0.00013,0.00218
17.41000,1.98000,0.99891,0.00002,0.00040,0.00008,0.00059
17.61000,1.98000,0.99887,0.00002,0.00030,0.00008,0.00073
17.81000,1.98000,0.99309,0.00001,0.00140,0.00083,0.00466
18.01000,1.98000,0.94614,0.00003,0.01777,0.01123,0.02483
18.21000,1.98000,0.98956,0.00003,0.00084,0.00122,0.00835
18.41000,1.98000,0.94001,0.00023,0.00505,0.00967,0.04504
18.61000,1.98000,0.97816,0.00147,0.00064,0.00646,0.01327
18.81000,1.98000,0.94793,0.00526,0.00103,0.00462,0.04117
19.01000,1.98000,0.97955,0.00254,0.00346,0.00158,0.01286
19.21000,1.98000,0.86107,0.00307,0.01723,0.00724,0.11139
19.41000,1.98000,0.86344,0.00212,0.00795,0.00650,0.11998
19.61000,1.98000,0.95748,0.00083,0.00321,0.00060,0.03788
19.81000,1.98000,0.99738,0.00029,0.00010,0.00001,0.00221
20.01000,1.98000,0.99539,0.00001,0.00087,0.00001,0.00372
20.21000,1.98000,0.97865,0.00005,0.00375,0.00003,0.01752
20.41000,1.98000,0.95082,0.00006,0.01900,0.00003,0.03009
20.61000,1.98000,0.92016,0.00025,0.01684,0.00011,0.06264
20.81000,1.98000,0.91548,0.00011,0.00830,0.00014,0.07597
21.01000,1.98000,0.82907,0.00174,0.00779,0.00071,0.16069
21.21000,1.98000,0.95750,0.00019,0.00231,0.00014,0.03985
21.41000,1.98000,0.99111,0.00012,0.00046,0.00007,0.00823
21.61000,1.98000,0.99849,0.00000,0.00017,0.00001,0.00132
21.81000,1.98000,0.99962,0.00000,0.00002,0.00001,0.00035
22.01000,1.98000,0.99993,0.00000,0.00002,0.00000,0.00006
22.21000,1.98000,0.99983,0.00000,0.00002,0.00003,0.00013
22.41000,1.98000,0.99989,0.00000,0.00001,0.00003,0.00007
22.61000,1.98000,0.99927,0.00000,0.00007,0.00020,0.00046
22.81000,1.98000,0.99457,0.00000,0.00049,0.00138,0.00356
23.01000,1.98000,0.99695,0.00001,0.00015,0.00062,0.00227
23.21000,1.98000,0.98970,0.00004,0.00019,0.00264,0.00744
23.41000,1.98000,0.95771,0.00045,0.00017,0.00863,0.03304
23.61000,1.98000,0.93858,0.00041,0.00022,0.00332,0.05747
23.81000,1.98000,0.73588,0.00074,0.00029,0.00402,0.25908
24.01000,1.98000,0.87434,0.00004,0.00059,0.00060,0.12443
24.21000,1.98000,0.74495,0.00001,0.00107,0.00035,0.25363
24.41000,1.98000,0.80721,0.00001,0.00019,0.00009,0.19250
24.61000,1.98000,0.97749,0.00000,0.00005,0.00001,0.02245
24.81000,1.98000,0.99801,0.00000,0.00003,0.00000,0.00196
25.01000,1.98000,0.98597,0.00000,0.00068,0.00000,0.01334
25.21000,1.98000,0.97957,0.00000,0.00546,0.00001,0.01497
25.41000,1.98000,0.99216,0.00000,0.00365,0.00000,0.00419
25.61000,1.98000,0.99310,0.00000,0.00547,0.00001,0.00143
25.81000,1.98000,0.98914,0.00001,0.00879,0.00007,0.00199
26.01000,1.98000,0.98868,0.00007,0.00963,0.00009,0.00153
26.21000,1.98000,0.96813,0.00380,0.02199,0.00057,0.00551
26.41000,1.98000,0.94540,0.01303,0.03375,0.00150,0.00632
26.61000,1.98000,0.91923,0.01167,0.05873,0.00506,0.00532
26.81000,1.98000,0.97362,0.00308,0.01590,0.00348,0.00392
27.01000,1.98000,0.98694,0.00286,0.00539,0.00380,0.00102
27.21000,1.98000,0.99836,0.00020,0.00052,0.00058,0.00034
27.41000,1.98000,0.99754,0.00010,0.00068,0.00128,0.00040
27.61000,1.98000,0.99868,0.00004,0.00013,0.00085,0.00029
27.81000,1.98000,0.99797,0.00001,0.00028,0.00115,0.00058
28.01000,1.98000,0.99928,0.00001,0.00009,0.00016,0.00046
28.21000,1.98000,0.99923,0.00001,0.00011,0.00011,0.00054
28.41000,1.98000,0.99556,0.00017,0.00021,0.00077,0.00329
28.61000,1.98000,0.93581,0.00207,0.00070,0.00331,0.05811
28.81000,1.98000,0.89286,0.00439,0.00101,0.00416,0.09759
29.01000,1.98000,0.89436,0.00054,0.00799,0.00091,0.09620
29.21000,1.98000,0.92036,0.00006,0.00207,0.00019,0.07732
29.41000,1.98000,0.94238,0.00001,0.00138,0.00010,0.05614
29.61000,1.98000,0.97928,0.00000,0.00065,0.00002,0.02005
29.81000,1.98000,0.99586,0.00000,0.00038,0.00000,0.00375
30.01000,1.98000,0.98357,0.00000,0.00093,0.00001,0.01550
30.21000,1.98000,0.99856,0.00000,0.00059,0.00000,0.00084
30.41000,1.98000,0.99716,0.00000,0.00158,0.00000,0.00126
30.61000,1.98000,0.99737,0.00000,0.00145,0.00000,0.00119
30.81000,1.98000,0.98714,0.00002,0.01038,0.00001,0.00246
31.01000,1.98000,0.98909,0.00011,0.00899,0.00002,0.00179
31.21000,1.98000,0.88217,0.00352,0.08284,0.00043,0.03105
31.41000,1.98000,0.93116,0.00655,0.04867,0.00073,0.01289
31.61000,1.98000,0.99569,0.00079,0.00213,0.00003,0.00136
31.81000,1.98000,0.99612,0.00026,0.00191,0.00004,0.00167
32.01000,1.98000,0.98482,0.00063,0.00183,0.00029,0.01243
32.21000,1.98000,0.97057,0.00038,0.00220,0.00083,0.02600
32.41000,1.98000,0.77582,0.00030,0.00707,0.00943,0.20738
32.61000,1.98000,0.63189,0.00005,0.01059,0.00264,0.35483
32.81000,1.98000,0.80804,0.00003,0.00300,0.00148,0.18746
33.01000,1.98000,0.95685,0.00001,0.00105,0.00027,0.04183
33.21000,1.98000,0.99780,0.00000,0.00014,0.00001,0.00205
33.41000,1.98000,0.99874,0.00000,0.00009,0.00000,0.00117
33.61000,1.98000,0.99921,0.00000,0.00008,0.00000,0.00071
33.81000,1.98000,0.99967,0.00000,0.00020,0.00000,0.00013
34.01000,1.98000,0.99968,0.00000,0.00023,0.00000,0.00009
34.21000,1.98000,0.99939,0.00000,0.00037,0.00000,0.00023
34.41000,1.98000,0.99887,0.00000,0.00064,0.00002,0.00047
34.61000,1.98000,0.99562,0.00002,0.00158,0.00026,0.00251
34.81000,1.98000,0.98461,0.00026,0.00513,0.00080,0.00919
35.01000,1.98000,0.96393,0.00940,0.00387,0.00349,0.01932
35.21000,1.98000,0.97198,0.00979,0.00137,0.00179,0.01507
35.41000,1.98000,0.97119,0.01702,0.00060,0.00179,0.00940
35.61000,1.98000,0.97143,0.00599,0.00037,0.00230,0.01990
35.81000,1.98000,0.98112,0.00120,0.00016,0.00054,0.01699
36.01000,1.98000,0.97484,0.00024,0.00011,0.00124,0.02357
36.21000,1.98000,0.97010,0.00032,0.00006,0.00092,0.02860
36.41000,1.98000,0.90805,0.00085,0.00007,0.00103,0.09000
36.61000,1.98000,0.66412,0.00057,0.00066,0.00533,0.32933
36.81000,1.98000,0.69328,0.00009,0.00050,0.00295,0.30318
37.01000,1.98000,0.85757,0.00000,0.00031,0.00052,0.14160
37.21000,1.98000,0.79034,0.00001,0.00083,0.00046,0.20836
37.41000,1.98000,0.94425,0.00000,0.00045,0.00010,0.05520
37.61000,1.98000,0.99649,0.00000,0.00028,0.00002,0.00321
37.81000,1.98000,0.99183,0.00000,0.00067,0.00002,0.00747
38.01000,1.98000,0.99582,0.00001,0.00164,0.00007,0.00246
38.21000,1.98000,0.98737,0.00002,0.00157,0.00004,0.01101
38.41000,1.98000,0.94662,0.00052,0.00404,0.00038,0.04843
38.61000,1.98000,0.93928,0.01105,0.00610,0.00273,0.04084
38.81000,1.98000,0.94467,0.00590,0.00862,0.00450,0.03631
39.01000,1.98000,0.98755,0.00454,0.00146,0.00205,0.00440
39.21000,1.98000,0.99553,0.00063,0.00055,0.00118,0.00212
39.41000,1.98000,0.99885,0.00004,0.00030,0.00033,0.00048
39.61000,1.98000,0.99951,0.00000,0.00003,0.00006,0.00040
39.81000,1.98000,0.99968,0.00000,0.00002,0.00002,0.00027
40.01000,1.98000,0.99983,0.00000,0.00000,0.00001,0.00015
40.21000,1.98000,0.99986,0.00000,0.00001,0.00001,0.00012
40.41000,1.98000,0.98901,0.00019,0.00018,0.00129,0.00933
40.61000,1.98000,0.97068,0.00077,0.00216,0.00386,0.02253
40.81000,1.98000,0.84683,0.00183,0.00356,0.01274,0.13503
41.01000,1.98000,0.94816,0.00448,0.00940,0.01000,0.02796
41.21000,1.98000,0.99737,0.00015,0.00016,0.00040,0.00192
41.41000,1.98000,0.99989,0.00002,0.00005,0.00001,0.00004
41.61000,1.98000,0.99871,0.00004,0.00046,0.00013,0.00066
41.81000,1.98000,0.99840,0.00006,0.00098,0.00008,0.00048
42.01000,1.98000,0.99837,0.00005,0.00122,0.00005,0.00031
42.21000,1.98000,0.98584,0.00043,0.00916,0.00022,0.00436
42.41000,1.98000,0.90101,0.00794,0.07305,0.00423,0.01376
42.61000,1.98000,0.97342,0.00507,0.00831,0.00161,0.01159
42.81000,1.98000,0.97483,0.00704,0.00869,0.00165,0.00779
43.01000,1.98000,0.99431,0.00139,0.00187,0.00015,0.00227
43.21000,1.98000,0.98784,0.00031,0.00977,0.00026,0.00182
43.41000,1.98000,0.98102,0.00028,0.01360,0.00042,0.00467
43.61000,1.98000,0.98282,0.00007,0.01479,0.00073,0.00161
43.81000,1.98000,0.99425,0.00003,0.00250,0.00093,0.00229
44.01000,1.98000,0.99615,0.00004,0.00101,0.00177,0.00104
44.21000,1.98000,0.99824,0.00002,0.00081,0.00045,0.00048
44.41000,1.98000,0.99969,0.00000,0.00012,0.00013,0.00006
44.61000,1.98000,0.99921,0.00000,0.00061,0.00014,0.00004
44.81000,1.98000,0.99979,0.00000,0.00009,0.00008,0.00003
45.01000,1.98000,0.99972,0.00000,0.00004,0.00019,0.00006
45.21000,1.98000,0.99993,0.00000,0.00001,0.00003,0.00002
45.41000,1.98000,0.99994,0.00000,0.00001,0.00003,0.00002
45.61000,1.98000,0.99976,0.00004,0.00000,0.00006,0.00014
45.81000,1.98000,0.99802,0.00014,0.00002,0.00031,0.00151
46.01000,1.98000,0.99088,0.00041,0.00019,0.00071,0.00780
46.21000,1.98000,0.98349,0.00011,0.00013,0.00021,0.01606
46.41000,1.98000,0.60766,0.00225,0.00448,0.00822,0.37739
46.61000,1.98000,0.98604,0.00006,0.00008,0.00005,0.01378
46.81000,1.98000,0.99511,0.00000,0.00055,0.00002,0.00431
47.01000,1.98000,0.99927,0.00000,0.00010,0.00000,0.00063
47.21000,1.98000,0.99740,0.00000,0.00033,0.00001,0.00225
47.41000,1.98000,0.99973,0.00000,0.00015,0.00000,0.00012
47.61000,1.98000,0.99985,0.00000,0.00010,0.00000,0.00004
47.81000,1.98000,0.99996,0.00000,0.00004,0.00000,0.00001
48.01000,1.98000,0.99986,0.00000,0.00011,0.00000,0.00003
48.21000,1.98000,0.99897,0.00000,0.00069,0.00005,0.00029
48.41000,1.98000,0.99822,0.00000,0.00096,0.00010,0.00072
48.61000,1.98000,0.98603,0.00005,0.00495,0.00153,0.00745
48.81000,1.98000,0.98309,0.00021,0.00607,0.00158,0.00905
49.01000,1.98000,0.97691,0.00186,0.00399,0.00145,0.01578
49.21000,1.98000,0.99602,0.00104,0.00057,0.00020,0.00217
49.41000,1.98000,0.94035,0.01618,0.00631,0.01270,0.02446
49.61000,1.98000,0.99289,0.00036,0.00244,0.00244,0.00187
49.81000,1.98000,0.99598,0.00034,0.00073,0.00104,0.00191
50.01000,1.98000,0.99743,0.00005,0.00064,0.00057,0.00132
50.21000,1.98000,0.94648,0.00207,0.01550,0.02638,0.00957
50.41000,1.98000,0.99206,0.00039,0.00503,0.00167,0.00084
50.61000,1.98000,0.99068,0.00086,0.00545,0.00106,0.00196
50.81000,1.98000,0.99894,0.00008,0.00033,0.00024,0.00041
51.01000,1.98000,0.96427,0.00322,0.00157,0.00194,0.02901
51.21000,1.98000,0.93423,0.00126,0.00622,0.00242,0.05587
51.41000,1.98000,0.85999,0.00144,0.01181,0.00103,0.12574
51.61000,1.98000,0.89447,0.00013,0.00656,0.00113,0.09770
51.81000,1.98000,0.86518,0.00003,0.00162,0.00012,0.13306
52.01000,1.98000,0.99336,0.00000,0.00042,0.00001,0.00622
52.21000,1.98000,0.98642,0.00000,0.00093,0.00000,0.01264
52.41000,1.98000,0.99395,0.00000,0.00057,0.00000,0.00548
52.61000,1.98000,0.99540,0.00000,0.00033,0.00000,0.00427
52.81000,1.98000,0.99903,0.00000,0.00038,0.00000,0.00059
53.01000,1.98000,0.99960,0.00000,0.00016,0.00000,0.00023
53.21000,1.98000,0.99984,0.00000,0.00010,0.00000,0.00006
53.41000,1.98000,0.99991,0.00000,0.00007,0.00000,0.00002
53.61000,1.98000,0.99929,0.00000,0.00053,0.00000,0.00018
53.81000,1.98000,0.99921,0.00000,0.00062,0.00001,0.00016
54.01000,1.98000,0.99697,0.00002,0.00187,0.00004,0.00110
54.21000,1.98000,0.99695,0.00005,0.00154,0.00008,0.00138
54.41000,1.98000,0.94195,0.00154,0.01407,0.00232,0.04012
54.61000,1.98000,0.97361,0.00166,0.00741,0.00299,0.01433
54.81000,1.98000,0.99478,0.00086,0.00148,0.00064,0.00223
55.01000,1.98000,0.99865,0.00016,0.00014,0.00022,0.00083
55.21000,1.98000,0.99876,0.00001,0.00005,0.00008,0.00110
55.41000,1.98000,0.99929,0.00004,0.00002,0.00004,0.00061
55.61000,1.98000,0.99840,0.00004,0.00002,0.00006,0.00148
55.81000,1.98000,0.99747,0.00002,0.00001,0.00006,0.00244
56.01000,1.98000,0.97412,0.00004,0.00028,0.00070,0.02486
56.21000,1.98000,0.89973,0.00023,0.00054,0.00167,0.09783
56.41000,1.98000,0.71727,0.00002,0.00070,0.00030,0.28172
56.61000,1.98000,0.89313,0.00003,0.00034,0.00012,0.10638
56.81000,1.98000,0.98347,0.00000,0.00044,0.00001,0.01608
57.01000,1.98000,0.99817,0.00000,0.00007,0.00000,0.00176
57.21000,1.98000,0.99839,0.00000,0.00006,0.00000,0.00156
57.41000,1.98000,0.99959,0.00000,0.00010,0.00000,0.00031
57.61000,1.98000,0.99984,0.00000,0.00005,0.00000,0.00011
57.81000,1.98000,0.99982,0.00000,0.00007,0.00000,0.00011
58.01000,1.98000,0.99990,0.00000,0.00005,0.00000,0.00005
58.21000,1.98000,0.99996,0.00000,0.00001,0.00000,0.00002
58.41000,1.98000,0.99985,0.00000,0.00005,0.00000,0.00010
58.61000,1.98000,0.99977,0.00000,0.00005,0.00000,0.00018
58.81000,1.98000,0.99911,0.00000,0.00019,0.00002,0.00068
59.01000,1.98000,0.99765,0.00001,0.00042,0.00005,0.00187
59.21000,1.98000,0.98461,0.00039,0.00220,0.00083,0.01196
59.41000,1.98000,0.90845,0.00542,0.00670,0.00397,0.07547
59.61000,1.98000,0.87152,0.01976,0.00535,0.00897,0.09440
59.81000,1.98000,0.95881,0.01017,0.00092,0.00184,0.02825
60.01000,1.98000,0.92436,0.01670,0.00138,0.00251,0.05505
60.21000,1.98000,0.98496,0.00188,0.00048,0.00063,0.01204
60.41000,1.98000,0.94561,0.00343,0.00060,0.00166,0.04870
60.61000,1.98000,0.77660,0.00286,0.00134,0.00232,0.21687
60.81000,1.98000,0.56949,0.00172,0.00378,0.00734,0.41766
61.01000,1.98000,0.65060,0.00014,0.00953,0.00371,0.33602
61.21000,1.98000,0.86046,0.00010,0.01109,0.00611,0.12224
61.41000,1.98000,0.96774,0.00001,0.00132,0.00045,0.03047
61.61000,1.98000,0.99887,0.00000,0.00037,0.00001,0.00076
61.81000,1.98000,0.99926,0.00000,0.00032,0.00001,0.00042
62.01000,1.98000,0.99961,0.00000,0.00020,0.00000,0.00019
62.21000,1.98000,0.99986,0.00000,0.00010,0.00000,0.00004
62.41000,1.98000,0.99996,0.00000,0.00002,0.00000,0.00002
62.61000,1.98000,0.99995,0.00000,0.00003,0.00000,0.00002
62.81000,1.98000,0.99972,0.00000,0.00014,0.00000,0.00014
63.01000,1.98000,0.99933,0.00000,0.00022,0.00002,0.00043
63.21000,1.98000,0.99566,0.00000,0.00103,0.00011,0.00319
63.41000,1.98000,0.99255,0.00000,0.00100,0.00035,0.00609
63.61000,1.98000,0.91390,0.00003,0.00511,0.00265,0.07831
63.81000,1.98000,0.88232,0.00023,0.00610,0.01439,0.09696
64.01000,1.98000,0.95340,0.00070,0.00247,0.01132,0.03211
64.21000,1.98000,0.99515,0.00004,0.00051,0.00158,0.00272
64.41000,1.98000,0.99776,0.00000,0.00025,0.00064,0.00134
64.61000,1.98000,0.99940,0.00000,0.00011,0.00013,0.00035
64.81000,1.98000,0.99965,0.00000,0.00005,0.00009,0.00021
65.01000,1.98000,0.99993,0.00000,0.00001,0.00002,0.00005
65.21000,1.98000,0.99996,0.00000,0.00000,0.00001,0.00002
65.41000,1.98000,0.99994,0.00000,0.00000,0.00001,0.00004
65.61000,1.98000,0.99942,0.00000,0.00001,0.00012,0.00045
65.81000,1.98000,0.99608,0.00000,0.00003,0.00052,0.00337
66.01000,1.98000,0.89586,0.00003,0.00046,0.00612,0.09754
66.21000,1.98000,0.80498,0.00004,0.00039,0.00426,0.19033
66.41000,1.98000,0.86896,0.00001,0.00051,0.00160,0.12893
66.61000,1.98000,0.77645,0.00001,0.00035,0.00091,0.22228
66.81000,1.98000,0.98830,0.00000,0.00004,0.00001,0.01164
67.01000,1.98000,0.99838,0.00000,0.00005,0.00000,0.00157
67.21000,1.98000,0.99672,0.00000,0.00001,0.00000,0.00327
67.41000,1.98000,0.99851,0.00000,0.00007,0.00000,0.00141
67.61000,1.98000,0.99760,0.00000,0.00012,0.00000,0.00228
67.81000,1.98000,0.99276,0.00000,0.00011,0.00000,0.00713
68.01000,1.98000,0.96689,0.00000,0.00028,0.00002,0.03280
68.21000,1.98000,0.93065,0.00001,0.00042,0.00009,0.06884
68.41000,1.98000,0.93074,0.00001,0.00022,0.00010,0.06893
68.61000,1.98000,0.97168,0.00001,0.00004,0.00009,0.02818
68.81000,1.98000,0.98265,0.00001,0.00002,0.00008,0.01724
69.01000,1.98000,0.97613,0.00003,0.00002,0.00018,0.02364
69.21000,1.98000,0.96682,0.00005,0.00005,0.00062,0.03245
69.41000,1.98000,0.99075,0.00000,0.00001,0.00021,0.00902
69.61000,1.98000,0.99693,0.00000,0.00001,0.00010,0.00296
69.81000,1.98000,0.99438,0.00000,0.00002,0.00022,0.00537
70.01000,1.98000,0.99267,0.00000,0.00004,0.00024,0.00705
70.21000,1.98000,0.99907,0.00000,0.00001,0.00005,0.00088
70.41000,1.98000,0.99977,0.00000,0.00001,0.00001,0.00021
70.61000,1.98000,0.99989,0.00000,0.00001,0.00001,0.00009
70.81000,1.98000,0.99993,0.00000,0.00000,0.00001,0.00006
71.01000,1.98000,0.99976,0.00000,0.00001,0.00003,0.00021
71.21000,1.98000,0.99961,0.00000,0.00001,0.00004,0.00033
71.41000,1.98000,0.99929,0.00000,0.00002,0.00002,0.00067
71.61000,1.98000,0.99767,0.00000,0.00010,0.00018,0.00205
71.81000,1.98000,0.98813,0.00002,0.00014,0.00071,0.01099
72.01000,1.98000,0.90665,0.00023,0.00040,0.00355,0.08917
72.21000,1.98000,0.75276,0.00085,0.00046,0.00290,0.24303
72.41000,1.98000,0.84882,0.00010,0.00049,0.00030,0.15029
72.61000,1.98000,0.70208,0.00003,0.00256,0.00033,0.29500
72.81000,1.98000,0.88245,0.00001,0.00063,0.00007,0.11684
73.01000,1.98000,0.97590,0.00000,0.00028,0.00001,0.02382
73.21000,1.98000,0.99766,0.00000,0.00010,0.00000,0.00224
73.41000,1.98000,0.97257,0.00000,0.00046,0.00000,0.02696
73.61000,1.98000,0.99755,0.00000,0.00019,0.00000,0.00227
73.81000,1.98000,0.99722,0.00000,0.00055,0.00000,0.00223
74.01000,1.98000,0.99792,0.00000,0.00031,0.00000,0.00177
74.21000,1.98000,0.99715,0.00000,0.00032,0.00000,0.00253
74.41000,1.98000,0.99412,0.00000,0.00077,0.00003,0.00508
74.61000,1.98000,0.99606,0.00000,0.00061,0.00004,0.00329
74.81000,1.98000,0.98582,0.00025,0.00174,0.00075,0.01143
75.01000,1.98000,0.98716,0.00006,0.00140,0.00048,0.01090
75.21000,1.98000,0.88414,0.00435,0.00458,0.01000,0.09694
75.41000,1.98000,0.93612,0.00132,0.00407,0.01186,0.04663
75.61000,1.98000,0.94219,0.01188,0.00166,0.01272,0.03155
75.81000,1.98000,0.99119,0.00025,0.00126,0.00468,0.00263
76.01000,1.98000,0.99833,0.00002,0.00030,0.00068,0.00068
76.21000,1.98000,0.99970,0.00000,0.00008,0.00012,0.00010
76.41000,1.98000,0.99981,0.00000,0.00003,0.00005,0.00011
76.61000,1.98000,0.99992,0.00000,0.00002,0.00003,0.00003
76.81000,1.98000,0.99998,0.00000,0.00000,0.00001,0.00001
77.01000,1.98000,0.99997,0.00000,0.00001,0.00001,0.00001
77.21000,1.98000,0.99999,0.00000,0.00000,0.00000,0.00001
77.41000,1.98000,0.99998,0.00000,0.00000,0.00000,0.00001
77.61000,1.98000,0.99991,0.00000,0.00000,0.00001,0.00008
77.81000,1.98000,0.99951,0.00000,0.00000,0.00007,0.00041
78.01000,1.98000,0.99690,0.00000,0.00001,0.00017,0.00291
78.21000,1.98000,0.94432,0.00003,0.00034,0.00389,0.05141
78.41000,1.98000,0.87467,0.00002,0.00086,0.00230,0.12215
78.61000,1.98000,0.80278,0.00005,0.00060,0.00213,0.19444
78.81000,1.98000,0.63470,0.00024,0.00088,0.00149,0.36268
79.01000,1.98000,0.95487,0.00015,0.00019,0.00010,0.04470
79.21000,1.98000,0.97496,0.00003,0.00071,0.00004,0.02427
79.41000,1.98000,0.95990,0.00002,0.00055,0.00002,0.03952
79.61000,1.98000,0.98521,0.00010,0.00086,0.00001,0.01382
79.81000,1.98000,0.98355,0.00023,0.00249,0.00003,0.01370
80.01000,1.98000,0.98896,0.00059,0.00173,0.00005,0.00867
80.21000,1.98000,0.98720,0.00570,0.00216,0.00013,0.00480
80.41000,1.98000,0.92966,0.01134,0.01579,0.00329,0.03992
80.61000,1.98000,0.95675,0.00935,0.01268,0.00463,0.01659
80.81000,1.98000,0.98235,0.00164,0.00422,0.00341,0.00838
81.01000,1.98000,0.99436,0.00040,0.00242,0.00107,0.00175
81.21000,1.98000,0.99504,0.00000,0.00247,0.00003,0.00245
81.41000,1.98000,0.99919,0.00000,0.00029,0.00002,0.00050
81.61000,1.98000,0.92261,0.00001,0.01393,0.00040,0.06304
81.81000,1.98000,0.91304,0.00000,0.02350,0.00088,0.06257
82.01000,1.98000,0.69813,0.00000,0.02084,0.00039,0.28063
82.21000,1.98000,0.91315,0.00000,0.00534,0.00010,0.08141
82.41000,1.98000,0.60325,0.00000,0.02541,0.00009,0.37124
82.61000,1.98000,0.98766,0.00000,0.00104,0.00000,0.01129
82.81000,1.98000,0.98059,0.00000,0.00402,0.00000,0.01539
83.01000,1.98000,0.99796,0.00000,0.00004,0.00000,0.00199
83.21000,1.98000,0.99956,0.00000,0.00020,0.00000,0.00024
83.41000,1.98000,0.99910,0.00000,0.00041,0.00000,0.00049
83.61000,1.98000,0.99832,0.00000,0.00091,0.00000,0.00076
83.81000,1.98000,0.99425,0.00000,0.00317,0.00004,0.00255
84.01000,1.98000,0.97343,0.00002,0.01162,0.00034,0.01458
84.21000,1.98000,0.92757,0.00047,0.03556,0.00302,0.03339
84.41000,1.98000,0.96253,0.00205,0.02153,0.00586,0.00803
84.61000,1.98000,0.99862,0.00012,0.00064,0.00016,0.00046
84.81000,1.98000,0.99682,0.00037,0.00127,0.00121,0.00033
85.01000,1.98000,0.99754,0.00004,0.00062,0.00111,0.00067
85.21000,1.98000,0.99927,0.00002,0.00013,0.00016,0.00041
85.41000,1.98000,0.99940,0.00002,0.00001,0.00009,0.00048
85.61000,1.98000,0.99631,0.00045,0.00004,0.00097,0.00223
85.81000,1.98000,0.97414,0.00138,0.00014,0.00295,0.02139
86.01000,1.98000,0.73002,0.00554,0.00110,0.01401,0.24933
86.21000,1.98000,0.88119,0.00019,0.00019,0.00058,0.11784
86.41000,1.98000,0.98246,0.00000,0.00011,0.00005,0.01736
86.61000,1.98000,0.97671,0.00001,0.00073,0.00009,0.02246
86.81000,1.98000,0.98508,0.00002,0.00022,0.00006,0.01462
87.01000,1.98000,0.99175,0.00002,0.00069,0.00003,0.00752
87.21000,1.98000,0.97409,0.00003,0.00387,0.00013,0.02187
87.41000,1.98000,0.98594,0.00021,0.00871,0.00017,0.00498
87.61000,1.98000,0.93407,0.00057,0.01418,0.00050,0.05068
87.81000,1.98000,0.85866,0.01514,0.05125,0.00511,0.06984
88.01000,1.98000,0.91919,0.01867,0.03185,0.01109,0.01919
88.21000,1.98000,0.98632,0.00933,0.00233,0.00097,0.00105
88.41000,1.98000,0.99783,0.00073,0.00045,0.00049,0.00050
88.61000,1.98000,0.99870,0.00008,0.00063,0.00041,0.00018
88.81000,1.98000,0.99909,0.00001,0.00033,0.00039,0.00019
89.01000,1.98000,0.99995,0.00000,0.00002,0.00001,0.00002
89.21000,1.98000,0.99996,0.00000,0.00000,0.00001,0.00003
89.41000,1.98000,0.99985,0.00000,0.00004,0.00004,0.00007
89.61000,1.98000,0.99944,0.00000,0.00013,0.00010,0.00033
89.81000,1.98000,0.99870,0.00000,0.00022,0.00010,0.00098
90.01000,1.98000,0.99910,0.00000,0.00004,0.00003,0.00083
90.21000,1.98000,0.99773,0.00000,0.00014,0.00007,0.00206
90.41000,1.98000,0.99884,0.00000,0.00010,0.00004,0.00102
90.61000,1.98000,0.99964,0.00000,0.00001,0.00001,0.00034
90.81000,1.98000,0.99971,0.00000,0.00001,0.00001,0.00027
91.01000,1.98000,0.99844,0.00000,0.00001,0.00003,0.00152
91.21000,1.98000,0.98212,0.00004,0.00006,0.00025,0.01754
91.41000,1.98000,0.93766,0.00007,0.00019,0.00081,0.06127
91.61000,1.98000,0.93222,0.00005,0.00046,0.00060,0.06668
91.81000,1.98000,0.94709,0.00001,0.00047,0.00026,0.05216
92.01000,1.98000,0.97847,0.00002,0.00011,0.00003,0.02137
92.21000,1.98000,0.99879,0.00000,0.00001,0.00000,0.00119
92.41000,1.98000,0.99867,0.00000,0.00012,0.00001,0.00120
92.61000,1.98000,0.99806,0.00001,0.00012,0.00002,0.00179
92.81000,1.98000,0.99759,0.00001,0.00070,0.00005,0.00166
93.01000,1.98000,0.98295,0.00002,0.00495,0.00033,0.01175
93.21000,1.98000,0.92382,0.00045,0.02790,0.00438,0.04344
93.41000,1.98000,0.97228,0.00019,0.00742,0.00305,0.01707
93.61000,1.98000,0.99510,0.00007,0.00155,0.00107,0.00222
93.81000,1.98000,0.99722,0.00002,0.00057,0.00067,0.00153
94.01000,1.98000,0.99928,0.00000,0.00011,0.00013,0.00048
94.21000,1.98000,0.99925,0.00000,0.00013,0.00008,0.00053
94.41000,1.98000,0.99988,0.00000,0.00002,0.00001,0.00009
94.61000,1.98000,0.99983,0.00000,0.00001,0.00001,0.00015
94.81000,1.98000,0.99953,0.00000,0.00003,0.00000,0.00044
95.01000,1.98000,0.99941,0.00000,0.00002,0.00000,0.00057
95.21000,1.98000,0.99947,0.00000,0.00001,0.00000,0.00051
95.41000,1.98000,0.93095,0.00001,0.00043,0.00019,0.06842
95.61000,1.98000,0.92862,0.00001,0.00074,0.00016,0.07047
95.81000,1.98000,0.76759,0.00000,0.00286,0.00014,0.22941
96.01000,1.98000,0.92514,0.00001,0.00207,0.00011,0.07268
96.21000,1.98000,0.86303,0.00000,0.00181,0.00004,0.13512
96.41000,1.98000,0.99776,0.00000,0.00011,0.00000,0.00213
96.61000,1.98000,0.99889,0.00000,0.00016,0.00000,0.00095
96.81000,1.98000,0.99969,0.00000,0.00008,0.00000,0.00023
97.01000,1.98000,0.99905,0.00000,0.00036,0.00000,0.00058
97.21000,1.98000,0.99846,0.00000,0.00053,0.00001,0.00100
97.41000,1.98000,0.98819,0.00002,0.00290,0.00015,0.00875
97.61000,1.98000,0.98016,0.00024,0.00443,0.00086,0.01431
97.81000,1.98000,0.92297,0.00070,0.00607,0.00306,0.06721
98.01000,1.98000,0.96543,0.00221,0.00113,0.00226,0.02897
98.21000,1.98000,0.99633,0.00019,0.00008,0.00024,0.00316
98.41000,1.98000,0.99439,0.00040,0.00010,0.00015,0.00495
98.61000,1.98000,0.98867,0.00099,0.00025,0.00041,0.00968
98.81000,1.98000,0.95886,0.00030,0.00005,0.00027,0.04051
99.01000,1.98000,0.69523,0.00102,0.00080,0.00239,0.30056
99.21000,1.98000,0.87743,0.00033,0.00025,0.00085,0.12114
99.41000,1.98000,0.80560,0.00089,0.00240,0.00440,0.18672
99.61000,1.98000,0.90454,0.00025,0.00121,0.00265,0.09135
99.81000,1.98000,0.99664,0.00002,0.00025,0.00012,0.00298
100.01000,1.98000,0.99970,0.00000,0.00004,0.00001,0.00025
100.21000,1.98000,0.99914,0.00000,0.00012,0.00006,0.00068
100.41000,1.98000,0.99799,0.00001,0.00076,0.00045,0.00079
100.61000,1.98000,0.99697,0.00001,0.00097,0.00059,0.00146
100.81000,1.98000,0.99552,0.00003,0.00158,0.00116,0.00171
101.01000,1.98000,0.88623,0.00134,0.01903,0.05080,0.04261
101.21000,1.98000,0.94596,0.00184,0.01037,0.02003,0.02180
101.41000,1.98000,0.93743,0.00076,0.00253,0.01435,0.04493
101.61000,1.98000,0.98078,0.00060,0.00090,0.00388,0.01384
101.81000,1.98000,0.99449,0.00002,0.00023,0.00016,0.00510
102.01000,1.98000,0.99672,0.00001,0.00014,0.00015,0.00298
102.21000,1.98000,0.98198,0.00012,0.00015,0.00027,0.01748
102.41000,1.98000,0.94000,0.00017,0.00053,0.00153,0.05777
102.61000,1.98000,0.84713,0.00010,0.00091,0.00070,0.15115
102.81000,1.98000,0.89384,0.00002,0.00036,0.00018,0.10560
103.01000,1.98000,0.73194,0.00011,0.00375,0.00094,0.26327
103.21000,1.98000,0.95453,0.00005,0.00114,0.00050,0.04377
103.41000,1.98000,0.96884,0.00006,0.00075,0.00024,0.03012
103.61000,1.98000,0.99276,0.00002,0.00063,0.00029,0.00630
103.81000,1.98000,0.99109,0.00041,0.00086,0.00068,0.00696
104.01000,1.98000,0.99138,0.00013,0.00378,0.00110,0.00362
104.21000,1.98000,0.99114,0.00057,0.00239,0.00067,0.00523
104.41000,1.98000,0.87761,0.00757,0.02404,0.04242,0.04836
104.61000,1.98000,0.92304,0.01400,0.01163,0.03183,0.01950
104.81000,1.98000,0.97586,0.00040,0.00833,0.00175,0.01365
105.01000,1.98000,0.97976,0.00118,0.00595,0.00314,0.00998
105.21000,1.98000,0.95971,0.00101,0.01444,0.00375,0.02109
105.41000,1.98000,0.92980,0.00617,0.01376,0.00437,0.04590
105.61000,1.98000,0.44695,0.00146,0.06322,0.03479,0.45359
105.81000,1.98000,0.60355,0.00008,0.03530,0.01017,0.35090
106.01000,1.98000,0.89851,0.00001,0.02255,0.00209,0.07684
106.21000,1.98000,0.94086,0.00006,0.00527,0.00134,0.05247
106.41000,1.98000,0.99306,0.00003,0.00190,0.00016,0.00484
106.61000,1.98000,0.99343,0.00003,0.00250,0.00023,0.00381
106.81000,1.98000,0.99260,0.00010,0.00461,0.00015,0.00254
107.01000,1.98000,0.98831,0.00036,0.00805,0.00024,0.00304
107.21000,1.98000,0.95346,0.00040,0.03384,0.00096,0.01133
107.41000,1.98000,0.76962,0.02620,0.14564,0.02322,0.03532
107.61000,1.98000,0.95825,0.00857,0.01435,0.00608,0.01276
107.81000,1.98000,0.98106,0.01536,0.00115,0.00086,0.00157
108.01000,1.98000,0.99024,0.00784,0.00016,0.00075,0.00100
108.21000,1.98000,0.95857,0.03216,0.00056,0.00260,0.00611
108.41000,1.98000,0.92245,0.00935,0.00685,0.02191,0.03944
108.61000,1.98000,0.87128,0.00430,0.00419,0.03298,0.08724
108.81000,1.98000,0.93744,0.00059,0.00121,0.01068,0.05007
109.01000,1.98000,0.97033,0.00006,0.00052,0.00101,0.02808
109.21000,1.98000,0.99666,0.00000,0.00003,0.00002,0.00329
109.41000,1.98000,0.99912,0.00000,0.00014,0.00000,0.00073
109.61000,1.98000,0.99856,0.00000,0.00037,0.00000,0.00107
109.81000,1.98000,0.99875,0.00000,0.00087,0.00000,0.00038
110.01000,1.98000,0.99915,0.00000,0.00051,0.00000,0.00033
110.21000,1.98000,0.99869,0.00000,0.00056,0.00001,0.00074
110.41000,1.98000,0.99696,0.00001,0.00142,0.00006,0.00155
110.61000,1.98000,0.99274,0.00019,0.00182,0.00027,0.00497
110.81000,1.98000,0.97262,0.00217,0.00633,0.00127,0.01760
111.01000,1.98000,0.99417,0.00166,0.00098,0.00028,0.00291
111.21000,1.98000,0.98430,0.00555,0.00076,0.00129,0.00810
111.41000,1.98000,0.98384,0.01401,0.00006,0.00030,0.00179
111.61000,1.98000,0.98196,0.00620,0.00019,0.00092,0.01074
111.81000,1.98000,0.97847,0.00389,0.00051,0.00124,0.01590
112.01000,1.98000,0.83064,0.00271,0.00350,0.00714,0.15602
112.21000,1.98000,0.94809,0.00014,0.00402,0.00040,0.04735
112.41000,1.98000,0.93133,0.00003,0.00073,0.00012,0.06779
112.61000,1.98000,0.99063,0.00000,0.00079,0.00001,0.00857
112.81000,1.98000,0.99839,0.00000,0.00016,0.00000,0.00145
113.01000,1.98000,0.99598,0.00000,0.00053,0.00000,0.00349
113.21000,1.98000,0.99850,0.00000,0.00056,0.00000,0.00093
113.41000,1.98000,0.99244,0.00000,0.00632,0.00000,0.00123
113.61000,1.98000,0.99628,0.00000,0.00240,0.00000,0.00132
113.81000,1.98000,0.98104,0.00010,0.01174,0.00001,0.00712
114.01000,1.98000,0.89377,0.00216,0.06735,0.00016,0.03656
114.21000,1.98000,0.96058,0.00980,0.02444,0.00014,0.00504
114.41000,1.98000,0.97298,0.01551,0.00574,0.00024,0.00552
114.61000,1.98000,0.96734,0.02926,0.00099,0.00022,0.00219
114.81000,1.98000,0.95457,0.03528,0.00127,0.00153,0.00735
115.01000,1.98000,0.93488,0.05349,0.00035,0.00380,0.00749
115.21000,1.98000,0.78254,0.02722,0.00662,0.08395,0.09966
115.41000,1.98000,0.79186,0.00272,0.00230,0.02786,0.17527
115.61000,1.98000,0.80958,0.00064,0.00424,0.03344,0.15210
115.81000,1.98000,0.89079,0.00006,0.00028,0.00123,0.10764
116.01000,1.98000,0.99623,0.00000,0.00015,0.00003,0.00359
116.21000,1.98000,0.99913,0.00000,0.00010,0.00000,0.00076
116.41000,1.98000,0.99890,0.00000,0.00021,0.00000,0.00089
116.61000,1.98000,0.99955,0.00000,0.00022,0.00000,0.00023
116.81000,1.98000,0.99928,0.00000,0.00015,0.00000,0.00057
117.01000,1.98000,0.99979,0.00000,0.00009,0.00000,0.00012
117.21000,1.98000,0.99988,0.00000,0.00007,0.00000,0.00004
117.41000,1.98000,0.99967,0.00000,0.00021,0.00000,0.00012
117.61000,1.98000,0.99938,0.00000,0.00035,0.00000,0.00027
117.81000,1.98000,0.99661,0.00000,0.00182,0.00002,0.00154
118.01000,1.98000,0.99853,0.00006,0.00062,0.00001,0.00077
118.21000,1.98000,0.98368,0.00385,0.00490,0.00028,0.00728
118.41000,1.98000,0.84917,0.12882,0.00548,0.00203,0.01450
118.61000,1.98000,0.84494,0.13903,0.00026,0.00145,0.01432
118.81000,1.98000,0.85616,0.14181,0.00007,0.00009,0.00188
119.01000,1.98000,0.91230,0.08523,0.00003,0.00049,0.00195
119.21000,1.98000,0.85833,0.13426,0.00008,0.00104,0.00630
119.41000,1.98000,0.73074,0.24511,0.00020,0.00273,0.02122
119.61000,1.98000,0.82621,0.09257,0.00068,0.00517,0.07537
119.81000,1.98000,0.85980,0.00543,0.00154,0.00293,0.13030
120.01000,1.98000,0.94168,0.00031,0.00091,0.00056,0.05654
120.21000,1.98000,0.99026,0.00002,0.00030,0.00008,0.00934
120.41000,1.98000,0.99724,0.00000,0.00026,0.00001,0.00249
120.61000,1.98000,0.99803,0.00000,0.00049,0.00000,0.00148
120.81000,1.98000,0.99700,0.00000,0.00082,0.00000,0.00217
121.01000,1.98000,0.99931,0.00000,0.00024,0.00000,0.00045
121.21000,1.98000,0.99921,0.00000,0.00014,0.00000,0.00065
121.41000,1.98000,0.99986,0.00000,0.00006,0.00000,0.00009
121.61000,1.98000,0.99993,0.00000,0.00004,0.00000,0.00004
121.81000,1.98000,0.99976,0.00000,0.00011,0.00000,0.00013
122.01000,1.98000,0.99956,0.00000,0.00016,0.00000,0.00028
122.21000,1.98000,0.99675,0.00000,0.00094,0.00001,0.00230
122.41000,1.98000,0.97343,0.00012,0.00789,0.00032,0.01825
122.61000,1.98000,0.85807,0.00288,0.07750,0.00640,0.05514
122.81000,1.98000,0.97615,0.00250,0.00745,0.00242,0.01147
123.01000,1.98000,0.99713,0.00050,0.00060,0.00036,0.00141
123.21000,1.98000,0.99926,0.00012,0.00016,0.00017,0.00029
123.41000,1.98000,0.99963,0.00001,0.00008,0.00011,0.00017
123.61000,1.98000,0.99951,0.00000,0.00014,0.00017,0.00018
123.81000,1.98000,0.99994,0.00000,0.00002,0.00001,0.00003
124.01000,1.98000,0.99993,0.00000,0.00005,0.00001,0.00001
124.21000,1.98000,0.99997,0.00000,0.00001,0.00000,0.00002
124.41000,1.98000,0.99967,0.00000,0.00020,0.00001,0.00012
124.61000,1.98000,0.99967,0.00000,0.00021,0.00001,0.00010
124.81000,1.98000,0.99828,0.00000,0.00127,0.00004,0.00041
125.01000,1.98000,0.99563,0.00000,0.00352,0.00011,0.00073
125.21000,1.98000,0.99777,0.00000,0.00148,0.00003,0.00072
125.41000,1.98000,0.99174,0.00002,0.00715,0.00007,0.00102
125.61000,1.98000,0.99658,0.00002,0.00282,0.00007,0.00050
125.81000,1.98000,0.94224,0.00023,0.05323,0.00228,0.00202
126.01000,1.98000,0.99501,0.00009,0.00294,0.00057,0.00139
126.21000,1.98000,0.99794,0.00001,0.00142,0.00034,0.00029
126.41000,1.98000,0.99933,0.00000,0.00036,0.00013,0.00018
126.61000,1.98000,0.99951,0.00000,0.00039,0.00008,0.00003
