Time (seconds), Duration (seconds),pred_(unlabeled),pred_circle,pred_shaking
0.01000,1.98000,0.18805,0.81178,0.00017
0.21000,1.98000,0.12363,0.87621,0.00015
0.41000,1.98000,0.03916,0.96073,0.00011
0.61000,1.98000,0.03594,0.96395,0.00012
0.81000,1.98000,0.06707,0.93283,0.00009
1.01000,1.98000,0.07844,0.92143,0.00012
1.21000,1.98000,0.07837,0.92144,0.00019
1.41000,1.98000,0.09792,0.90203,0.00005
1.61000,1.98000,0.03141,0.96842,0.00018
1.81000,1.98000,0.04349,0.95627,0.00024
2.01000,1.98000,0.16421,0.83544,0.00035
2.21000,1.98000,0.30030,0.69908,0.00062
2.41000,1.98000,0.20290,0.79666,0.00045
2.61000,1.98000,0.16161,0.83803,0.00036
2.81000,1.98000,0.11647,0.88321,0.00032
3.01000,1.98000,0.07888,0.92086,0.00026
3.21000,1.98000,0.16521,0.83467,0.00013
3.41000,1.98000,0.40022,0.59974,0.00005
3.61000,1.98000,0.91147,0.08853,0.00000
3.81000,1.98000,0.99350,0.00650,0.00000
4.01000,1.98000,0.99949,0.00051,0.00000
4.21000,1.98000,0.99995,0.00005,0.00000
4.41000,1.98000,1.00000,0.00000,0.00000
4.61000,1.98000,1.00000,0.00000,0.00000
4.81000,1.98000,1.00000,0.00000,0.00000
5.01000,1.98000,1.00000,0.00000,0.00000
5.21000,1.98000,1.00000,0.00000,0.00000
5.41000,1.98000,1.00000,0.00000,0.00000
5.61000,1.98000,1.00000,0.00000,0.00000
5.81000,1.98000,1.00000,0.00000,0.00000
6.01000,1.98000,1.00000,0.00000,0.00000
6.21000,1.98000,1.00000,0.00000,0.00000
6.41000,1.98000,1.00000,0.00000,0.00000
6.61000,1.98000,1.00000,0.00000,0.00000
6.81000,1.98000,1.00000,0.00000,0.00000
7.01000,1.98000,1.00000,0.00000,0.00000
7.21000,1.98000,1.00000,0.00000,0.00000
7.41000,1.98000,1.00000,0.00000,0.00000
7.61000,1.98000,1.00000,0.00000,0.00000
7.81000,1.98000,1.00000,0.00000,0.00000
8.01000,1.98000,1.00000,0.00000,0.00000
8.21000,1.98000,1.00000,0.00000,0.00000
8.41000,1.98000,1.00000,0.00000,0.00000
8.61000,1.98000,1.00000,0.00000,0.00000
8.81000,1.98000,1.00000,0.00000,0.00000
9.01000,1.98000,1.00000,0.00000,0.00000
9.21000,1.98000,1.00000,0.00000,0.00000
9.41000,1.98000,1.00000,0.00000,0.00000
9.61000,1.98000,1.00000,0.00000,0.00000
9.81000,1.98000,1.00000,0.00000,0.00000
10.01000,1.98000,1.00000,0.00000,0.00000
10.21000,1.98000,1.00000,0.00000,0.00000
10.41000,1.98000,1.00000,0.00000,0.00000
10.61000,1.98000,1.00000,0.00000,0.00000
10.81000,1.98000,1.00000,0.00000,0.00000
11.01000,1.98000,0.99998,0.00002,0.00000
11.21000,1.98000,0.99984,0.00016,0.00000
11.41000,1.98000,0.99718,0.00282,0.00000
11.61000,1.98000,0.96867,0.03132,0.00002
11.81000,1.98000,0.70155,0.29759,0.00085
12.01000,1.98000,0.29208,0.69772,0.01021
12.21000,1.98000,0.44221,0.51721,0.04059
12.41000,1.98000,0.51574,0.44591,0.03835
12.61000,1.98000,0.56029,0.40626,0.03345
12.81000,1.98000,0.46511,0.52485,0.01003
13.01000,1.98000,0.38698,0.58677,0.02625
13.21000,1.98000,0.42006,0.55573,0.02421
13.41000,1.98000,0.44118,0.53425,0.02457
13.61000,1.98000,0.59109,0.36581,0.04310
13.81000,1.98000,0.67823,0.24250,0.07927
14.01000,1.98000,0.67351,0.27495,0.05154
14.21000,1.98000,0.46114,0.50275,0.03612
14.41000,1.98000,0.49903,0.41907,0.08190
14.61000,1.98000,0.43497,0.42000,0.14503
14.81000,1.98000,0.50832,0.37862,0.11305
15.01000,1.98000,0.59468,0.28372,0.12160
15.21000,1.98000,0.49415,0.46283,0.04302
15.41000,1.98000,0.35027,0.64022,0.00951
15.61000,1.98000,0.36478,0.61850,0.01672
15.81000,1.98000,0.31175,0.68676,0.00149
16.01000,1.98000,0.77511,0.22462,0.00027
16.21000,1.98000,0.97762,0.02237,0.00000
16.41000,1.98000,0.99768,0.00232,0.00000
16.61000,1.98000,0.99966,0.00034,0.00000
16.81000,1.98000,0.99995,0.00005,0.00000
17.01000,1.98000,1.00000,0.00000,0.00000
17.21000,1.98000,1.00000,0.00000,0.00000
17.41000,1.98000,1.00000,0.00000,0.00000
17.61000,1.98000,1.00000,0.00000,0.00000
17.81000,1.98000,1.00000,0.00000,0.00000
18.01000,1.98000,1.00000,0.00000,0.00000
18.21000,1.98000,1.00000,0.00000,0.00000
18.41000,1.98000,1.00000,0.00000,0.00000
18.61000,1.98000,1.00000,0.00000,0.00000
18.81000,1.98000,1.00000,0.00000,0.00000
19.01000,1.98000,1.00000,0.00000,0.00000
19.21000,1.98000,1.00000,0.00000,0.00000
19.41000,1.98000,1.00000,0.00000,0.00000
19.61000,1.98000,1.00000,0.00000,0.00000
19.81000,1.98000,1.00000,0.00000,0.00000
20.01000,1.98000,1.00000,0.00000,0.00000
20.21000,1.98000,1.00000,0.00000,0.00000
20.41000,1.98000,1.00000,0.00000,0.00000
20.61000,1.98000,1.00000,0.00000,0.00000
20.81000,1.98000,1.00000,0.00000,0.00000
21.01000,1.98000,1.00000,0.00000,0.00000
21.21000,1.98000,1.00000,0.00000,0.00000
21.41000,1.98000,0.99998,0.00002,0.00000
21.61000,1.98000,0.99980,0.00020,0.00000
21.81000,1.98000,0.99732,0.00268,0.00000
22.01000,1.98000,0.95824,0.04174,0.00001
22.21000,1.98000,0.65401,0.34553,0.00047
22.41000,1.98000,0.21280,0.78173,0.00548
22.61000,1.98000,0.12368,0.85247,0.02384
22.81000,1.98000,0.15028,0.82566,0.02406
23.01000,1.98000,0.10675,0.87856,0.01468
23.21000,1.98000,0.09511,0.89794,0.00695
23.41000,1.98000,0.06765,0.92916,0.00320
23.61000,1.98000,0.08643,0.91026,0.00332
23.81000,1.98000,0.13541,0.84795,0.01663
24.01000,1.98000,0.17819,0.74322,0.07858
24.21000,1.98000,0.17346,0.80094,0.02559
24.41000,1.98000,0.16710,0.81524,0.01766
24.61000,1.98000,0.09866,0.89038,0.01096
24.81000,1.98000,0.14029,0.85007,0.00964
25.01000,1.98000,0.18951,0.77207,0.03842
25.21000,1.98000,0.19216,0.75726,0.05058
25.41000,1.98000,0.18505,0.76875,0.04620
25.61000,1.98000,0.16717,0.79675,0.03608
25.81000,1.98000,0.11010,0.87075,0.01915
26.01000,1.98000,0.11685,0.87264,0.01051
26.21000,1.98000,0.16011,0.77607,0.06382
26.41000,1.98000,0.21591,0.68781,0.09628
26.61000,1.98000,0.29247,0.64559,0.06194
26.81000,1.98000,0.28554,0.68797,0.02649
27.01000,1.98000,0.25075,0.74526,0.00399
27.21000,1.98000,0.76622,0.23308,0.00069
27.41000,1.98000,0.97070,0.02927,0.00004
27.61000,1.98000,0.99774,0.00226,0.00000
27.81000,1.98000,0.99979,0.00021,0.00000
28.01000,1.98000,0.99998,0.00002,0.00000
28.21000,1.98000,1.00000,0.00000,0.00000
28.41000,1.98000,1.00000,0.00000,0.00000
28.61000,1.98000,1.00000,0.00000,0.00000
28.81000,1.98000,1.00000,0.00000,0.00000
29.01000,1.98000,1.00000,0.00000,0.00000
29.21000,1.98000,1.00000,0.00000,0.00000
29.41000,1.98000,1.00000,0.00000,0.00000
29.61000,1.98000,1.00000,0.00000,0.00000
29.81000,1.98000,1.00000,0.00000,0.00000
30.01000,1.98000,1.00000,0.00000,0.00000
30.21000,1.98000,1.00000,0.00000,0.00000
30.41000,1.98000,1.00000,0.00000,0.00000
30.61000,1.98000,1.00000,0.00000,0.00000
30.81000,1.98000,1.00000,0.00000,0.00000
31.01000,1.98000,1.00000,0.00000,0.00000
31.21000,1.98000,1.00000,0.00000,0.00000
31.41000,1.98000,1.00000,0.00000,0.00000
31.61000,1.98000,1.00000,0.00000,0.00000
31.81000,1.98000,1.00000,0.00000,0.00000
32.01000,1.98000,0.99999,0.00001,0.00000
32.21000,1.98000,0.99990,0.00010,0.00000
32.41000,1.98000,0.99881,0.00119,0.00000
32.61000,1.98000,0.98402,0.01598,0.00000
32.81000,1.98000,0.79276,0.20712,0.00012
33.01000,1.98000,0.21202,0.78530,0.00268
33.21000,1.98000,0.09213,0.90124,0.00663
33.41000,1.98000,0.08042,0.91508,0.00450
33.61000,1.98000,0.09997,0.89831,0.00173
33.81000,1.98000,0.09476,0.90383,0.00141
34.01000,1.98000,0.06054,0.93293,0.00653
34.21000,1.98000,0.04763,0.94806,0.00431
34.41000,1.98000,0.07087,0.92203,0.00710
34.61000,1.98000,0.07619,0.92075,0.00306
34.81000,1.98000,0.11195,0.88649,0.00157
35.01000,1.98000,0.08298,0.91533,0.00169
35.21000,1.98000,0.06680,0.92765,0.00554
35.41000,1.98000,0.06867,0.92634,0.00499
35.61000,1.98000,0.08576,0.90434,0.00989
35.81000,1.98000,0.14820,0.84548,0.00632
36.01000,1.98000,0.16540,0.82992,0.00468
36.21000,1.98000,0.10454,0.87921,0.01625
36.41000,1.98000,0.09674,0.86157,0.04169
36.61000,1.98000,0.10455,0.84901,0.04644
36.81000,1.98000,0.11030,0.83415,0.05555
37.01000,1.98000,0.08282,0.90945,0.00773
37.21000,1.98000,0.07881,0.91517,0.00602
37.41000,1.98000,0.05583,0.91830,0.02587
37.61000,1.98000,0.03315,0.95990,0.00695
37.81000,1.98000,0.03652,0.95766,0.00582
38.01000,1.98000,0.05207,0.94549,0.00244
38.21000,1.98000,0.07962,0.91999,0.00038
38.41000,1.98000,0.28018,0.71970,0.00012
38.61000,1.98000,0.82866,0.17132,0.00001
38.81000,1.98000,0.98931,0.01069,0.00000
39.01000,1.98000,0.99939,0.00061,0.00000
39.21000,1.98000,0.99995,0.00005,0.00000
39.41000,1.98000,1.00000,0.00000,0.00000
39.61000,1.98000,1.00000,0.00000,0.00000
39.81000,1.98000,1.00000,0.00000,0.00000
40.01000,1.98000,1.00000,0.00000,0.00000
40.21000,1.98000,1.00000,0.00000,0.00000
40.41000,1.98000,1.00000,0.00000,0.00000
40.61000,1.98000,1.00000,0.00000,0.00000
40.81000,1.98000,1.00000,0.00000,0.00000
41.01000,1.98000,0.99973,0.00000,0.00027
41.21000,1.98000,0.98571,0.00000,0.01429
41.41000,1.98000,0.62242,0.00000,0.37758
41.61000,1.98000,0.57962,0.00000,0.42038
41.81000,1.98000,0.63631,0.00000,0.36369
42.01000,1.98000,0.63712,0.00000,0.36288
42.21000,1.98000,0.66169,0.00000,0.33831
42.41000,1.98000,0.65290,0.00000,0.34710
42.61000,1.98000,0.67079,0.00000,0.32921
42.81000,1.98000,0.66236,0.00000,0.33764
43.01000,1.98000,0.64450,0.00000,0.35550
43.21000,1.98000,0.61779,0.00000,0.38221
43.41000,1.98000,0.64029,0.00000,0.35971
43.61000,1.98000,0.57132,0.00000,0.42868
43.81000,1.98000,0.61708,0.00000,0.38292
44.01000,1.98000,0.63021,0.00000,0.36979
44.21000,1.98000,0.54433,0.00000,0.45567
44.41000,1.98000,0.56611,0.00000,0.43389
44.61000,1.98000,0.49325,0.00000,0.50675
44.81000,1.98000,0.56056,0.00000,0.43944
45.01000,1.98000,0.51570,0.00000,0.48430
45.21000,1.98000,0.53098,0.00000,0.46902
45.41000,1.98000,0.56325,0.00000,0.43675
45.61000,1.98000,0.87686,0.00000,0.12314
45.81000,1.98000,0.98622,0.00000,0.01378
46.01000,1.98000,0.99947,0.00000,0.00053
46.21000,1.98000,0.99998,0.00000,0.00002
46.41000,1.98000,1.00000,0.00000,0.00000
46.61000,1.98000,1.00000,0.00000,0.00000
46.81000,1.98000,1.00000,0.00000,0.00000
47.01000,1.98000,1.00000,0.00000,0.00000
47.21000,1.98000,1.00000,0.00000,0.00000
47.41000,1.98000,1.00000,0.00000,0.00000
47.61000,1.98000,1.00000,0.00000,0.00000
47.81000,1.98000,1.00000,0.00000,0.00000
48.01000,1.98000,1.00000,0.00000,0.00000
48.21000,1.98000,1.00000,0.00000,0.00000
48.41000,1.98000,0.99999,0.00001,0.00000
48.61000,1.98000,1.00000,0.00000,0.00000
48.81000,1.98000,0.99999,0.00001,0.00000
49.01000,1.98000,0.99998,0.00002,0.00000
49.21000,1.98000,0.99998,0.00002,0.00000
49.41000,1.98000,0.99999,0.00001,0.00000
49.61000,1.98000,0.99998,0.00002,0.00000
49.81000,1.98000,0.99997,0.00003,0.00000
50.01000,1.98000,0.99998,0.00002,0.00000
50.21000,1.98000,0.99999,0.00001,0.00000
50.41000,1.98000,1.00000,0.00000,0.00000
50.61000,1.98000,1.00000,0.00000,0.00000
50.81000,1.98000,1.00000,0.00000,0.00000
51.01000,1.98000,1.00000,0.00000,0.00000
51.21000,1.98000,1.00000,0.00000,0.00000
51.41000,1.98000,1.00000,0.00000,0.00000
51.61000,1.98000,1.00000,0.00000,0.00000
51.81000,1.98000,1.00000,0.00000,0.00000
52.01000,1.98000,1.00000,0.00000,0.00000
52.21000,1.98000,1.00000,0.00000,0.00000
52.41000,1.98000,1.00000,0.00000,0.00000
52.61000,1.98000,1.00000,0.00000,0.00000
52.81000,1.98000,1.00000,0.00000,0.00000
53.01000,1.98000,1.00000,0.00000,0.00000
53.21000,1.98000,1.00000,0.00000,0.00000
53.41000,1.98000,1.00000,0.00000,0.00000
53.61000,1.98000,1.00000,0.00000,0.00000
53.81000,1.98000,1.00000,0.00000,0.00000
54.01000,1.98000,1.00000,0.00000,0.00000
54.21000,1.98000,1.00000,0.00000,0.00000
54.41000,1.98000,1.00000,0.00000,0.00000
54.61000,1.98000,1.00000,0.00000,0.00000
54.81000,1.98000,1.00000,0.00000,0.00000
55.01000,1.98000,1.00000,0.00000,0.00000
55.21000,1.98000,1.00000,0.00000,0.00000
55.41000,1.98000,1.00000,0.00000,0.00000
55.61000,1.98000,1.00000,0.00000,0.00000
55.81000,1.98000,1.00000,0.00000,0.00000
56.01000,1.98000,1.00000,0.00000,0.00000
56.21000,1.98000,1.00000,0.00000,0.00000
56.41000,1.98000,1.00000,0.00000,0.00000
56.61000,1.98000,1.00000,0.00000,0.00000
56.81000,1.98000,1.00000,0.00000,0.00000
57.01000,1.98000,1.00000,0.00000,0.00000
57.21000,1.98000,1.00000,0.00000,0.00000
57.41000,1.98000,1.00000,0.00000,0.00000
57.61000,1.98000,1.00000,0.00000,0.00000
57.81000,1.98000,1.00000,0.00000,0.00000
58.01000,1.98000,1.00000,0.00000,0.00000
58.21000,1.98000,1.00000,0.00000,0.00000
58.41000,1.98000,1.00000,0.00000,0.00000
58.61000,1.98000,1.00000,0.00000,0.00000
58.81000,1.98000,1.00000,0.00000,0.00000
59.01000,1.98000,1.00000,0.00000,0.00000
59.21000,1.98000,1.00000,0.00000,0.00000
59.41000,1.98000,1.00000,0.00000,0.00000
59.61000,1.98000,1.00000,0.00000,0.00000
59.81000,1.98000,1.00000,0.00000,0.00000
60.01000,1.98000,1.00000,0.00000,0.00000
60.21000,1.98000,1.00000,0.00000,0.00000
60.41000,1.98000,1.00000,0.00000,0.00000
60.61000,1.98000,1.00000,0.00000,0.00000
60.81000,1.98000,1.00000,0.00000,0.00000
61.01000,1.98000,1.00000,0.00000,0.00000
61.21000,1.98000,1.00000,0.00000,0.00000
61.41000,1.98000,1.00000,0.00000,0.00000
61.61000,1.98000,1.00000,0.00000,0.00000
61.81000,1.98000,1.00000,0.00000,0.00000
62.01000,1.98000,1.00000,0.00000,0.00000
62.21000,1.98000,1.00000,0.00000,0.00000
62.41000,1.98000,1.00000,0.00000,0.00000
62.61000,1.98000,1.00000,0.00000,0.00000
62.81000,1.98000,1.00000,0.00000,0.00000
63.01000,1.98000,1.00000,0.00000,0.00000
63.21000,1.98000,1.00000,0.00000,0.00000
63.41000,1.98000,1.00000,0.00000,0.00000
63.61000,1.98000,1.00000,0.00000,0.00000
63.81000,1.98000,1.00000,0.00000,0.00000
64.01000,1.98000,1.00000,0.00000,0.00000
