Time(Seconds),Length(Seconds),Label(string),Confidence(double),Comment(string)
12.1687312,1.389913,On,1,
14.3373899,1.3209102,On,1,
16.5750513,1.3209102,On,1,
18.6127403,1.389913,On,1,
20.7025387,1.5082035,On,1,
24.853448,1.3110527,On,1,
27.229115,1.3209102,On,1,
29.8019327,1.3011951,On,1,
31.8039969,1.0941868,On,1,
33.6079266,1.1237594,On,1,
35.480859,1.1927622,On,1,
37.2059284,1.1434745,On,1,
39.2455693,1.2321924,On,1,
41.2860799,1.2124773,On,1,
43.4547385,0.9758963,On,1,
45.0418024,1.0153265,On,1,
46.7601465,1.2420499,On,1,
48.3176377,1.2913376,On,1,
50.2398579,1.4786308,On,1,
52.3493713,1.2223348,On,1,
54.2289462,1.3110527,On,1,
56.3680323,1.3406253,On,1,
58.7940691,1.3209102,On,1,
61.0613031,1.025184,On,1,
63.1215289,1.3603404,On,1,
65.1028942,1.2716225,On,1,
68.0613365,1.3997705,On,1,
71.3438971,1.1040443,On,1,
73.5519859,1.1040443,On,1,
75.7216281,1.1631896,On,1,
79.3689177,1.005469,On,1,
82.1674908,1.5279185,On,1,
84.7797387,1.3110527,On,1,
87.2145509,1.2913376,On,1,
89.3921972,0.8674634,On,1,
91.0581213,0.8477483,On,1,
93.3253554,0.9956114,On,1,
97.5909467,0.8871785,On,1,
100.1144767,1.0646142,On,1,
102.7562972,0.8674634,On,1,
104.4287654,0.8871785,On,1,
105.6609579,0.6801702,On,1,
107.3564546,0.7491729,On,1,
109.2597467,0.8378908,On,1,
111.4481204,0.8674634,On,1,
113.7646422,1.0646142,On,1,
