Time (seconds), Duration (seconds),pred_(unlabeled),pred_On,pred_Off,pred_Dimmer,pred_Lighter
0.01000,1.98000,0.99950,0.00000,0.00002,0.00000,0.00048
0.21000,1.98000,0.99950,0.00000,0.00002,0.00000,0.00048
0.41000,1.98000,0.99951,0.00000,0.00002,0.00000,0.00047
0.61000,1.98000,0.99948,0.00000,0.00002,0.00000,0.00050
0.81000,1.98000,0.99951,0.00000,0.00002,0.00000,0.00047
1.01000,1.98000,0.99950,0.00000,0.00002,0.00000,0.00048
1.21000,1.98000,0.99950,0.00000,0.00002,0.00000,0.00048
1.41000,1.98000,0.99951,0.00000,0.00002,0.00000,0.00047
1.61000,1.98000,0.99951,0.00000,0.00002,0.00000,0.00047
1.81000,1.98000,0.99950,0.00000,0.00002,0.00000,0.00048
2.01000,1.98000,0.99951,0.00000,0.00002,0.00000,0.00047
2.21000,1.98000,0.99950,0.00000,0.00002,0.00000,0.00048
2.41000,1.98000,0.99951,0.00000,0.00002,0.00000,0.00047
2.61000,1.98000,0.99951,0.00000,0.00002,0.00000,0.00047
2.81000,1.98000,0.99951,0.00000,0.00002,0.00000,0.00047
3.01000,1.98000,0.99952,0.00000,0.00002,0.00000,0.00046
3.21000,1.98000,0.99950,0.00000,0.00002,0.00000,0.00048
3.41000,1.98000,0.99949,0.00000,0.00002,0.00000,0.00049
3.61000,1.98000,0.99954,0.00000,0.00002,0.00000,0.00043
3.81000,1.98000,0.99989,0.00000,0.00007,0.00000,0.00004
4.01000,1.98000,0.99996,0.00000,0.00004,0.00000,0.00000
4.21000,1.98000,0.99982,0.00000,0.00016,0.00000,0.00002
4.41000,1.98000,0.99828,0.00001,0.00165,0.00000,0.00006
4.61000,1.98000,0.57854,0.00001,0.39711,0.00000,0.02434
4.81000,1.98000,0.90329,0.00000,0.09258,0.00000,0.00413
5.01000,1.98000,0.99943,0.00000,0.00048,0.00000,0.00008
5.21000,1.98000,0.99991,0.00000,0.00007,0.00000,0.00002
5.41000,1.98000,0.99994,0.00000,0.00002,0.00000,0.00004
5.61000,1.98000,0.99971,0.00000,0.00001,0.00000,0.00028
5.81000,1.98000,0.99917,0.00000,0.00002,0.00000,0.00080
6.01000,1.98000,0.99962,0.00000,0.00002,0.00000,0.00036
6.21000,1.98000,0.99957,0.00000,0.00002,0.00000,0.00042
6.41000,1.98000,0.99962,0.00000,0.00002,0.00000,0.00036
6.61000,1.98000,0.99968,0.00000,0.00001,0.00000,0.00031
6.81000,1.98000,0.99967,0.00000,0.00002,0.00000,0.00031
7.01000,1.98000,0.99971,0.00000,0.00002,0.00000,0.00027
7.21000,1.98000,0.99947,0.00000,0.00002,0.00000,0.00051
7.41000,1.98000,0.99588,0.00000,0.00013,0.00000,0.00399
7.61000,1.98000,0.98917,0.00000,0.00035,0.00000,0.01047
7.81000,1.98000,0.99741,0.00000,0.00009,0.00000,0.00250
8.01000,1.98000,0.99805,0.00000,0.00006,0.00000,0.00189
8.21000,1.98000,0.99874,0.00000,0.00003,0.00000,0.00122
8.41000,1.98000,0.99794,0.00000,0.00003,0.00000,0.00203
8.61000,1.98000,0.99914,0.00000,0.00002,0.00000,0.00084
8.81000,1.98000,0.99920,0.00000,0.00002,0.00000,0.00078
9.01000,1.98000,0.99955,0.00000,0.00002,0.00000,0.00043
9.21000,1.98000,0.99962,0.00000,0.00001,0.00000,0.00037
9.41000,1.98000,0.99952,0.00000,0.00002,0.00000,0.00046
9.61000,1.98000,0.99958,0.00000,0.00001,0.00000,0.00040
9.81000,1.98000,0.99950,0.00000,0.00002,0.00000,0.00048
10.01000,1.98000,0.99949,0.00000,0.00002,0.00000,0.00049
10.21000,1.98000,0.99953,0.00000,0.00002,0.00000,0.00045
10.41000,1.98000,0.99945,0.00000,0.00002,0.00000,0.00053
10.61000,1.98000,0.99950,0.00000,0.00002,0.00000,0.00048
10.81000,1.98000,0.99948,0.00000,0.00002,0.00000,0.00050
11.01000,1.98000,0.99949,0.00000,0.00002,0.00000,0.00049
11.21000,1.98000,0.99949,0.00000,0.00002,0.00000,0.00049
11.41000,1.98000,0.99949,0.00000,0.00002,0.00000,0.00049
11.61000,1.98000,0.99949,0.00000,0.00002,0.00000,0.00049
11.81000,1.98000,0.99949,0.00000,0.00002,0.00000,0.00049
12.01000,1.98000,0.99950,0.00000,0.00002,0.00000,0.00048
12.21000,1.98000,0.99950,0.00000,0.00002,0.00000,0.00048
12.41000,1.98000,0.99950,0.00000,0.00002,0.00000,0.00048
12.61000,1.98000,0.99949,0.00000,0.00002,0.00000,0.00049
12.81000,1.98000,0.99952,0.00000,0.00002,0.00000,0.00046
13.01000,1.98000,0.99962,0.00000,0.00002,0.00000,0.00035
13.21000,1.98000,0.99959,0.00000,0.00003,0.00000,0.00037
13.41000,1.98000,0.99984,0.00000,0.00005,0.00000,0.00010
13.61000,1.98000,0.99991,0.00000,0.00009,0.00000,0.00001
13.81000,1.98000,0.99971,0.00000,0.00027,0.00000,0.00001
14.01000,1.98000,0.99967,0.00000,0.00031,0.00000,0.00002
14.21000,1.98000,0.87134,0.00002,0.12018,0.00000,0.00846
14.41000,1.98000,0.63211,0.00001,0.35627,0.00000,0.01162
14.61000,1.98000,0.99838,0.00000,0.00143,0.00000,0.00020
14.81000,1.98000,0.99988,0.00000,0.00010,0.00000,0.00002
15.01000,1.98000,0.99984,0.00000,0.00008,0.00000,0.00008
15.21000,1.98000,0.99994,0.00000,0.00001,0.00000,0.00006
15.41000,1.98000,0.99924,0.00000,0.00002,0.00000,0.00074
15.61000,1.98000,0.99959,0.00000,0.00002,0.00000,0.00040
15.81000,1.98000,0.99960,0.00000,0.00002,0.00000,0.00038
16.01000,1.98000,0.99962,0.00000,0.00002,0.00000,0.00036
16.21000,1.98000,0.99962,0.00000,0.00002,0.00000,0.00036
16.41000,1.98000,0.99952,0.00000,0.00002,0.00000,0.00046
16.61000,1.98000,0.99954,0.00000,0.00002,0.00000,0.00044
16.81000,1.98000,0.99958,0.00000,0.00002,0.00000,0.00041
17.01000,1.98000,0.99956,0.00000,0.00002,0.00000,0.00043
17.21000,1.98000,0.99962,0.00000,0.00002,0.00000,0.00037
17.41000,1.98000,0.99952,0.00000,0.00002,0.00000,0.00046
17.61000,1.98000,0.99959,0.00000,0.00002,0.00000,0.00039
17.81000,1.98000,0.99952,0.00000,0.00002,0.00000,0.00046
18.01000,1.98000,0.99954,0.00000,0.00002,0.00000,0.00044
18.21000,1.98000,0.99950,0.00000,0.00002,0.00000,0.00048
18.41000,1.98000,0.99954,0.00000,0.00002,0.00000,0.00044
18.61000,1.98000,0.99956,0.00000,0.00002,0.00000,0.00043
18.81000,1.98000,0.99961,0.00000,0.00001,0.00000,0.00037
19.01000,1.98000,0.99961,0.00000,0.00002,0.00000,0.00037
19.21000,1.98000,0.99955,0.00000,0.00002,0.00000,0.00044
19.41000,1.98000,0.99944,0.00000,0.00002,0.00000,0.00054
19.61000,1.98000,0.99953,0.00000,0.00002,0.00000,0.00045
19.81000,1.98000,0.99943,0.00000,0.00002,0.00000,0.00055
20.01000,1.98000,0.99953,0.00000,0.00002,0.00000,0.00045
20.21000,1.98000,0.99960,0.00000,0.00002,0.00000,0.00039
20.41000,1.98000,0.99947,0.00000,0.00002,0.00000,0.00051
20.61000,1.98000,0.99947,0.00000,0.00002,0.00000,0.00051
20.81000,1.98000,0.99938,0.00000,0.00002,0.00000,0.00060
21.01000,1.98000,0.99951,0.00000,0.00002,0.00000,0.00047
21.21000,1.98000,0.99951,0.00000,0.00002,0.00000,0.00047
21.41000,1.98000,0.99943,0.00000,0.00002,0.00000,0.00055
21.61000,1.98000,0.99945,0.00000,0.00002,0.00000,0.00053
21.81000,1.98000,0.99946,0.00000,0.00002,0.00000,0.00052
22.01000,1.98000,0.99945,0.00000,0.00002,0.00000,0.00052
22.21000,1.98000,0.99950,0.00000,0.00002,0.00000,0.00048
22.41000,1.98000,0.99946,0.00000,0.00002,0.00000,0.00052
22.61000,1.98000,0.99948,0.00000,0.00002,0.00000,0.00050
22.81000,1.98000,0.99947,0.00000,0.00002,0.00000,0.00051
23.01000,1.98000,0.99947,0.00000,0.00002,0.00000,0.00051
23.21000,1.98000,0.99946,0.00000,0.00002,0.00000,0.00051
23.41000,1.98000,0.99948,0.00000,0.00002,0.00000,0.00050
23.61000,1.98000,0.99946,0.00000,0.00002,0.00000,0.00051
23.81000,1.98000,0.99947,0.00000,0.00002,0.00000,0.00050
24.01000,1.98000,0.99960,0.00000,0.00003,0.00000,0.00038
24.21000,1.98000,0.99989,0.00000,0.00007,0.00000,0.00004
24.41000,1.98000,0.99997,0.00000,0.00003,0.00000,0.00000
24.61000,1.98000,0.99989,0.00000,0.00011,0.00000,0.00000
24.81000,1.98000,0.99926,0.00000,0.00073,0.00000,0.00001
25.01000,1.98000,0.96047,0.00004,0.03868,0.00000,0.00081
25.21000,1.98000,0.01842,0.00000,0.98111,0.00000,0.00047
25.41000,1.98000,0.99972,0.00000,0.00027,0.00000,0.00001
25.61000,1.98000,0.99990,0.00000,0.00009,0.00000,0.00000
25.81000,1.98000,0.99995,0.00000,0.00004,0.00000,0.00001
26.01000,1.98000,0.99998,0.00000,0.00000,0.00000,0.00001
26.21000,1.98000,0.99959,0.00000,0.00002,0.00000,0.00039
26.41000,1.98000,0.99981,0.00000,0.00001,0.00000,0.00018
26.61000,1.98000,0.99982,0.00000,0.00001,0.00000,0.00016
26.81000,1.98000,0.99984,0.00000,0.00001,0.00000,0.00015
27.01000,1.98000,0.99983,0.00000,0.00001,0.00000,0.00015
27.21000,1.98000,0.99981,0.00000,0.00001,0.00000,0.00017
27.41000,1.98000,0.99980,0.00000,0.00001,0.00000,0.00018
27.61000,1.98000,0.99980,0.00000,0.00001,0.00000,0.00019
27.81000,1.98000,0.99980,0.00000,0.00001,0.00000,0.00018
28.01000,1.98000,0.99981,0.00000,0.00001,0.00000,0.00017
28.21000,1.98000,0.99983,0.00000,0.00001,0.00000,0.00016
28.41000,1.98000,0.99983,0.00000,0.00001,0.00000,0.00015
28.61000,1.98000,0.99984,0.00000,0.00001,0.00000,0.00015
28.81000,1.98000,0.99983,0.00000,0.00001,0.00000,0.00016
29.01000,1.98000,0.99982,0.00000,0.00001,0.00000,0.00017
29.21000,1.98000,0.99981,0.00000,0.00001,0.00000,0.00018
29.41000,1.98000,0.99980,0.00000,0.00001,0.00000,0.00019
29.61000,1.98000,0.99977,0.00000,0.00001,0.00000,0.00022
29.81000,1.98000,0.99977,0.00000,0.00001,0.00000,0.00022
30.01000,1.98000,0.99968,0.00000,0.00001,0.00000,0.00031
30.21000,1.98000,0.99956,0.00000,0.00002,0.00000,0.00042
30.41000,1.98000,0.99963,0.00000,0.00002,0.00000,0.00036
30.61000,1.98000,0.99948,0.00000,0.00002,0.00000,0.00050
30.81000,1.98000,0.99949,0.00000,0.00002,0.00000,0.00049
31.01000,1.98000,0.99951,0.00000,0.00002,0.00000,0.00047
31.21000,1.98000,0.99914,0.00000,0.00003,0.00000,0.00083
31.41000,1.98000,0.99950,0.00000,0.00002,0.00000,0.00048
31.61000,1.98000,0.99957,0.00000,0.00002,0.00000,0.00041
31.81000,1.98000,0.99950,0.00000,0.00002,0.00000,0.00048
32.01000,1.98000,0.99957,0.00000,0.00001,0.00000,0.00042
32.21000,1.98000,0.99940,0.00000,0.00002,0.00000,0.00058
32.41000,1.98000,0.99955,0.00000,0.00002,0.00000,0.00043
32.61000,1.98000,0.99955,0.00000,0.00002,0.00000,0.00043
32.81000,1.98000,0.99944,0.00000,0.00002,0.00000,0.00053
33.01000,1.98000,0.99936,0.00000,0.00002,0.00000,0.00062
33.21000,1.98000,0.99932,0.00000,0.00003,0.00000,0.00065
33.41000,1.98000,0.99934,0.00000,0.00003,0.00000,0.00063
33.61000,1.98000,0.99983,0.00000,0.00005,0.00000,0.00011
33.81000,1.98000,0.99992,0.00000,0.00007,0.00000,0.00000
34.01000,1.98000,0.99996,0.00000,0.00004,0.00000,0.00000
34.21000,1.98000,0.99984,0.00000,0.00016,0.00000,0.00000
34.41000,1.98000,0.99920,0.00011,0.00069,0.00000,0.00000
34.61000,1.98000,0.01446,0.00000,0.98405,0.00000,0.00149
34.81000,1.98000,0.99007,0.00001,0.00986,0.00000,0.00007
35.01000,1.98000,0.99978,0.00000,0.00022,0.00000,0.00001
35.21000,1.98000,0.99990,0.00000,0.00010,0.00000,0.00000
35.41000,1.98000,0.99990,0.00000,0.00003,0.00000,0.00007
35.61000,1.98000,0.99995,0.00000,0.00001,0.00000,0.00004
35.81000,1.98000,0.99982,0.00000,0.00001,0.00000,0.00017
36.01000,1.98000,0.99982,0.00000,0.00001,0.00000,0.00016
36.21000,1.98000,0.99982,0.00000,0.00001,0.00000,0.00016
36.41000,1.98000,0.99980,0.00000,0.00001,0.00000,0.00019
36.61000,1.98000,0.99980,0.00000,0.00001,0.00000,0.00018
36.81000,1.98000,0.99973,0.00000,0.00002,0.00000,0.00026
37.01000,1.98000,0.99975,0.00000,0.00001,0.00000,0.00024
37.21000,1.98000,0.99963,0.00000,0.00002,0.00000,0.00036
37.41000,1.98000,0.99967,0.00000,0.00002,0.00000,0.00031
37.61000,1.98000,0.99969,0.00000,0.00002,0.00000,0.00029
37.81000,1.98000,0.99948,0.00000,0.00003,0.00000,0.00049
38.01000,1.98000,0.99945,0.00000,0.00003,0.00000,0.00053
38.21000,1.98000,0.99948,0.00000,0.00003,0.00000,0.00049
38.41000,1.98000,0.99947,0.00000,0.00002,0.00000,0.00051
38.61000,1.98000,0.99948,0.00000,0.00002,0.00000,0.00051
38.81000,1.98000,0.99934,0.00000,0.00002,0.00000,0.00064
39.01000,1.98000,0.99889,0.00000,0.00004,0.00000,0.00107
39.21000,1.98000,0.99873,0.00000,0.00004,0.00000,0.00123
39.41000,1.98000,0.99912,0.00000,0.00003,0.00000,0.00085
39.61000,1.98000,0.99889,0.00000,0.00002,0.00000,0.00108
39.81000,1.98000,0.99849,0.00000,0.00004,0.00000,0.00147
40.01000,1.98000,0.99931,0.00000,0.00002,0.00000,0.00067
40.21000,1.98000,0.99904,0.00000,0.00002,0.00000,0.00094
40.41000,1.98000,0.99909,0.00000,0.00003,0.00000,0.00088
40.61000,1.98000,0.99947,0.00000,0.00002,0.00000,0.00050
40.81000,1.98000,0.99945,0.00000,0.00002,0.00000,0.00053
41.01000,1.98000,0.99916,0.00000,0.00003,0.00000,0.00081
41.21000,1.98000,0.99935,0.00000,0.00003,0.00000,0.00062
41.41000,1.98000,0.99935,0.00000,0.00003,0.00000,0.00062
41.61000,1.98000,0.99934,0.00000,0.00004,0.00000,0.00062
41.81000,1.98000,0.99979,0.00000,0.00003,0.00000,0.00018
42.01000,1.98000,0.99993,0.00000,0.00006,0.00000,0.00001
42.21000,1.98000,0.99995,0.00000,0.00005,0.00000,0.00000
42.41000,1.98000,0.99994,0.00000,0.00006,0.00000,0.00000
42.61000,1.98000,0.99867,0.00000,0.00129,0.00000,0.00004
42.81000,1.98000,0.23535,0.00000,0.76082,0.00000,0.00383
43.01000,1.98000,0.90702,0.00000,0.09060,0.00000,0.00238
43.21000,1.98000,0.99989,0.00000,0.00010,0.00000,0.00001
43.41000,1.98000,0.99996,0.00000,0.00003,0.00000,0.00001
43.61000,1.98000,0.99990,0.00000,0.00004,0.00000,0.00006
43.81000,1.98000,0.99971,0.00000,0.00001,0.00000,0.00028
44.01000,1.98000,0.99925,0.00000,0.00002,0.00000,0.00073
44.21000,1.98000,0.99949,0.00000,0.00002,0.00000,0.00049
44.41000,1.98000,0.99954,0.00000,0.00002,0.00000,0.00044
44.61000,1.98000,0.99958,0.00000,0.00002,0.00000,0.00040
44.81000,1.98000,0.99957,0.00000,0.00002,0.00000,0.00042
45.01000,1.98000,0.99959,0.00000,0.00002,0.00000,0.00040
45.21000,1.98000,0.99955,0.00000,0.00002,0.00000,0.00043
45.41000,1.98000,0.99960,0.00000,0.00002,0.00000,0.00039
45.61000,1.98000,0.99959,0.00000,0.00002,0.00000,0.00039
45.81000,1.98000,0.99961,0.00000,0.00002,0.00000,0.00037
46.01000,1.98000,0.99961,0.00000,0.00002,0.00000,0.00038
46.21000,1.98000,0.99960,0.00000,0.00002,0.00000,0.00039
46.41000,1.98000,0.99962,0.00000,0.00002,0.00000,0.00036
46.61000,1.98000,0.99959,0.00000,0.00002,0.00000,0.00039
46.81000,1.98000,0.99964,0.00000,0.00002,0.00000,0.00034
47.01000,1.98000,0.99964,0.00000,0.00002,0.00000,0.00035
47.21000,1.98000,0.99949,0.00000,0.00002,0.00000,0.00049
47.41000,1.98000,0.99940,0.00000,0.00002,0.00000,0.00058
47.61000,1.98000,0.99926,0.00000,0.00003,0.00000,0.00071
47.81000,1.98000,0.99933,0.00000,0.00003,0.00000,0.00064
48.01000,1.98000,0.99951,0.00000,0.00002,0.00000,0.00047
48.21000,1.98000,0.99942,0.00000,0.00002,0.00000,0.00056
48.41000,1.98000,0.99928,0.00000,0.00002,0.00000,0.00070
48.61000,1.98000,0.99931,0.00000,0.00002,0.00000,0.00067
48.81000,1.98000,0.99941,0.00000,0.00002,0.00000,0.00056
49.01000,1.98000,0.99951,0.00000,0.00002,0.00000,0.00047
49.21000,1.98000,0.99954,0.00000,0.00002,0.00000,0.00044
49.41000,1.98000,0.99950,0.00000,0.00002,0.00000,0.00048
49.61000,1.98000,0.99948,0.00000,0.00002,0.00000,0.00051
49.81000,1.98000,0.99950,0.00000,0.00003,0.00000,0.00048
50.01000,1.98000,0.99956,0.00000,0.00003,0.00000,0.00041
50.21000,1.98000,0.99953,0.00000,0.00002,0.00000,0.00044
50.41000,1.98000,0.99944,0.00000,0.00003,0.00000,0.00053
50.61000,1.98000,0.99929,0.00000,0.00004,0.00000,0.00067
50.81000,1.98000,0.99927,0.00000,0.00007,0.00000,0.00066
51.01000,1.98000,0.99965,0.00000,0.00002,0.00000,0.00032
51.21000,1.98000,0.99955,0.00000,0.00002,0.00000,0.00043
51.41000,1.98000,0.99949,0.00000,0.00002,0.00000,0.00049
51.61000,1.98000,0.99937,0.00000,0.00003,0.00000,0.00060
51.81000,1.98000,0.99944,0.00000,0.00003,0.00000,0.00053
52.01000,1.98000,0.99963,0.00000,0.00002,0.00000,0.00035
52.21000,1.98000,0.99954,0.00000,0.00002,0.00000,0.00045
52.41000,1.98000,0.99952,0.00000,0.00002,0.00000,0.00045
52.61000,1.98000,0.99993,0.00000,0.00005,0.00000,0.00002
52.81000,1.98000,0.99996,0.00000,0.00004,0.00000,0.00000
53.01000,1.98000,0.99992,0.00000,0.00007,0.00000,0.00001
53.21000,1.98000,0.99931,0.00000,0.00064,0.00000,0.00005
53.41000,1.98000,0.71563,0.00001,0.27199,0.00000,0.01236
53.61000,1.98000,0.77220,0.00000,0.22107,0.00000,0.00673
53.81000,1.98000,0.99978,0.00000,0.00018,0.00000,0.00004
54.01000,1.98000,0.99987,0.00000,0.00010,0.00000,0.00003
54.21000,1.98000,0.99991,0.00000,0.00005,0.00000,0.00005
54.41000,1.98000,0.99986,0.00000,0.00001,0.00000,0.00013
54.61000,1.98000,0.99913,0.00000,0.00002,0.00000,0.00085
54.81000,1.98000,0.99956,0.00000,0.00002,0.00000,0.00042
55.01000,1.98000,0.99958,0.00000,0.00002,0.00000,0.00041
55.21000,1.98000,0.99961,0.00000,0.00002,0.00000,0.00038
55.41000,1.98000,0.99961,0.00000,0.00002,0.00000,0.00038
55.61000,1.98000,0.99967,0.00000,0.00001,0.00000,0.00032
55.81000,1.98000,0.99969,0.00000,0.00001,0.00000,0.00030
56.01000,1.98000,0.99965,0.00000,0.00002,0.00000,0.00034
56.21000,1.98000,0.99961,0.00000,0.00002,0.00000,0.00037
56.41000,1.98000,0.99962,0.00000,0.00002,0.00000,0.00036
56.61000,1.98000,0.99960,0.00000,0.00002,0.00000,0.00038
56.81000,1.98000,0.99958,0.00000,0.00002,0.00000,0.00040
57.01000,1.98000,0.99943,0.00000,0.00003,0.00000,0.00054
57.21000,1.98000,0.99951,0.00000,0.00002,0.00000,0.00046
57.41000,1.98000,0.99956,0.00000,0.00002,0.00000,0.00042
57.61000,1.98000,0.99958,0.00000,0.00002,0.00000,0.00040
57.81000,1.98000,0.99947,0.00000,0.00002,0.00000,0.00050
58.01000,1.98000,0.99954,0.00000,0.00002,0.00000,0.00044
58.21000,1.98000,0.99950,0.00000,0.00002,0.00000,0.00047
58.41000,1.98000,0.99955,0.00000,0.00002,0.00000,0.00043
58.61000,1.98000,0.99952,0.00000,0.00002,0.00000,0.00046
58.81000,1.98000,0.99958,0.00000,0.00002,0.00000,0.00040
59.01000,1.98000,0.99956,0.00000,0.00002,0.00000,0.00042
59.21000,1.98000,0.99957,0.00000,0.00002,0.00000,0.00041
59.41000,1.98000,0.99943,0.00000,0.00002,0.00000,0.00055
59.61000,1.98000,0.99950,0.00000,0.00002,0.00000,0.00048
59.81000,1.98000,0.99955,0.00000,0.00002,0.00000,0.00043
60.01000,1.98000,0.99950,0.00000,0.00002,0.00000,0.00048
60.21000,1.98000,0.99949,0.00000,0.00002,0.00000,0.00049
60.41000,1.98000,0.99946,0.00000,0.00002,0.00000,0.00052
60.61000,1.98000,0.99951,0.00000,0.00002,0.00000,0.00046
60.81000,1.98000,0.99948,0.00000,0.00002,0.00000,0.00050
61.01000,1.98000,0.99940,0.00000,0.00002,0.00000,0.00057
61.21000,1.98000,0.99967,0.00000,0.00005,0.00000,0.00028
61.41000,1.98000,0.99988,0.00000,0.00010,0.00000,0.00001
61.61000,1.98000,0.99998,0.00000,0.00002,0.00000,0.00000
61.81000,1.98000,0.99987,0.00000,0.00012,0.00000,0.00001
62.01000,1.98000,0.99602,0.00001,0.00393,0.00000,0.00005
62.21000,1.98000,0.04360,0.00000,0.95279,0.00000,0.00361
62.41000,1.98000,0.98077,0.00000,0.01888,0.00000,0.00034
62.61000,1.98000,0.99976,0.00000,0.00023,0.00000,0.00002
62.81000,1.98000,0.99993,0.00000,0.00006,0.00000,0.00000
63.01000,1.98000,0.99997,0.00000,0.00001,0.00000,0.00002
63.21000,1.98000,0.99963,0.00000,0.00001,0.00000,0.00037
63.41000,1.98000,0.99914,0.00000,0.00003,0.00000,0.00084
63.61000,1.98000,0.99956,0.00000,0.00002,0.00000,0.00042
63.81000,1.98000,0.99959,0.00000,0.00002,0.00000,0.00039
64.01000,1.98000,0.99957,0.00000,0.00002,0.00000,0.00041
64.21000,1.98000,0.99955,0.00000,0.00002,0.00000,0.00043
64.41000,1.98000,0.99960,0.00000,0.00002,0.00000,0.00038
64.61000,1.98000,0.99961,0.00000,0.00002,0.00000,0.00038
64.81000,1.98000,0.99959,0.00000,0.00002,0.00000,0.00039
65.01000,1.98000,0.99960,0.00000,0.00002,0.00000,0.00038
65.21000,1.98000,0.99956,0.00000,0.00002,0.00000,0.00042
65.41000,1.98000,0.99965,0.00000,0.00002,0.00000,0.00033
65.61000,1.98000,0.99966,0.00000,0.00001,0.00000,0.00033
65.81000,1.98000,0.99966,0.00000,0.00001,0.00000,0.00032
66.01000,1.98000,0.99959,0.00000,0.00002,0.00000,0.00039
66.21000,1.98000,0.99962,0.00000,0.00002,0.00000,0.00036
66.41000,1.98000,0.99962,0.00000,0.00001,0.00000,0.00037
66.61000,1.98000,0.99968,0.00000,0.00001,0.00000,0.00031
66.81000,1.98000,0.99958,0.00000,0.00002,0.00000,0.00041
67.01000,1.98000,0.99954,0.00000,0.00002,0.00000,0.00044
67.21000,1.98000,0.99938,0.00000,0.00002,0.00000,0.00060
67.41000,1.98000,0.99955,0.00000,0.00002,0.00000,0.00043
67.61000,1.98000,0.99930,0.00000,0.00003,0.00000,0.00066
67.81000,1.98000,0.99960,0.00000,0.00003,0.00000,0.00037
68.01000,1.98000,0.99931,0.00000,0.00004,0.00000,0.00065
68.21000,1.98000,0.99909,0.00000,0.00005,0.00000,0.00086
68.41000,1.98000,0.99946,0.00000,0.00003,0.00000,0.00051
68.61000,1.98000,0.99899,0.00000,0.00005,0.00000,0.00095
68.81000,1.98000,0.99947,0.00000,0.00003,0.00000,0.00050
69.01000,1.98000,0.99945,0.00000,0.00003,0.00000,0.00052
69.21000,1.98000,0.99927,0.00000,0.00002,0.00000,0.00071
69.41000,1.98000,0.99954,0.00000,0.00002,0.00000,0.00044
69.61000,1.98000,0.99947,0.00000,0.00002,0.00000,0.00051
69.81000,1.98000,0.99950,0.00000,0.00002,0.00000,0.00047
70.01000,1.98000,0.99966,0.00000,0.00003,0.00000,0.00031
70.21000,1.98000,0.99987,0.00000,0.00007,0.00000,0.00006
70.41000,1.98000,0.99995,0.00000,0.00004,0.00000,0.00000
70.61000,1.98000,0.99995,0.00000,0.00004,0.00000,0.00000
70.81000,1.98000,0.99982,0.00000,0.00018,0.00000,0.00000
71.01000,1.98000,0.97914,0.00003,0.02027,0.00000,0.00056
71.21000,1.98000,0.12201,0.00000,0.87711,0.00000,0.00087
71.41000,1.98000,0.99983,0.00000,0.00016,0.00000,0.00001
71.61000,1.98000,0.99997,0.00000,0.00003,0.00000,0.00000
71.81000,1.98000,0.99998,0.00000,0.00001,0.00000,0.00001
72.01000,1.98000,0.99990,0.00000,0.00001,0.00000,0.00010
72.21000,1.98000,0.99933,0.00000,0.00001,0.00000,0.00065
72.41000,1.98000,0.99929,0.00000,0.00002,0.00000,0.00069
72.61000,1.98000,0.99960,0.00000,0.00002,0.00000,0.00039
72.81000,1.98000,0.99962,0.00000,0.00002,0.00000,0.00036
73.01000,1.98000,0.99964,0.00000,0.00002,0.00000,0.00035
73.21000,1.98000,0.99963,0.00000,0.00002,0.00000,0.00035
73.41000,1.98000,0.99964,0.00000,0.00002,0.00000,0.00034
73.61000,1.98000,0.99962,0.00000,0.00002,0.00000,0.00037
73.81000,1.98000,0.99965,0.00000,0.00002,0.00000,0.00033
74.01000,1.98000,0.99965,0.00000,0.00002,0.00000,0.00033
74.21000,1.98000,0.99963,0.00000,0.00002,0.00000,0.00036
74.41000,1.98000,0.99967,0.00000,0.00001,0.00000,0.00032
74.61000,1.98000,0.99967,0.00000,0.00001,0.00000,0.00031
74.81000,1.98000,0.99964,0.00000,0.00001,0.00000,0.00034
75.01000,1.98000,0.99968,0.00000,0.00001,0.00000,0.00030
75.21000,1.98000,0.99964,0.00000,0.00001,0.00000,0.00034
75.41000,1.98000,0.99966,0.00000,0.00001,0.00000,0.00033
75.61000,1.98000,0.99961,0.00000,0.00001,0.00000,0.00038
75.81000,1.98000,0.99955,0.00000,0.00002,0.00000,0.00043
76.01000,1.98000,0.99952,0.00000,0.00002,0.00000,0.00046
76.21000,1.98000,0.99954,0.00000,0.00002,0.00000,0.00044
76.41000,1.98000,0.99941,0.00000,0.00002,0.00000,0.00056
76.61000,1.98000,0.99935,0.00000,0.00003,0.00000,0.00063
76.81000,1.98000,0.99899,0.00000,0.00003,0.00000,0.00098
77.01000,1.98000,0.99952,0.00000,0.00002,0.00000,0.00046
77.21000,1.98000,0.99918,0.00000,0.00003,0.00000,0.00079
77.41000,1.98000,0.99900,0.00000,0.00003,0.00000,0.00097
77.61000,1.98000,0.99921,0.00000,0.00003,0.00000,0.00076
77.81000,1.98000,0.99917,0.00000,0.00003,0.00000,0.00080
78.01000,1.98000,0.99921,0.00000,0.00002,0.00000,0.00077
78.21000,1.98000,0.99919,0.00000,0.00003,0.00000,0.00078
78.41000,1.98000,0.99904,0.00000,0.00004,0.00000,0.00093
78.61000,1.98000,0.99908,0.00000,0.00006,0.00000,0.00086
78.81000,1.98000,0.99950,0.00000,0.00003,0.00000,0.00047
79.01000,1.98000,0.99979,0.00000,0.00009,0.00000,0.00012
79.21000,1.98000,0.99993,0.00000,0.00006,0.00000,0.00001
79.41000,1.98000,0.99995,0.00000,0.00005,0.00000,0.00000
79.61000,1.98000,0.99990,0.00000,0.00010,0.00000,0.00000
79.81000,1.98000,0.99765,0.00003,0.00230,0.00000,0.00002
80.01000,1.98000,0.03280,0.00000,0.96511,0.00000,0.00209
80.21000,1.98000,0.99579,0.00000,0.00415,0.00000,0.00006
80.41000,1.98000,0.99990,0.00000,0.00010,0.00000,0.00001
80.61000,1.98000,0.99995,0.00000,0.00004,0.00000,0.00001
80.81000,1.98000,0.99996,0.00000,0.00001,0.00000,0.00003
81.01000,1.98000,0.99952,0.00000,0.00001,0.00000,0.00046
81.21000,1.98000,0.99906,0.00000,0.00003,0.00000,0.00091
81.41000,1.98000,0.99954,0.00000,0.00002,0.00000,0.00044
81.61000,1.98000,0.99952,0.00000,0.00002,0.00000,0.00046
81.81000,1.98000,0.99953,0.00000,0.00002,0.00000,0.00045
82.01000,1.98000,0.99950,0.00000,0.00002,0.00000,0.00048
82.21000,1.98000,0.99954,0.00000,0.00002,0.00000,0.00045
82.41000,1.98000,0.99956,0.00000,0.00002,0.00000,0.00043
82.61000,1.98000,0.99957,0.00000,0.00002,0.00000,0.00041
82.81000,1.98000,0.99956,0.00000,0.00002,0.00000,0.00042
83.01000,1.98000,0.99958,0.00000,0.00002,0.00000,0.00041
83.21000,1.98000,0.99957,0.00000,0.00002,0.00000,0.00041
83.41000,1.98000,0.99959,0.00000,0.00002,0.00000,0.00040
83.61000,1.98000,0.99958,0.00000,0.00002,0.00000,0.00040
83.81000,1.98000,0.99957,0.00000,0.00002,0.00000,0.00041
84.01000,1.98000,0.99955,0.00000,0.00002,0.00000,0.00043
84.21000,1.98000,0.99959,0.00000,0.00002,0.00000,0.00040
84.41000,1.98000,0.99958,0.00000,0.00002,0.00000,0.00040
84.61000,1.98000,0.99961,0.00000,0.00001,0.00000,0.00037
84.81000,1.98000,0.99954,0.00000,0.00002,0.00000,0.00045
85.01000,1.98000,0.99956,0.00000,0.00002,0.00000,0.00042
85.21000,1.98000,0.99959,0.00000,0.00001,0.00000,0.00039
85.41000,1.98000,0.99952,0.00000,0.00002,0.00000,0.00046
85.61000,1.98000,0.99952,0.00000,0.00002,0.00000,0.00046
85.81000,1.98000,0.99962,0.00000,0.00002,0.00000,0.00036
86.01000,1.98000,0.99945,0.00000,0.00002,0.00000,0.00052
86.21000,1.98000,0.99954,0.00000,0.00002,0.00000,0.00044
86.41000,1.98000,0.99938,0.00000,0.00003,0.00000,0.00059
86.61000,1.98000,0.99940,0.00000,0.00003,0.00000,0.00057
86.81000,1.98000,0.99939,0.00000,0.00004,0.00000,0.00058
87.01000,1.98000,0.99956,0.00000,0.00003,0.00000,0.00042
87.21000,1.98000,0.99953,0.00000,0.00002,0.00000,0.00045
87.41000,1.98000,0.99950,0.00000,0.00002,0.00000,0.00048
87.61000,1.98000,0.99936,0.00000,0.00003,0.00000,0.00061
87.81000,1.98000,0.99940,0.00000,0.00003,0.00000,0.00057
88.01000,1.98000,0.99959,0.00000,0.00004,0.00000,0.00036
88.21000,1.98000,0.99989,0.00000,0.00006,0.00000,0.00006
88.41000,1.98000,0.99995,0.00000,0.00005,0.00000,0.00000
88.61000,1.98000,0.99993,0.00000,0.00007,0.00000,0.00000
88.81000,1.98000,0.99953,0.00000,0.00043,0.00000,0.00003
89.01000,1.98000,0.59126,0.00003,0.40428,0.00000,0.00442
89.21000,1.98000,0.79204,0.00001,0.20220,0.00000,0.00575
89.41000,1.98000,0.99918,0.00000,0.00077,0.00000,0.00005
89.61000,1.98000,0.99981,0.00000,0.00012,0.00000,0.00007
89.81000,1.98000,0.99987,0.00000,0.00008,0.00000,0.00006
90.01000,1.98000,0.99982,0.00000,0.00001,0.00000,0.00017
90.21000,1.98000,0.99928,0.00000,0.00002,0.00000,0.00071
90.41000,1.98000,0.99924,0.00000,0.00002,0.00000,0.00074
90.61000,1.98000,0.99954,0.00000,0.00002,0.00000,0.00044
90.81000,1.98000,0.99955,0.00000,0.00002,0.00000,0.00043
91.01000,1.98000,0.99957,0.00000,0.00002,0.00000,0.00041
91.21000,1.98000,0.99959,0.00000,0.00002,0.00000,0.00040
91.41000,1.98000,0.99957,0.00000,0.00002,0.00000,0.00041
91.61000,1.98000,0.99958,0.00000,0.00002,0.00000,0.00041
91.81000,1.98000,0.99958,0.00000,0.00002,0.00000,0.00040
92.01000,1.98000,0.99961,0.00000,0.00002,0.00000,0.00038
92.21000,1.98000,0.99958,0.00000,0.00002,0.00000,0.00040
92.41000,1.98000,0.99959,0.00000,0.00002,0.00000,0.00040
92.61000,1.98000,0.99959,0.00000,0.00002,0.00000,0.00039
92.81000,1.98000,0.99966,0.00000,0.00001,0.00000,0.00033
93.01000,1.98000,0.99963,0.00000,0.00001,0.00000,0.00035
93.21000,1.98000,0.99962,0.00000,0.00001,0.00000,0.00037
93.41000,1.98000,0.99950,0.00000,0.00002,0.00000,0.00048
93.61000,1.98000,0.99962,0.00000,0.00002,0.00000,0.00037
93.81000,1.98000,0.99953,0.00000,0.00002,0.00000,0.00046
94.01000,1.98000,0.99931,0.00000,0.00002,0.00000,0.00066
94.21000,1.98000,0.99953,0.00000,0.00002,0.00000,0.00046
94.41000,1.98000,0.99924,0.00000,0.00003,0.00000,0.00074
94.61000,1.98000,0.99928,0.00000,0.00003,0.00000,0.00069
94.81000,1.98000,0.99967,0.00000,0.00002,0.00000,0.00032
95.01000,1.98000,0.99942,0.00000,0.00002,0.00000,0.00056
95.21000,1.98000,0.99951,0.00000,0.00002,0.00000,0.00047
95.41000,1.98000,0.99939,0.00000,0.00002,0.00000,0.00059
95.61000,1.98000,0.99931,0.00000,0.00003,0.00000,0.00065
95.81000,1.98000,0.99960,0.00000,0.00002,0.00000,0.00037
96.01000,1.98000,0.99953,0.00000,0.00002,0.00000,0.00044
96.21000,1.98000,0.99945,0.00000,0.00002,0.00000,0.00053
96.41000,1.98000,0.99957,0.00000,0.00002,0.00000,0.00041
96.61000,1.98000,0.99938,0.00000,0.00003,0.00000,0.00059
96.81000,1.98000,0.99961,0.00000,0.00002,0.00000,0.00036
97.01000,1.98000,0.99967,0.00000,0.00004,0.00000,0.00029
97.21000,1.98000,0.99996,0.00000,0.00003,0.00000,0.00001
97.41000,1.98000,0.99993,0.00000,0.00004,0.00000,0.00003
97.61000,1.98000,0.99927,0.00000,0.00040,0.00000,0.00032
97.81000,1.98000,0.96559,0.00000,0.02028,0.00000,0.01413
98.01000,1.98000,0.80026,0.00000,0.17126,0.00000,0.02848
98.21000,1.98000,0.99787,0.00000,0.00133,0.00000,0.00080
98.41000,1.98000,0.99993,0.00000,0.00002,0.00000,0.00005
98.61000,1.98000,0.99981,0.00000,0.00004,0.00000,0.00015
98.81000,1.98000,0.99956,0.00000,0.00002,0.00000,0.00041
99.01000,1.98000,0.99948,0.00000,0.00002,0.00000,0.00050
99.21000,1.98000,0.99942,0.00000,0.00002,0.00000,0.00056
99.41000,1.98000,0.99954,0.00000,0.00002,0.00000,0.00044
99.61000,1.98000,0.99954,0.00000,0.00002,0.00000,0.00044
99.81000,1.98000,0.99955,0.00000,0.00002,0.00000,0.00043
100.01000,1.98000,0.99954,0.00000,0.00002,0.00000,0.00044
100.21000,1.98000,0.99955,0.00000,0.00002,0.00000,0.00043
100.41000,1.98000,0.99955,0.00000,0.00002,0.00000,0.00043
100.61000,1.98000,0.99956,0.00000,0.00002,0.00000,0.00043
100.81000,1.98000,0.99958,0.00000,0.00002,0.00000,0.00040
101.01000,1.98000,0.99967,0.00000,0.00002,0.00000,0.00032
101.21000,1.98000,0.99959,0.00000,0.00002,0.00000,0.00039
101.41000,1.98000,0.99952,0.00000,0.00002,0.00000,0.00046
101.61000,1.98000,0.99961,0.00000,0.00002,0.00000,0.00037
101.81000,1.98000,0.99957,0.00000,0.00002,0.00000,0.00041
102.01000,1.98000,0.99952,0.00000,0.00002,0.00000,0.00046
102.21000,1.98000,0.99948,0.00000,0.00002,0.00000,0.00050
102.41000,1.98000,0.99947,0.00000,0.00002,0.00000,0.00051
102.61000,1.98000,0.99948,0.00000,0.00002,0.00000,0.00050
102.81000,1.98000,0.99950,0.00000,0.00002,0.00000,0.00048
103.01000,1.98000,0.99940,0.00000,0.00002,0.00000,0.00059
103.21000,1.98000,0.99925,0.00000,0.00003,0.00000,0.00072
103.41000,1.98000,0.99943,0.00000,0.00002,0.00000,0.00055
103.61000,1.98000,0.99947,0.00000,0.00002,0.00000,0.00051
103.81000,1.98000,0.99939,0.00000,0.00003,0.00000,0.00058
104.01000,1.98000,0.99943,0.00000,0.00003,0.00000,0.00055
104.21000,1.98000,0.99949,0.00000,0.00002,0.00000,0.00049
104.41000,1.98000,0.99951,0.00000,0.00002,0.00000,0.00046
104.61000,1.98000,0.99955,0.00000,0.00002,0.00000,0.00043
104.81000,1.98000,0.99958,0.00000,0.00002,0.00000,0.00041
105.01000,1.98000,0.99942,0.00000,0.00002,0.00000,0.00055
105.21000,1.98000,0.99951,0.00000,0.00002,0.00000,0.00047
105.41000,1.98000,0.99958,0.00000,0.00002,0.00000,0.00040
105.61000,1.98000,0.99967,0.00000,0.00004,0.00000,0.00029
105.81000,1.98000,0.99978,0.00000,0.00004,0.00000,0.00018
106.01000,1.98000,0.99981,0.00000,0.00005,0.00000,0.00014
106.21000,1.98000,0.99975,0.00000,0.00008,0.00000,0.00017
106.41000,1.98000,0.99932,0.00000,0.00014,0.00000,0.00054
106.61000,1.98000,0.95966,0.00000,0.02582,0.00000,0.01451
106.81000,1.98000,0.99961,0.00000,0.00007,0.00000,0.00032
107.01000,1.98000,0.99964,0.00000,0.00009,0.00000,0.00027
107.21000,1.98000,0.99970,0.00000,0.00002,0.00000,0.00028
107.41000,1.98000,0.99987,0.00000,0.00001,0.00000,0.00011
107.61000,1.98000,0.99954,0.00000,0.00002,0.00000,0.00044
107.81000,1.98000,0.99950,0.00000,0.00002,0.00000,0.00049
108.01000,1.98000,0.99956,0.00000,0.00002,0.00000,0.00042
108.21000,1.98000,0.99954,0.00000,0.00002,0.00000,0.00044
108.41000,1.98000,0.99956,0.00000,0.00002,0.00000,0.00043
108.61000,1.98000,0.99952,0.00000,0.00002,0.00000,0.00046
108.81000,1.98000,0.99952,0.00000,0.00002,0.00000,0.00046
109.01000,1.98000,0.99948,0.00000,0.00002,0.00000,0.00050
109.21000,1.98000,0.99952,0.00000,0.00002,0.00000,0.00046
109.41000,1.98000,0.99951,0.00000,0.00002,0.00000,0.00047
109.61000,1.98000,0.99948,0.00000,0.00002,0.00000,0.00050
109.81000,1.98000,0.99944,0.00000,0.00002,0.00000,0.00054
110.01000,1.98000,0.99945,0.00000,0.00002,0.00000,0.00053
110.21000,1.98000,0.99946,0.00000,0.00002,0.00000,0.00052
110.41000,1.98000,0.99944,0.00000,0.00002,0.00000,0.00053
110.61000,1.98000,0.99945,0.00000,0.00002,0.00000,0.00053
110.81000,1.98000,0.99949,0.00000,0.00002,0.00000,0.00048
111.01000,1.98000,0.99954,0.00000,0.00002,0.00000,0.00044
111.21000,1.98000,0.99950,0.00000,0.00002,0.00000,0.00047
111.41000,1.98000,0.99955,0.00000,0.00002,0.00000,0.00043
111.61000,1.98000,0.99948,0.00000,0.00002,0.00000,0.00050
111.81000,1.98000,0.99951,0.00000,0.00002,0.00000,0.00047
112.01000,1.98000,0.99955,0.00000,0.00002,0.00000,0.00043
112.21000,1.98000,0.99953,0.00000,0.00002,0.00000,0.00045
112.41000,1.98000,0.99947,0.00000,0.00002,0.00000,0.00051
112.61000,1.98000,0.99951,0.00000,0.00002,0.00000,0.00046
112.81000,1.98000,0.99947,0.00000,0.00002,0.00000,0.00051
113.01000,1.98000,0.99944,0.00000,0.00003,0.00000,0.00053
113.21000,1.98000,0.99966,0.00000,0.00002,0.00000,0.00032
113.41000,1.98000,0.99941,0.00000,0.00003,0.00000,0.00056
113.61000,1.98000,0.99940,0.00000,0.00003,0.00000,0.00057
113.81000,1.98000,0.99959,0.00000,0.00002,0.00000,0.00039
114.01000,1.98000,0.99954,0.00000,0.00002,0.00000,0.00044
114.21000,1.98000,0.99959,0.00000,0.00002,0.00000,0.00039
114.41000,1.98000,0.99945,0.00000,0.00002,0.00000,0.00052
114.61000,1.98000,0.99952,0.00000,0.00002,0.00000,0.00046
114.81000,1.98000,0.99966,0.00000,0.00001,0.00000,0.00033
115.01000,1.98000,0.99958,0.00000,0.00002,0.00000,0.00040
115.21000,1.98000,0.99959,0.00000,0.00002,0.00000,0.00040
115.41000,1.98000,0.99963,0.00000,0.00001,0.00000,0.00036
115.61000,1.98000,0.99985,0.00000,0.00003,0.00000,0.00012
115.81000,1.98000,0.99995,0.00000,0.00004,0.00000,0.00001
116.01000,1.98000,0.99997,0.00000,0.00002,0.00000,0.00001
116.21000,1.98000,0.99968,0.00000,0.00028,0.00000,0.00005
116.41000,1.98000,0.99723,0.00000,0.00156,0.00000,0.00121
116.61000,1.98000,0.82518,0.00000,0.16753,0.00000,0.00729
116.81000,1.98000,0.99916,0.00000,0.00056,0.00000,0.00028
117.01000,1.98000,0.99996,0.00000,0.00003,0.00000,0.00001
117.21000,1.98000,0.99996,0.00000,0.00001,0.00000,0.00004
117.41000,1.98000,0.99980,0.00000,0.00001,0.00000,0.00019
117.61000,1.98000,0.99953,0.00000,0.00002,0.00000,0.00045
117.81000,1.98000,0.99950,0.00000,0.00002,0.00000,0.00048
118.01000,1.98000,0.99946,0.00000,0.00002,0.00000,0.00052
118.21000,1.98000,0.99952,0.00000,0.00002,0.00000,0.00046
118.41000,1.98000,0.99951,0.00000,0.00002,0.00000,0.00047
118.61000,1.98000,0.99952,0.00000,0.00002,0.00000,0.00046
118.81000,1.98000,0.99954,0.00000,0.00002,0.00000,0.00044
119.01000,1.98000,0.99960,0.00000,0.00002,0.00000,0.00038
119.21000,1.98000,0.99958,0.00000,0.00002,0.00000,0.00040
119.41000,1.98000,0.99959,0.00000,0.00002,0.00000,0.00040
119.61000,1.98000,0.99959,0.00000,0.00002,0.00000,0.00039
119.81000,1.98000,0.99951,0.00000,0.00002,0.00000,0.00047
120.01000,1.98000,0.99956,0.00000,0.00002,0.00000,0.00042
120.21000,1.98000,0.99956,0.00000,0.00002,0.00000,0.00042
120.41000,1.98000,0.99949,0.00000,0.00002,0.00000,0.00049
120.61000,1.98000,0.99963,0.00000,0.00002,0.00000,0.00035
120.81000,1.98000,0.99945,0.00000,0.00002,0.00000,0.00052
121.01000,1.98000,0.99955,0.00000,0.00002,0.00000,0.00043
121.21000,1.98000,0.99955,0.00000,0.00002,0.00000,0.00043
121.41000,1.98000,0.99946,0.00000,0.00003,0.00000,0.00051
121.61000,1.98000,0.99960,0.00000,0.00002,0.00000,0.00038
121.81000,1.98000,0.99957,0.00000,0.00002,0.00000,0.00041
122.01000,1.98000,0.99954,0.00000,0.00002,0.00000,0.00044
122.21000,1.98000,0.99960,0.00000,0.00002,0.00000,0.00038
122.41000,1.98000,0.99930,0.00000,0.00003,0.00000,0.00067
122.61000,1.98000,0.99959,0.00000,0.00001,0.00000,0.00039
122.81000,1.98000,0.99973,0.00000,0.00001,0.00000,0.00026
123.01000,1.98000,0.99970,0.00000,0.00001,0.00000,0.00029
123.21000,1.98000,0.99986,0.00000,0.00003,0.00000,0.00012
123.41000,1.98000,0.99995,0.00000,0.00004,0.00000,0.00001
123.61000,1.98000,0.99995,0.00000,0.00004,0.00000,0.00000
123.81000,1.98000,0.99934,0.00000,0.00056,0.00000,0.00010
124.01000,1.98000,0.98590,0.00000,0.01148,0.00000,0.00261
124.21000,1.98000,0.27932,0.00000,0.70124,0.00000,0.01943
124.41000,1.98000,0.99660,0.00000,0.00291,0.00000,0.00049
124.61000,1.98000,0.99993,0.00000,0.00005,0.00000,0.00002
124.81000,1.98000,0.99985,0.00000,0.00009,0.00000,0.00006
125.01000,1.98000,0.99969,0.00000,0.00002,0.00000,0.00029
125.21000,1.98000,0.99956,0.00000,0.00002,0.00000,0.00042
125.41000,1.98000,0.99934,0.00000,0.00002,0.00000,0.00064
125.61000,1.98000,0.99955,0.00000,0.00002,0.00000,0.00042
125.81000,1.98000,0.99962,0.00000,0.00002,0.00000,0.00036
126.01000,1.98000,0.99953,0.00000,0.00002,0.00000,0.00045
126.21000,1.98000,0.99957,0.00000,0.00002,0.00000,0.00041
126.41000,1.98000,0.99913,0.00000,0.00003,0.00000,0.00084
126.61000,1.98000,0.99940,0.00000,0.00002,0.00000,0.00058
126.81000,1.98000,0.99946,0.00000,0.00002,0.00000,0.00052
127.01000,1.98000,0.99958,0.00000,0.00001,0.00000,0.00040
127.21000,1.98000,0.99940,0.00000,0.00002,0.00000,0.00058
127.41000,1.98000,0.99948,0.00000,0.00002,0.00000,0.00050
127.61000,1.98000,0.99879,0.00000,0.00003,0.00000,0.00118
127.81000,1.98000,0.99920,0.00000,0.00004,0.00000,0.00076
128.00999,1.98001,0.99952,0.00000,0.00002,0.00000,0.00045
128.21001,1.98000,0.99944,0.00000,0.00002,0.00000,0.00054
128.41000,1.98000,0.99938,0.00000,0.00003,0.00000,0.00060
128.61000,1.98000,0.99943,0.00000,0.00003,0.00000,0.00054
128.81000,1.98000,0.99924,0.00000,0.00004,0.00000,0.00072
129.00999,1.98001,0.99946,0.00000,0.00003,0.00000,0.00051
129.21001,1.98000,0.99941,0.00000,0.00003,0.00000,0.00056
129.41000,1.98000,0.99931,0.00000,0.00003,0.00000,0.00066
129.61000,1.98000,0.99937,0.00000,0.00003,0.00000,0.00060
129.81000,1.98000,0.99952,0.00000,0.00003,0.00000,0.00045
130.00999,1.98001,0.99960,0.00000,0.00005,0.00000,0.00035
130.21001,1.98000,0.99991,0.00000,0.00007,0.00000,0.00002
130.41000,1.98000,0.99996,0.00000,0.00003,0.00000,0.00000
130.61000,1.98000,0.99977,0.00000,0.00020,0.00000,0.00003
130.81000,1.98000,0.99416,0.00000,0.00557,0.00000,0.00027
131.00999,1.98001,0.16892,0.00000,0.81135,0.00000,0.01973
131.21001,1.98000,0.98822,0.00000,0.01087,0.00000,0.00092
131.41000,1.98000,0.99985,0.00000,0.00010,0.00000,0.00005
131.61000,1.98000,0.99995,0.00000,0.00003,0.00000,0.00002
131.81000,1.98000,0.99977,0.00000,0.00002,0.00000,0.00021
132.00999,1.98001,0.99946,0.00000,0.00001,0.00000,0.00053
132.21001,1.98000,0.99923,0.00000,0.00002,0.00000,0.00074
132.41000,1.98000,0.99955,0.00000,0.00002,0.00000,0.00043
132.61000,1.98000,0.99954,0.00000,0.00002,0.00000,0.00044
132.81000,1.98000,0.99955,0.00000,0.00002,0.00000,0.00043
133.00999,1.98001,0.99953,0.00000,0.00002,0.00000,0.00046
133.21001,1.98000,0.99954,0.00000,0.00002,0.00000,0.00044
133.41000,1.98000,0.99952,0.00000,0.00002,0.00000,0.00046
133.61000,1.98000,0.99951,0.00000,0.00002,0.00000,0.00047
133.81000,1.98000,0.99951,0.00000,0.00002,0.00000,0.00047
134.00999,1.98001,0.99946,0.00000,0.00002,0.00000,0.00052
134.21001,1.98000,0.99940,0.00000,0.00002,0.00000,0.00057
134.41000,1.98000,0.99965,0.00000,0.00002,0.00000,0.00033
134.61000,1.98000,0.99941,0.00000,0.00003,0.00000,0.00057
134.81000,1.98000,0.99954,0.00000,0.00002,0.00000,0.00044
135.00999,1.98001,0.99951,0.00000,0.00002,0.00000,0.00047
135.21001,1.98000,0.99918,0.00000,0.00004,0.00000,0.00079
