Time (seconds), Duration (seconds),pred_(unlabeled),pred_On,pred_Off,pred_Dimmer,pred_Lighter
0.01000,1.98000,0.99989,0.00000,0.00001,0.00001,0.00010
0.21000,1.98000,0.99988,0.00000,0.00001,0.00001,0.00010
0.41000,1.98000,0.99989,0.00000,0.00001,0.00001,0.00010
0.61000,1.98000,0.99989,0.00000,0.00001,0.00000,0.00009
0.81000,1.98000,0.99989,0.00000,0.00001,0.00001,0.00009
1.01000,1.98000,0.99990,0.00000,0.00001,0.00001,0.00009
1.21000,1.98000,0.99990,0.00000,0.00001,0.00001,0.00009
1.41000,1.98000,0.99990,0.00000,0.00001,0.00001,0.00009
1.61000,1.98000,0.99990,0.00000,0.00001,0.00001,0.00009
1.81000,1.98000,0.99990,0.00000,0.00001,0.00001,0.00009
2.01000,1.98000,0.99990,0.00000,0.00001,0.00001,0.00008
2.21000,1.98000,0.99990,0.00000,0.00001,0.00001,0.00009
2.41000,1.98000,0.99990,0.00000,0.00001,0.00001,0.00009
2.61000,1.98000,0.99988,0.00000,0.00002,0.00000,0.00010
2.81000,1.98000,0.99997,0.00000,0.00002,0.00000,0.00001
3.01000,1.98000,0.99999,0.00000,0.00001,0.00000,0.00000
3.21000,1.98000,0.99992,0.00000,0.00008,0.00000,0.00000
3.41000,1.98000,0.99950,0.00000,0.00050,0.00000,0.00000
3.61000,1.98000,0.93230,0.00023,0.06687,0.00001,0.00058
3.81000,1.98000,0.02424,0.00000,0.97558,0.00000,0.00018
4.01000,1.98000,0.99988,0.00000,0.00012,0.00000,0.00000
4.21000,1.98000,0.99991,0.00000,0.00009,0.00000,0.00000
4.41000,1.98000,0.99974,0.00000,0.00024,0.00000,0.00001
4.61000,1.98000,0.99999,0.00000,0.00001,0.00000,0.00001
4.81000,1.98000,0.99986,0.00000,0.00001,0.00000,0.00013
5.01000,1.98000,0.99981,0.00000,0.00001,0.00000,0.00017
5.21000,1.98000,0.99975,0.00000,0.00002,0.00000,0.00023
5.41000,1.98000,0.99979,0.00000,0.00002,0.00000,0.00019
5.61000,1.98000,0.99982,0.00000,0.00001,0.00000,0.00016
5.81000,1.98000,0.99983,0.00000,0.00001,0.00000,0.00015
6.01000,1.98000,0.99985,0.00000,0.00001,0.00001,0.00013
6.21000,1.98000,0.99979,0.00000,0.00002,0.00000,0.00019
6.41000,1.98000,0.99974,0.00000,0.00002,0.00000,0.00023
6.61000,1.98000,0.99969,0.00000,0.00002,0.00001,0.00028
6.81000,1.98000,0.99973,0.00000,0.00002,0.00001,0.00023
7.01000,1.98000,0.99928,0.00000,0.00006,0.00001,0.00065
7.21000,1.98000,0.99939,0.00000,0.00006,0.00002,0.00053
7.41000,1.98000,0.99915,0.00000,0.00007,0.00006,0.00072
7.61000,1.98000,0.99958,0.00000,0.00002,0.00000,0.00040
7.81000,1.98000,0.99962,0.00000,0.00002,0.00000,0.00036
8.01000,1.98000,0.99970,0.00000,0.00002,0.00000,0.00028
8.21000,1.98000,0.99985,0.00000,0.00002,0.00001,0.00012
8.41000,1.98000,0.99971,0.00000,0.00002,0.00002,0.00024
8.61000,1.98000,0.99772,0.00001,0.00028,0.00007,0.00192
8.81000,1.98000,0.99800,0.00000,0.00015,0.00002,0.00184
9.01000,1.98000,0.99797,0.00000,0.00014,0.00001,0.00188
9.21000,1.98000,0.99806,0.00000,0.00012,0.00001,0.00180
9.41000,1.98000,0.99883,0.00000,0.00007,0.00000,0.00110
9.61000,1.98000,0.99929,0.00000,0.00002,0.00000,0.00068
9.81000,1.98000,0.99967,0.00000,0.00002,0.00000,0.00031
10.01000,1.98000,0.99952,0.00000,0.00002,0.00000,0.00046
10.21000,1.98000,0.99953,0.00000,0.00002,0.00000,0.00045
10.41000,1.98000,0.99960,0.00000,0.00003,0.00000,0.00037
10.61000,1.98000,0.99987,0.00000,0.00007,0.00000,0.00006
10.81000,1.98000,0.99994,0.00000,0.00005,0.00000,0.00000
11.01000,1.98000,0.99994,0.00000,0.00006,0.00000,0.00000
11.21000,1.98000,0.99900,0.00000,0.00093,0.00000,0.00006
11.41000,1.98000,0.85497,0.00007,0.14326,0.00001,0.00168
11.61000,1.98000,0.20667,0.00000,0.78933,0.00005,0.00395
11.81000,1.98000,0.99972,0.00000,0.00028,0.00000,0.00001
12.01000,1.98000,0.99989,0.00000,0.00010,0.00000,0.00001
12.21000,1.98000,0.99997,0.00000,0.00002,0.00000,0.00001
12.41000,1.98000,0.99992,0.00000,0.00003,0.00000,0.00004
12.61000,1.98000,0.99977,0.00000,0.00002,0.00001,0.00021
12.81000,1.98000,0.99987,0.00000,0.00001,0.00002,0.00011
13.01000,1.98000,0.99987,0.00000,0.00001,0.00001,0.00011
13.21000,1.98000,0.99988,0.00000,0.00001,0.00001,0.00010
13.41000,1.98000,0.99987,0.00000,0.00001,0.00001,0.00011
13.61000,1.98000,0.99982,0.00000,0.00001,0.00000,0.00016
13.81000,1.98000,0.99984,0.00000,0.00001,0.00000,0.00015
14.01000,1.98000,0.99984,0.00000,0.00001,0.00000,0.00014
14.21000,1.98000,0.99986,0.00000,0.00001,0.00000,0.00013
14.41000,1.98000,0.99983,0.00000,0.00002,0.00000,0.00016
14.61000,1.98000,0.99983,0.00000,0.00001,0.00001,0.00015
14.81000,1.98000,0.99973,0.00000,0.00002,0.00001,0.00025
15.01000,1.98000,0.99984,0.00000,0.00001,0.00000,0.00014
15.21000,1.98000,0.99973,0.00000,0.00002,0.00000,0.00024
15.41000,1.98000,0.99980,0.00000,0.00002,0.00001,0.00017
15.61000,1.98000,0.99971,0.00000,0.00002,0.00001,0.00025
15.81000,1.98000,0.99974,0.00000,0.00002,0.00001,0.00023
16.01000,1.98000,0.99971,0.00000,0.00002,0.00000,0.00026
16.21000,1.98000,0.99955,0.00000,0.00003,0.00000,0.00042
16.41000,1.98000,0.99970,0.00000,0.00002,0.00000,0.00027
16.61000,1.98000,0.99982,0.00000,0.00001,0.00000,0.00017
16.81000,1.98000,0.99970,0.00000,0.00002,0.00000,0.00028
17.01000,1.98000,0.99974,0.00000,0.00002,0.00000,0.00024
17.21000,1.98000,0.99968,0.00000,0.00002,0.00000,0.00030
17.41000,1.98000,0.99950,0.00000,0.00002,0.00000,0.00048
17.61000,1.98000,0.99979,0.00000,0.00003,0.00000,0.00018
17.81000,1.98000,0.99995,0.00000,0.00004,0.00000,0.00002
18.01000,1.98000,0.99991,0.00000,0.00009,0.00000,0.00000
18.21000,1.98000,0.99975,0.00000,0.00025,0.00000,0.00000
18.41000,1.98000,0.99918,0.00000,0.00082,0.00000,0.00000
18.61000,1.98000,0.97779,0.00001,0.02218,0.00000,0.00001
18.81000,1.98000,0.00652,0.00000,0.99346,0.00000,0.00002
19.01000,1.98000,0.99691,0.00000,0.00308,0.00000,0.00000
19.21000,1.98000,0.99969,0.00000,0.00031,0.00000,0.00000
19.41000,1.98000,0.99998,0.00000,0.00002,0.00000,0.00000
19.61000,1.98000,0.99997,0.00000,0.00003,0.00000,0.00000
19.81000,1.98000,0.99995,0.00000,0.00001,0.00000,0.00004
20.01000,1.98000,0.99990,0.00000,0.00001,0.00001,0.00008
20.21000,1.98000,0.99992,0.00000,0.00001,0.00001,0.00006
20.41000,1.98000,0.99990,0.00000,0.00001,0.00001,0.00008
20.61000,1.98000,0.99989,0.00000,0.00001,0.00001,0.00009
20.81000,1.98000,0.99990,0.00000,0.00001,0.00001,0.00009
21.01000,1.98000,0.99988,0.00000,0.00001,0.00001,0.00010
21.21000,1.98000,0.99990,0.00000,0.00001,0.00000,0.00009
21.41000,1.98000,0.99990,0.00000,0.00001,0.00001,0.00008
21.61000,1.98000,0.99991,0.00000,0.00001,0.00001,0.00007
21.81000,1.98000,0.99992,0.00000,0.00001,0.00001,0.00007
22.01000,1.98000,0.99991,0.00000,0.00001,0.00001,0.00007
22.21000,1.98000,0.99992,0.00000,0.00001,0.00001,0.00007
22.41000,1.98000,0.99993,0.00000,0.00001,0.00001,0.00006
22.61000,1.98000,0.99993,0.00000,0.00001,0.00001,0.00006
22.81000,1.98000,0.99992,0.00000,0.00001,0.00001,0.00006
23.01000,1.98000,0.99992,0.00000,0.00001,0.00001,0.00006
23.21000,1.98000,0.99990,0.00000,0.00001,0.00001,0.00008
23.41000,1.98000,0.99989,0.00000,0.00001,0.00001,0.00009
23.61000,1.98000,0.99987,0.00000,0.00001,0.00001,0.00011
23.81000,1.98000,0.99987,0.00000,0.00001,0.00001,0.00011
24.01000,1.98000,0.99976,0.00000,0.00002,0.00001,0.00021
24.21000,1.98000,0.99972,0.00000,0.00002,0.00001,0.00025
24.41000,1.98000,0.99965,0.00000,0.00002,0.00000,0.00033
24.61000,1.98000,0.99960,0.00000,0.00002,0.00000,0.00038
24.81000,1.98000,0.99938,0.00000,0.00003,0.00000,0.00059
25.01000,1.98000,0.99966,0.00000,0.00002,0.00000,0.00032
25.21000,1.98000,0.99950,0.00000,0.00002,0.00000,0.00048
25.41000,1.98000,0.99946,0.00000,0.00002,0.00000,0.00051
25.61000,1.98000,0.99947,0.00000,0.00002,0.00000,0.00051
25.81000,1.98000,0.99945,0.00000,0.00003,0.00000,0.00052
26.01000,1.98000,0.99958,0.00000,0.00003,0.00000,0.00039
26.21000,1.98000,0.99992,0.00000,0.00007,0.00000,0.00001
26.41000,1.98000,0.99993,0.00000,0.00006,0.00000,0.00000
26.61000,1.98000,0.99982,0.00000,0.00017,0.00000,0.00001
26.81000,1.98000,0.99027,0.00000,0.00915,0.00001,0.00057
27.01000,1.98000,0.32586,0.00001,0.66722,0.00000,0.00690
27.21000,1.98000,0.93866,0.00000,0.05726,0.00000,0.00407
27.41000,1.98000,0.99975,0.00000,0.00022,0.00000,0.00003
27.61000,1.98000,0.99983,0.00000,0.00010,0.00000,0.00006
27.81000,1.98000,0.99976,0.00000,0.00010,0.00000,0.00014
28.01000,1.98000,0.99978,0.00000,0.00002,0.00000,0.00020
28.21000,1.98000,0.99967,0.00000,0.00002,0.00000,0.00032
28.41000,1.98000,0.99975,0.00000,0.00002,0.00000,0.00023
28.61000,1.98000,0.99970,0.00000,0.00002,0.00000,0.00028
28.81000,1.98000,0.99971,0.00000,0.00002,0.00000,0.00027
29.01000,1.98000,0.99977,0.00000,0.00002,0.00000,0.00022
29.21000,1.98000,0.99975,0.00000,0.00002,0.00000,0.00023
29.41000,1.98000,0.99980,0.00000,0.00002,0.00000,0.00018
29.61000,1.98000,0.99980,0.00000,0.00002,0.00000,0.00018
29.81000,1.98000,0.99980,0.00000,0.00002,0.00000,0.00018
30.01000,1.98000,0.99982,0.00000,0.00001,0.00000,0.00016
30.21000,1.98000,0.99981,0.00000,0.00001,0.00000,0.00017
30.41000,1.98000,0.99983,0.00000,0.00001,0.00000,0.00015
30.61000,1.98000,0.99985,0.00000,0.00001,0.00000,0.00013
30.81000,1.98000,0.99986,0.00000,0.00001,0.00000,0.00012
31.01000,1.98000,0.99989,0.00000,0.00001,0.00000,0.00010
31.21000,1.98000,0.99985,0.00000,0.00001,0.00000,0.00013
31.41000,1.98000,0.99986,0.00000,0.00001,0.00000,0.00012
31.61000,1.98000,0.99987,0.00000,0.00001,0.00000,0.00012
31.81000,1.98000,0.99986,0.00000,0.00001,0.00000,0.00012
32.01000,1.98000,0.99986,0.00000,0.00001,0.00000,0.00012
32.21000,1.98000,0.99985,0.00000,0.00001,0.00000,0.00013
32.41000,1.98000,0.99983,0.00000,0.00001,0.00000,0.00015
32.61000,1.98000,0.99974,0.00000,0.00002,0.00000,0.00024
32.81000,1.98000,0.99972,0.00000,0.00002,0.00000,0.00026
33.01000,1.98000,0.99972,0.00000,0.00002,0.00000,0.00026
33.21000,1.98000,0.99966,0.00000,0.00002,0.00000,0.00032
33.41000,1.98000,0.99959,0.00000,0.00002,0.00000,0.00038
33.61000,1.98000,0.99960,0.00000,0.00002,0.00000,0.00038
33.81000,1.98000,0.99952,0.00000,0.00002,0.00000,0.00046
34.01000,1.98000,0.99955,0.00000,0.00004,0.00000,0.00042
34.21000,1.98000,0.99988,0.00000,0.00005,0.00000,0.00007
34.41000,1.98000,0.99992,0.00000,0.00008,0.00000,0.00001
34.61000,1.98000,0.99998,0.00000,0.00002,0.00000,0.00000
34.81000,1.98000,0.99984,0.00000,0.00016,0.00000,0.00000
35.01000,1.98000,0.99664,0.00000,0.00316,0.00000,0.00019
35.21000,1.98000,0.05978,0.00000,0.93892,0.00000,0.00129
35.41000,1.98000,0.99925,0.00000,0.00063,0.00000,0.00012
35.61000,1.98000,0.99977,0.00000,0.00022,0.00000,0.00001
35.81000,1.98000,0.99993,0.00000,0.00004,0.00000,0.00003
36.01000,1.98000,0.99987,0.00000,0.00009,0.00000,0.00004
36.21000,1.98000,0.99977,0.00000,0.00001,0.00000,0.00022
36.41000,1.98000,0.99977,0.00000,0.00001,0.00000,0.00022
36.61000,1.98000,0.99977,0.00000,0.00002,0.00000,0.00021
36.81000,1.98000,0.99978,0.00000,0.00002,0.00000,0.00019
37.01000,1.98000,0.99977,0.00000,0.00002,0.00000,0.00020
37.21000,1.98000,0.99983,0.00000,0.00001,0.00000,0.00016
37.41000,1.98000,0.99985,0.00000,0.00001,0.00000,0.00013
37.61000,1.98000,0.99986,0.00000,0.00001,0.00000,0.00013
37.81000,1.98000,0.99985,0.00000,0.00001,0.00001,0.00013
38.01000,1.98000,0.99989,0.00000,0.00001,0.00000,0.00010
38.21000,1.98000,0.99983,0.00000,0.00001,0.00000,0.00016
38.41000,1.98000,0.99985,0.00000,0.00001,0.00000,0.00013
38.61000,1.98000,0.99985,0.00000,0.00001,0.00000,0.00013
38.81000,1.98000,0.99989,0.00000,0.00001,0.00000,0.00010
39.01000,1.98000,0.99984,0.00000,0.00001,0.00000,0.00014
39.21000,1.98000,0.99979,0.00000,0.00001,0.00000,0.00019
39.41000,1.98000,0.99973,0.00000,0.00002,0.00000,0.00025
39.61000,1.98000,0.99971,0.00000,0.00002,0.00000,0.00027
39.81000,1.98000,0.99970,0.00000,0.00002,0.00000,0.00028
40.01000,1.98000,0.99970,0.00000,0.00002,0.00000,0.00028
40.21000,1.98000,0.99974,0.00000,0.00001,0.00000,0.00025
40.41000,1.98000,0.99960,0.00000,0.00002,0.00000,0.00038
40.61000,1.98000,0.99946,0.00000,0.00003,0.00000,0.00051
40.81000,1.98000,0.99952,0.00000,0.00003,0.00000,0.00045
41.01000,1.98000,0.99942,0.00000,0.00002,0.00000,0.00056
41.21000,1.98000,0.99944,0.00000,0.00003,0.00000,0.00053
41.41000,1.98000,0.99928,0.00000,0.00003,0.00000,0.00069
41.61000,1.98000,0.99932,0.00000,0.00003,0.00000,0.00065
41.81000,1.98000,0.99966,0.00000,0.00002,0.00000,0.00033
42.01000,1.98000,0.99982,0.00000,0.00013,0.00000,0.00004
42.21000,1.98000,0.99997,0.00000,0.00003,0.00000,0.00000
42.41000,1.98000,0.99999,0.00000,0.00001,0.00000,0.00000
42.61000,1.98000,0.99988,0.00000,0.00012,0.00000,0.00000
42.81000,1.98000,0.99631,0.00000,0.00369,0.00000,0.00000
43.01000,1.98000,0.07173,0.00000,0.92824,0.00000,0.00003
43.21000,1.98000,0.97765,0.00000,0.02234,0.00000,0.00000
43.41000,1.98000,0.99968,0.00000,0.00032,0.00000,0.00000
43.61000,1.98000,0.99996,0.00000,0.00004,0.00000,0.00000
43.81000,1.98000,0.99994,0.00000,0.00006,0.00000,0.00000
44.01000,1.98000,0.99998,0.00000,0.00001,0.00000,0.00001
44.21000,1.98000,0.99990,0.00000,0.00001,0.00001,0.00008
44.41000,1.98000,0.99992,0.00000,0.00001,0.00001,0.00007
44.61000,1.98000,0.99991,0.00000,0.00001,0.00001,0.00008
44.81000,1.98000,0.99992,0.00000,0.00001,0.00001,0.00007
45.01000,1.98000,0.99992,0.00000,0.00001,0.00001,0.00007
45.21000,1.98000,0.99992,0.00000,0.00001,0.00001,0.00007
45.41000,1.98000,0.99992,0.00000,0.00001,0.00001,0.00006
45.61000,1.98000,0.99993,0.00000,0.00001,0.00001,0.00006
45.81000,1.98000,0.99991,0.00000,0.00001,0.00001,0.00007
46.01000,1.98000,0.99987,0.00000,0.00001,0.00001,0.00011
46.21000,1.98000,0.99987,0.00000,0.00001,0.00001,0.00011
46.41000,1.98000,0.99981,0.00000,0.00001,0.00001,0.00017
46.61000,1.98000,0.99974,0.00000,0.00002,0.00001,0.00024
46.81000,1.98000,0.99965,0.00000,0.00002,0.00001,0.00032
47.01000,1.98000,0.99963,0.00000,0.00002,0.00001,0.00034
47.21000,1.98000,0.99937,0.00000,0.00003,0.00000,0.00060
47.41000,1.98000,0.99945,0.00000,0.00002,0.00000,0.00052
47.61000,1.98000,0.99917,0.00000,0.00003,0.00000,0.00080
47.81000,1.98000,0.99929,0.00000,0.00003,0.00000,0.00068
48.01000,1.98000,0.99939,0.00000,0.00002,0.00000,0.00059
48.21000,1.98000,0.99933,0.00000,0.00003,0.00000,0.00065
48.41000,1.98000,0.99926,0.00000,0.00004,0.00000,0.00070
48.61000,1.98000,0.99945,0.00000,0.00002,0.00000,0.00053
48.81000,1.98000,0.99931,0.00000,0.00002,0.00000,0.00067
49.01000,1.98000,0.99950,0.00000,0.00002,0.00000,0.00048
49.21000,1.98000,0.99944,0.00000,0.00002,0.00000,0.00054
49.41000,1.98000,0.99950,0.00000,0.00002,0.00000,0.00048
49.61000,1.98000,0.99957,0.00000,0.00002,0.00000,0.00041
49.81000,1.98000,0.99951,0.00000,0.00002,0.00000,0.00047
50.01000,1.98000,0.99993,0.00000,0.00005,0.00000,0.00002
50.21000,1.98000,0.99994,0.00000,0.00006,0.00000,0.00000
50.41000,1.98000,0.99992,0.00000,0.00008,0.00000,0.00000
50.61000,1.98000,0.99968,0.00000,0.00032,0.00000,0.00001
50.81000,1.98000,0.97957,0.00000,0.01968,0.00000,0.00074
51.01000,1.98000,0.00628,0.00000,0.99260,0.00000,0.00112
51.21000,1.98000,0.99215,0.00000,0.00763,0.00000,0.00021
51.41000,1.98000,0.99979,0.00000,0.00020,0.00000,0.00001
51.61000,1.98000,0.99987,0.00000,0.00011,0.00000,0.00002
51.81000,1.98000,0.99991,0.00000,0.00002,0.00000,0.00007
52.01000,1.98000,0.99978,0.00000,0.00001,0.00000,0.00021
52.21000,1.98000,0.99988,0.00000,0.00001,0.00000,0.00011
52.41000,1.98000,0.99990,0.00000,0.00001,0.00001,0.00009
52.61000,1.98000,0.99990,0.00000,0.00001,0.00001,0.00008
52.81000,1.98000,0.99991,0.00000,0.00001,0.00001,0.00008
53.01000,1.98000,0.99991,0.00000,0.00001,0.00001,0.00008
53.21000,1.98000,0.99990,0.00000,0.00001,0.00001,0.00008
53.41000,1.98000,0.99989,0.00000,0.00001,0.00001,0.00009
53.61000,1.98000,0.99988,0.00000,0.00001,0.00001,0.00010
53.81000,1.98000,0.99990,0.00000,0.00001,0.00001,0.00008
54.01000,1.98000,0.99990,0.00000,0.00001,0.00001,0.00008
54.21000,1.98000,0.99990,0.00000,0.00001,0.00001,0.00008
54.41000,1.98000,0.99990,0.00000,0.00001,0.00001,0.00008
54.61000,1.98000,0.99990,0.00000,0.00001,0.00001,0.00009
54.81000,1.98000,0.99989,0.00000,0.00001,0.00001,0.00010
55.01000,1.98000,0.99987,0.00000,0.00001,0.00001,0.00011
55.21000,1.98000,0.99983,0.00000,0.00002,0.00001,0.00015
55.41000,1.98000,0.99983,0.00000,0.00002,0.00000,0.00015
55.61000,1.98000,0.99978,0.00000,0.00002,0.00000,0.00020
55.81000,1.98000,0.99977,0.00000,0.00002,0.00000,0.00021
56.01000,1.98000,0.99970,0.00000,0.00002,0.00000,0.00028
56.21000,1.98000,0.99967,0.00000,0.00002,0.00000,0.00031
56.41000,1.98000,0.99955,0.00000,0.00002,0.00000,0.00043
56.61000,1.98000,0.99945,0.00000,0.00002,0.00000,0.00052
56.81000,1.98000,0.99943,0.00000,0.00002,0.00000,0.00055
57.01000,1.98000,0.99941,0.00000,0.00002,0.00000,0.00057
57.21000,1.98000,0.99932,0.00000,0.00002,0.00000,0.00066
57.41000,1.98000,0.99945,0.00000,0.00002,0.00000,0.00053
57.61000,1.98000,0.99943,0.00000,0.00002,0.00000,0.00055
57.81000,1.98000,0.99942,0.00000,0.00002,0.00000,0.00055
58.01000,1.98000,0.99943,0.00000,0.00002,0.00000,0.00055
58.21000,1.98000,0.99954,0.00000,0.00002,0.00000,0.00044
58.41000,1.98000,0.99963,0.00000,0.00002,0.00000,0.00035
58.61000,1.98000,0.99992,0.00000,0.00005,0.00000,0.00004
58.81000,1.98000,0.99997,0.00000,0.00003,0.00000,0.00000
59.01000,1.98000,0.99992,0.00000,0.00008,0.00000,0.00000
59.21000,1.98000,0.99976,0.00000,0.00023,0.00000,0.00001
59.41000,1.98000,0.99288,0.00001,0.00694,0.00000,0.00018
59.61000,1.98000,0.01499,0.00000,0.98214,0.00000,0.00287
59.81000,1.98000,0.95967,0.00000,0.03973,0.00000,0.00060
60.01000,1.98000,0.99972,0.00000,0.00027,0.00000,0.00001
60.21000,1.98000,0.99990,0.00000,0.00010,0.00000,0.00001
60.41000,1.98000,0.99994,0.00000,0.00001,0.00000,0.00004
60.61000,1.98000,0.99956,0.00000,0.00001,0.00000,0.00043
60.81000,1.98000,0.99950,0.00000,0.00002,0.00000,0.00048
61.01000,1.98000,0.99976,0.00000,0.00002,0.00000,0.00022
61.21000,1.98000,0.99976,0.00000,0.00002,0.00000,0.00022
61.41000,1.98000,0.99975,0.00000,0.00002,0.00000,0.00023
61.61000,1.98000,0.99975,0.00000,0.00002,0.00000,0.00023
61.81000,1.98000,0.99972,0.00000,0.00002,0.00000,0.00026
62.01000,1.98000,0.99971,0.00000,0.00002,0.00000,0.00027
62.21000,1.98000,0.99970,0.00000,0.00002,0.00000,0.00028
62.41000,1.98000,0.99967,0.00000,0.00002,0.00000,0.00032
62.61000,1.98000,0.99968,0.00000,0.00002,0.00000,0.00031
62.81000,1.98000,0.99949,0.00000,0.00002,0.00000,0.00049
63.01000,1.98000,0.99963,0.00000,0.00002,0.00000,0.00035
63.21000,1.98000,0.99950,0.00000,0.00002,0.00000,0.00048
63.41000,1.98000,0.99958,0.00000,0.00002,0.00000,0.00040
63.61000,1.98000,0.99952,0.00000,0.00002,0.00000,0.00046
63.81000,1.98000,0.99962,0.00000,0.00002,0.00000,0.00036
64.01000,1.98000,0.99944,0.00000,0.00002,0.00000,0.00054
64.21000,1.98000,0.99974,0.00000,0.00001,0.00000,0.00025
64.41000,1.98000,0.99978,0.00000,0.00007,0.00000,0.00015
64.61000,1.98000,0.99995,0.00000,0.00005,0.00000,0.00000
64.81000,1.98000,1.00000,0.00000,0.00000,0.00000,0.00000
65.01000,1.98000,0.99990,0.00000,0.00010,0.00000,0.00000
65.21000,1.98000,0.99357,0.00000,0.00643,0.00000,0.00000
65.41000,1.98000,0.02151,0.00000,0.97845,0.00000,0.00004
65.61000,1.98000,0.51042,0.00000,0.48956,0.00000,0.00002
65.81000,1.98000,0.99970,0.00000,0.00030,0.00000,0.00000
66.01000,1.98000,0.99989,0.00000,0.00011,0.00000,0.00000
66.21000,1.98000,0.99951,0.00000,0.00049,0.00000,0.00000
66.41000,1.98000,0.99998,0.00000,0.00001,0.00000,0.00001
66.61000,1.98000,0.99967,0.00000,0.00002,0.00000,0.00032
66.81000,1.98000,0.99976,0.00000,0.00002,0.00000,0.00022
67.01000,1.98000,0.99981,0.00000,0.00001,0.00000,0.00017
67.21000,1.98000,0.99984,0.00000,0.00001,0.00000,0.00014
67.41000,1.98000,0.99987,0.00000,0.00001,0.00000,0.00012
67.61000,1.98000,0.99987,0.00000,0.00001,0.00000,0.00012
67.81000,1.98000,0.99984,0.00000,0.00001,0.00000,0.00014
68.01000,1.98000,0.99984,0.00000,0.00001,0.00000,0.00014
68.21000,1.98000,0.99979,0.00000,0.00002,0.00000,0.00019
68.41000,1.98000,0.99980,0.00000,0.00002,0.00000,0.00018
68.61000,1.98000,0.99978,0.00000,0.00002,0.00000,0.00020
68.81000,1.98000,0.99967,0.00000,0.00002,0.00001,0.00030
69.01000,1.98000,0.99974,0.00000,0.00001,0.00000,0.00024
69.21000,1.98000,0.99949,0.00000,0.00002,0.00000,0.00049
69.41000,1.98000,0.99939,0.00000,0.00002,0.00000,0.00059
69.61000,1.98000,0.99955,0.00000,0.00002,0.00000,0.00043
69.81000,1.98000,0.99947,0.00000,0.00002,0.00000,0.00051
70.01000,1.98000,0.99965,0.00000,0.00002,0.00000,0.00033
70.21000,1.98000,0.99978,0.00000,0.00008,0.00000,0.00014
70.41000,1.98000,0.99995,0.00000,0.00003,0.00000,0.00002
70.61000,1.98000,0.99997,0.00000,0.00003,0.00000,0.00000
70.81000,1.98000,0.99990,0.00000,0.00010,0.00000,0.00000
71.01000,1.98000,0.99735,0.00000,0.00252,0.00000,0.00013
71.21000,1.98000,0.16855,0.00000,0.82576,0.00000,0.00568
71.41000,1.98000,0.99552,0.00000,0.00425,0.00000,0.00023
71.61000,1.98000,0.99994,0.00000,0.00005,0.00000,0.00001
71.81000,1.98000,0.99994,0.00000,0.00004,0.00000,0.00001
72.01000,1.98000,0.99987,0.00000,0.00006,0.00000,0.00006
72.21000,1.98000,0.99988,0.00000,0.00001,0.00000,0.00011
72.41000,1.98000,0.99963,0.00000,0.00002,0.00000,0.00035
72.61000,1.98000,0.99974,0.00000,0.00002,0.00000,0.00024
72.81000,1.98000,0.99976,0.00000,0.00002,0.00000,0.00022
73.01000,1.98000,0.99977,0.00000,0.00002,0.00000,0.00021
73.21000,1.98000,0.99974,0.00000,0.00002,0.00000,0.00024
73.41000,1.98000,0.99974,0.00000,0.00002,0.00000,0.00024
73.61000,1.98000,0.99980,0.00000,0.00001,0.00000,0.00019
73.81000,1.98000,0.99982,0.00000,0.00001,0.00000,0.00017
74.01000,1.98000,0.99976,0.00000,0.00002,0.00000,0.00023
74.21000,1.98000,0.99965,0.00000,0.00002,0.00000,0.00032
74.41000,1.98000,0.99971,0.00000,0.00002,0.00000,0.00027
74.61000,1.98000,0.99965,0.00000,0.00002,0.00000,0.00033
74.81000,1.98000,0.99967,0.00000,0.00002,0.00000,0.00030
75.01000,1.98000,0.99962,0.00000,0.00003,0.00000,0.00035
75.21000,1.98000,0.99955,0.00000,0.00002,0.00000,0.00043
75.41000,1.98000,0.99934,0.00000,0.00003,0.00000,0.00063
75.61000,1.98000,0.99934,0.00000,0.00003,0.00000,0.00063
75.81000,1.98000,0.99935,0.00000,0.00003,0.00000,0.00062
76.01000,1.98000,0.99935,0.00000,0.00003,0.00000,0.00062
76.21000,1.98000,0.99949,0.00000,0.00002,0.00000,0.00049
76.41000,1.98000,0.99947,0.00000,0.00002,0.00000,0.00050
76.61000,1.98000,0.99937,0.00000,0.00003,0.00000,0.00060
76.81000,1.98000,0.99942,0.00000,0.00003,0.00000,0.00056
77.01000,1.98000,0.99937,0.00000,0.00003,0.00000,0.00060
77.21000,1.98000,0.99948,0.00000,0.00002,0.00000,0.00049
77.41000,1.98000,0.99950,0.00000,0.00002,0.00000,0.00048
77.61000,1.98000,0.99941,0.00000,0.00002,0.00000,0.00057
77.81000,1.98000,0.99952,0.00000,0.00002,0.00000,0.00047
78.01000,1.98000,0.99945,0.00000,0.00002,0.00000,0.00052
78.21000,1.98000,0.99949,0.00000,0.00002,0.00000,0.00049
78.41000,1.98000,0.99955,0.00000,0.00002,0.00000,0.00043
78.61000,1.98000,0.99976,0.00000,0.00005,0.00000,0.00018
78.81000,1.98000,0.99997,0.00000,0.00002,0.00000,0.00000
79.01000,1.98000,0.99997,0.00000,0.00003,0.00000,0.00000
79.21000,1.98000,0.99969,0.00000,0.00030,0.00000,0.00001
79.41000,1.98000,0.99585,0.00000,0.00403,0.00000,0.00012
79.61000,1.98000,0.11205,0.00000,0.88447,0.00000,0.00347
79.81000,1.98000,0.94890,0.00000,0.05028,0.00000,0.00081
80.01000,1.98000,0.99961,0.00000,0.00038,0.00000,0.00001
80.21000,1.98000,0.99992,0.00000,0.00007,0.00000,0.00001
80.41000,1.98000,0.99990,0.00000,0.00003,0.00000,0.00006
80.61000,1.98000,0.99974,0.00000,0.00001,0.00000,0.00026
80.81000,1.98000,0.99978,0.00000,0.00001,0.00000,0.00021
81.01000,1.98000,0.99985,0.00000,0.00001,0.00000,0.00014
81.21000,1.98000,0.99985,0.00000,0.00001,0.00000,0.00013
81.41000,1.98000,0.99985,0.00000,0.00001,0.00000,0.00013
81.61000,1.98000,0.99985,0.00000,0.00001,0.00000,0.00013
81.81000,1.98000,0.99986,0.00000,0.00001,0.00000,0.00012
82.01000,1.98000,0.99985,0.00000,0.00001,0.00001,0.00013
82.21000,1.98000,0.99983,0.00000,0.00001,0.00000,0.00015
82.41000,1.98000,0.99975,0.00000,0.00002,0.00000,0.00023
82.61000,1.98000,0.99974,0.00000,0.00002,0.00000,0.00024
82.81000,1.98000,0.99970,0.00000,0.00002,0.00000,0.00028
83.01000,1.98000,0.99969,0.00000,0.00002,0.00000,0.00029
83.21000,1.98000,0.99961,0.00000,0.00002,0.00000,0.00037
83.41000,1.98000,0.99954,0.00000,0.00002,0.00000,0.00043
83.61000,1.98000,0.99951,0.00000,0.00002,0.00000,0.00047
83.81000,1.98000,0.99952,0.00000,0.00002,0.00000,0.00047
84.01000,1.98000,0.99942,0.00000,0.00002,0.00000,0.00056
84.21000,1.98000,0.99950,0.00000,0.00002,0.00000,0.00048
84.41000,1.98000,0.99948,0.00000,0.00002,0.00000,0.00050
84.61000,1.98000,0.99943,0.00000,0.00002,0.00000,0.00054
84.81000,1.98000,0.99947,0.00000,0.00002,0.00000,0.00051
85.01000,1.98000,0.99940,0.00000,0.00002,0.00000,0.00058
85.21000,1.98000,0.99937,0.00000,0.00002,0.00000,0.00060
85.41000,1.98000,0.99942,0.00000,0.00003,0.00000,0.00055
85.61000,1.98000,0.99946,0.00000,0.00002,0.00000,0.00052
85.81000,1.98000,0.99946,0.00000,0.00002,0.00000,0.00052
86.01000,1.98000,0.99944,0.00000,0.00002,0.00000,0.00054
86.21000,1.98000,0.99986,0.00000,0.00007,0.00000,0.00007
86.41000,1.98000,0.99996,0.00000,0.00004,0.00000,0.00000
86.61000,1.98000,0.99996,0.00000,0.00004,0.00000,0.00000
86.81000,1.98000,0.99978,0.00000,0.00021,0.00000,0.00001
87.01000,1.98000,0.99657,0.00000,0.00337,0.00000,0.00006
87.21000,1.98000,0.00671,0.00000,0.99202,0.00000,0.00127
87.41000,1.98000,0.97523,0.00000,0.02336,0.00000,0.00141
87.61000,1.98000,0.99974,0.00000,0.00025,0.00000,0.00001
87.81000,1.98000,0.99992,0.00000,0.00007,0.00000,0.00001
88.01000,1.98000,0.99991,0.00000,0.00002,0.00000,0.00007
88.21000,1.98000,0.99984,0.00000,0.00000,0.00000,0.00016
88.41000,1.98000,0.99968,0.00000,0.00002,0.00000,0.00030
88.61000,1.98000,0.99985,0.00000,0.00001,0.00000,0.00014
88.81000,1.98000,0.99982,0.00000,0.00001,0.00000,0.00016
89.01000,1.98000,0.99985,0.00000,0.00001,0.00000,0.00013
89.21000,1.98000,0.99984,0.00000,0.00001,0.00000,0.00014
89.41000,1.98000,0.99982,0.00000,0.00001,0.00000,0.00016
89.61000,1.98000,0.99974,0.00000,0.00002,0.00000,0.00024
89.81000,1.98000,0.99972,0.00000,0.00002,0.00000,0.00026
90.01000,1.98000,0.99962,0.00000,0.00002,0.00000,0.00036
90.21000,1.98000,0.99959,0.00000,0.00002,0.00000,0.00039
90.41000,1.98000,0.99955,0.00000,0.00002,0.00000,0.00043
90.61000,1.98000,0.99958,0.00000,0.00002,0.00000,0.00040
90.81000,1.98000,0.99943,0.00000,0.00002,0.00000,0.00055
91.01000,1.98000,0.99944,0.00000,0.00002,0.00000,0.00054
91.21000,1.98000,0.99953,0.00000,0.00002,0.00000,0.00045
91.41000,1.98000,0.99950,0.00000,0.00002,0.00000,0.00048
91.61000,1.98000,0.99933,0.00000,0.00003,0.00000,0.00064
91.81000,1.98000,0.99931,0.00000,0.00003,0.00000,0.00066
92.01000,1.98000,0.99944,0.00000,0.00003,0.00000,0.00053
92.21000,1.98000,0.99981,0.00000,0.00004,0.00000,0.00015
92.41000,1.98000,0.99996,0.00000,0.00003,0.00000,0.00001
92.61000,1.98000,0.99996,0.00000,0.00004,0.00000,0.00000
92.81000,1.98000,0.99993,0.00000,0.00007,0.00000,0.00000
93.01000,1.98000,0.99928,0.00000,0.00070,0.00000,0.00002
93.21000,1.98000,0.96085,0.00000,0.03887,0.00000,0.00027
93.41000,1.98000,0.05103,0.00000,0.94545,0.00000,0.00352
93.61000,1.98000,0.99983,0.00000,0.00017,0.00000,0.00000
93.81000,1.98000,0.99995,0.00000,0.00004,0.00000,0.00000
94.01000,1.98000,0.99995,0.00000,0.00004,0.00000,0.00001
94.21000,1.98000,0.99987,0.00000,0.00001,0.00000,0.00011
94.41000,1.98000,0.99977,0.00000,0.00001,0.00000,0.00022
94.61000,1.98000,0.99977,0.00000,0.00002,0.00000,0.00021
94.81000,1.98000,0.99982,0.00000,0.00001,0.00000,0.00016
95.01000,1.98000,0.99985,0.00000,0.00001,0.00001,0.00013
95.21000,1.98000,0.99985,0.00000,0.00001,0.00001,0.00013
95.41000,1.98000,0.99985,0.00000,0.00001,0.00001,0.00013
95.61000,1.98000,0.99988,0.00000,0.00001,0.00000,0.00011
95.81000,1.98000,0.99988,0.00000,0.00001,0.00000,0.00011
96.01000,1.98000,0.99983,0.00000,0.00002,0.00000,0.00015
96.21000,1.98000,0.99979,0.00000,0.00002,0.00000,0.00018
96.41000,1.98000,0.99978,0.00000,0.00002,0.00000,0.00020
96.61000,1.98000,0.99970,0.00000,0.00002,0.00000,0.00027
96.81000,1.98000,0.99967,0.00000,0.00002,0.00000,0.00030
97.01000,1.98000,0.99962,0.00000,0.00002,0.00000,0.00036
97.21000,1.98000,0.99954,0.00000,0.00002,0.00000,0.00044
97.41000,1.98000,0.99948,0.00000,0.00002,0.00000,0.00050
97.61000,1.98000,0.99943,0.00000,0.00002,0.00000,0.00054
97.81000,1.98000,0.99944,0.00000,0.00002,0.00000,0.00053
98.01000,1.98000,0.99943,0.00000,0.00002,0.00000,0.00055
98.21000,1.98000,0.99947,0.00000,0.00002,0.00000,0.00051
98.41000,1.98000,0.99936,0.00000,0.00002,0.00000,0.00062
98.61000,1.98000,0.99937,0.00000,0.00003,0.00000,0.00061
98.81000,1.98000,0.99946,0.00000,0.00002,0.00000,0.00052
99.01000,1.98000,0.99949,0.00000,0.00002,0.00000,0.00048
99.21000,1.98000,0.99967,0.00000,0.00002,0.00000,0.00031
99.41000,1.98000,0.99991,0.00000,0.00005,0.00000,0.00004
99.61000,1.98000,0.99995,0.00000,0.00005,0.00000,0.00000
99.81000,1.98000,0.99999,0.00000,0.00001,0.00000,0.00000
100.01000,1.98000,0.99965,0.00000,0.00035,0.00000,0.00000
100.21000,1.98000,0.99983,0.00001,0.00016,0.00000,0.00000
100.41000,1.98000,0.00423,0.00000,0.99576,0.00000,0.00001
100.61000,1.98000,0.88397,0.00005,0.11526,0.00000,0.00072
100.81000,1.98000,0.99895,0.00000,0.00105,0.00000,0.00000
101.01000,1.98000,0.99999,0.00000,0.00001,0.00000,0.00000
101.21000,1.98000,0.99995,0.00000,0.00005,0.00000,0.00000
101.41000,1.98000,0.99998,0.00000,0.00000,0.00000,0.00002
101.61000,1.98000,0.99989,0.00000,0.00001,0.00000,0.00010
101.81000,1.98000,0.99990,0.00000,0.00001,0.00001,0.00008
102.01000,1.98000,0.99991,0.00000,0.00001,0.00001,0.00008
102.21000,1.98000,0.99991,0.00000,0.00001,0.00001,0.00007
102.41000,1.98000,0.99991,0.00000,0.00001,0.00001,0.00007
102.61000,1.98000,0.99989,0.00000,0.00001,0.00001,0.00009
102.81000,1.98000,0.99986,0.00000,0.00001,0.00001,0.00012
103.01000,1.98000,0.99980,0.00000,0.00002,0.00001,0.00018
103.21000,1.98000,0.99980,0.00000,0.00001,0.00000,0.00018
103.41000,1.98000,0.99982,0.00000,0.00001,0.00000,0.00016
103.61000,1.98000,0.99969,0.00000,0.00002,0.00000,0.00029
103.81000,1.98000,0.99956,0.00000,0.00004,0.00001,0.00040
104.01000,1.98000,0.99928,0.00000,0.00004,0.00000,0.00067
104.21000,1.98000,0.99903,0.00000,0.00004,0.00000,0.00092
104.41000,1.98000,0.99918,0.00000,0.00003,0.00000,0.00078
104.61000,1.98000,0.99801,0.00000,0.00016,0.00000,0.00183
104.81000,1.98000,0.99922,0.00000,0.00003,0.00000,0.00074
105.01000,1.98000,0.99966,0.00000,0.00001,0.00000,0.00032
105.21000,1.98000,0.99929,0.00000,0.00002,0.00000,0.00069
105.41000,1.98000,0.99986,0.00000,0.00004,0.00000,0.00010
105.61000,1.98000,0.99995,0.00000,0.00005,0.00000,0.00000
105.81000,1.98000,0.99987,0.00000,0.00013,0.00000,0.00000
106.01000,1.98000,0.99982,0.00000,0.00018,0.00000,0.00000
106.21000,1.98000,0.99733,0.00000,0.00265,0.00000,0.00002
106.41000,1.98000,0.83483,0.00002,0.16455,0.00009,0.00052
106.61000,1.98000,0.03861,0.00000,0.96093,0.00004,0.00042
106.81000,1.98000,0.99972,0.00000,0.00028,0.00000,0.00000
107.01000,1.98000,0.99976,0.00000,0.00024,0.00000,0.00000
107.21000,1.98000,0.99980,0.00000,0.00018,0.00000,0.00002
107.41000,1.98000,0.99993,0.00000,0.00005,0.00000,0.00002
107.61000,1.98000,0.99996,0.00000,0.00001,0.00000,0.00003
107.81000,1.98000,0.99992,0.00000,0.00001,0.00001,0.00006
108.01000,1.98000,0.99994,0.00000,0.00000,0.00001,0.00005
108.21000,1.98000,0.99994,0.00000,0.00000,0.00001,0.00005
108.41000,1.98000,0.99989,0.00000,0.00001,0.00000,0.00010
108.61000,1.98000,0.99981,0.00000,0.00001,0.00000,0.00017
108.81000,1.98000,0.99961,0.00000,0.00002,0.00000,0.00037
109.01000,1.98000,0.99965,0.00000,0.00002,0.00000,0.00033
109.21000,1.98000,0.99976,0.00000,0.00001,0.00000,0.00023
109.41000,1.98000,0.99959,0.00000,0.00001,0.00000,0.00039
109.61000,1.98000,0.99906,0.00000,0.00004,0.00001,0.00089
109.81000,1.98000,0.99951,0.00000,0.00006,0.00000,0.00043
110.01000,1.98000,0.99988,0.00000,0.00010,0.00000,0.00002
110.21000,1.98000,0.99956,0.00000,0.00044,0.00000,0.00000
110.41000,1.98000,0.99982,0.00000,0.00018,0.00000,0.00000
110.61000,1.98000,0.99837,0.00000,0.00163,0.00000,0.00000
110.81000,1.98000,0.99327,0.00004,0.00666,0.00000,0.00002
111.01000,1.98000,0.00260,0.00000,0.99737,0.00000,0.00003
111.21000,1.98000,0.99791,0.00000,0.00209,0.00000,0.00001
111.41000,1.98000,0.99977,0.00000,0.00023,0.00000,0.00000
111.61000,1.98000,0.99994,0.00000,0.00006,0.00000,0.00000
111.81000,1.98000,0.99999,0.00000,0.00001,0.00000,0.00000
112.01000,1.98000,0.99993,0.00000,0.00001,0.00000,0.00006
112.21000,1.98000,0.99980,0.00000,0.00001,0.00002,0.00017
112.41000,1.98000,0.99987,0.00000,0.00001,0.00001,0.00011
112.61000,1.98000,0.99989,0.00000,0.00001,0.00001,0.00009
112.81000,1.98000,0.99990,0.00000,0.00001,0.00001,0.00008
113.01000,1.98000,0.99990,0.00000,0.00001,0.00001,0.00008
113.21000,1.98000,0.99988,0.00000,0.00001,0.00001,0.00010
113.41000,1.98000,0.99983,0.00000,0.00001,0.00000,0.00015
113.61000,1.98000,0.99981,0.00000,0.00002,0.00000,0.00017
113.81000,1.98000,0.99969,0.00000,0.00002,0.00000,0.00028
114.01000,1.98000,0.99971,0.00000,0.00002,0.00000,0.00026
114.21000,1.98000,0.99899,0.00000,0.00007,0.00001,0.00093
114.41000,1.98000,0.99934,0.00000,0.00005,0.00000,0.00061
114.61000,1.98000,0.99866,0.00000,0.00011,0.00001,0.00122
114.81000,1.98000,0.99821,0.00000,0.00007,0.00000,0.00172
115.01000,1.98000,0.99672,0.00000,0.00017,0.00000,0.00311
115.21000,1.98000,0.99967,0.00000,0.00012,0.00000,0.00022
115.41000,1.98000,0.99958,0.00000,0.00037,0.00000,0.00005
115.61000,1.98000,0.99988,0.00000,0.00012,0.00000,0.00000
115.81000,1.98000,0.99950,0.00000,0.00050,0.00000,0.00000
116.01000,1.98000,0.99663,0.00000,0.00336,0.00000,0.00001
116.21000,1.98000,0.07540,0.00000,0.92377,0.00000,0.00083
116.41000,1.98000,0.81619,0.00000,0.18301,0.00000,0.00080
116.61000,1.98000,0.99941,0.00000,0.00058,0.00000,0.00001
116.81000,1.98000,0.99991,0.00000,0.00009,0.00000,0.00000
117.01000,1.98000,0.99977,0.00000,0.00017,0.00000,0.00006
117.21000,1.98000,0.99989,0.00000,0.00002,0.00000,0.00009
117.41000,1.98000,0.99969,0.00000,0.00002,0.00000,0.00029
117.61000,1.98000,0.99973,0.00000,0.00002,0.00000,0.00025
117.81000,1.98000,0.99971,0.00000,0.00002,0.00000,0.00027
118.01000,1.98000,0.99980,0.00000,0.00001,0.00000,0.00018
118.21000,1.98000,0.99974,0.00000,0.00002,0.00000,0.00024
118.41000,1.98000,0.99981,0.00000,0.00001,0.00000,0.00018
118.61000,1.98000,0.99967,0.00000,0.00003,0.00001,0.00029
118.81000,1.98000,0.99981,0.00000,0.00002,0.00001,0.00017
119.01000,1.98000,0.99972,0.00000,0.00002,0.00001,0.00024
119.21000,1.98000,0.99979,0.00000,0.00001,0.00000,0.00019
119.41000,1.98000,0.99957,0.00000,0.00002,0.00000,0.00041
119.61000,1.98000,0.99971,0.00000,0.00002,0.00000,0.00027
119.81000,1.98000,0.99944,0.00000,0.00003,0.00000,0.00053
120.01000,1.98000,0.99968,0.00000,0.00003,0.00000,0.00029
120.21000,1.98000,0.99979,0.00000,0.00005,0.00000,0.00016
120.41000,1.98000,0.99994,0.00000,0.00004,0.00000,0.00002
120.61000,1.98000,0.99995,0.00000,0.00005,0.00000,0.00000
120.81000,1.98000,0.99965,0.00000,0.00035,0.00000,0.00000
121.01000,1.98000,0.99235,0.00000,0.00763,0.00000,0.00002
121.21000,1.98000,0.67845,0.00002,0.32019,0.00018,0.00115
121.41000,1.98000,0.13375,0.00000,0.86580,0.00000,0.00045
121.61000,1.98000,0.99989,0.00000,0.00011,0.00000,0.00000
121.81000,1.98000,0.99958,0.00000,0.00041,0.00000,0.00000
122.01000,1.98000,0.99974,0.00000,0.00024,0.00000,0.00002
122.21000,1.98000,0.99998,0.00000,0.00001,0.00000,0.00001
122.41000,1.98000,0.99987,0.00000,0.00001,0.00001,0.00011
122.61000,1.98000,0.99993,0.00000,0.00001,0.00001,0.00005
122.81000,1.98000,0.99993,0.00000,0.00001,0.00001,0.00005
123.01000,1.98000,0.99986,0.00000,0.00001,0.00003,0.00011
123.21000,1.98000,0.99960,0.00000,0.00004,0.00002,0.00034
123.41000,1.98000,0.99679,0.00000,0.00020,0.00006,0.00294
123.61000,1.98000,0.99948,0.00000,0.00004,0.00005,0.00043
123.81000,1.98000,0.99941,0.00000,0.00003,0.00002,0.00054
124.01000,1.98000,0.99969,0.00000,0.00002,0.00001,0.00028
124.21000,1.98000,0.99968,0.00000,0.00001,0.00001,0.00031
124.41000,1.98000,0.99987,0.00000,0.00001,0.00000,0.00012
124.61000,1.98000,0.99983,0.00000,0.00001,0.00000,0.00017
124.81000,1.98000,0.99983,0.00000,0.00001,0.00000,0.00016
125.01000,1.98000,0.99977,0.00000,0.00001,0.00000,0.00022
125.21000,1.98000,0.99981,0.00000,0.00001,0.00000,0.00018
125.41000,1.98000,0.99993,0.00000,0.00006,0.00000,0.00001
125.61000,1.98000,0.99998,0.00000,0.00002,0.00000,0.00000
125.81000,1.98000,0.99999,0.00000,0.00001,0.00000,0.00000
126.01000,1.98000,0.99902,0.00000,0.00098,0.00000,0.00000
126.21000,1.98000,0.98025,0.00022,0.01940,0.00000,0.00012
126.41000,1.98000,0.00330,0.00000,0.99643,0.00000,0.00028
126.61000,1.98000,0.99973,0.00001,0.00026,0.00000,0.00000
126.81000,1.98000,0.99976,0.00000,0.00024,0.00000,0.00000
127.01000,1.98000,0.99999,0.00000,0.00001,0.00000,0.00000
127.21000,1.98000,0.99998,0.00000,0.00001,0.00000,0.00002
127.41000,1.98000,0.99981,0.00000,0.00001,0.00000,0.00018
127.61000,1.98000,0.99985,0.00000,0.00001,0.00000,0.00014
127.81000,1.98000,0.99985,0.00000,0.00001,0.00000,0.00014
128.00999,1.98001,0.99985,0.00000,0.00001,0.00000,0.00013
128.21001,1.98000,0.99985,0.00000,0.00001,0.00001,0.00013
128.41000,1.98000,0.99984,0.00000,0.00001,0.00001,0.00014
128.61000,1.98000,0.99983,0.00000,0.00001,0.00001,0.00015
128.81000,1.98000,0.99980,0.00000,0.00002,0.00001,0.00017
129.00999,1.98001,0.99982,0.00000,0.00002,0.00000,0.00016
129.21001,1.98000,0.99979,0.00000,0.00002,0.00000,0.00019
129.41000,1.98000,0.99977,0.00000,0.00002,0.00000,0.00021
129.61000,1.98000,0.99975,0.00000,0.00002,0.00000,0.00023
129.81000,1.98000,0.99973,0.00000,0.00002,0.00000,0.00025
130.00999,1.98001,0.99960,0.00000,0.00002,0.00000,0.00038
130.21001,1.98000,0.99955,0.00000,0.00002,0.00000,0.00043
130.41000,1.98000,0.99931,0.00000,0.00004,0.00000,0.00065
130.61000,1.98000,0.99937,0.00000,0.00003,0.00000,0.00060
130.81000,1.98000,0.99940,0.00000,0.00002,0.00000,0.00057
131.00999,1.98001,0.99953,0.00000,0.00003,0.00000,0.00044
131.21001,1.98000,0.99990,0.00000,0.00004,0.00000,0.00007
131.41000,1.98000,0.99996,0.00000,0.00003,0.00000,0.00000
131.61000,1.98000,0.99997,0.00000,0.00003,0.00000,0.00000
131.81000,1.98000,0.99989,0.00000,0.00011,0.00000,0.00000
132.00999,1.98001,0.99799,0.00007,0.00190,0.00000,0.00004
132.21001,1.98000,0.02690,0.00000,0.97075,0.00000,0.00235
132.41000,1.98000,0.99853,0.00000,0.00143,0.00000,0.00004
132.61000,1.98000,0.99989,0.00000,0.00011,0.00000,0.00000
132.81000,1.98000,0.99997,0.00000,0.00003,0.00000,0.00000
133.00999,1.98001,0.99998,0.00000,0.00001,0.00000,0.00001
133.21001,1.98000,0.99987,0.00000,0.00001,0.00000,0.00013
133.41000,1.98000,0.99973,0.00000,0.00001,0.00000,0.00026
133.61000,1.98000,0.99984,0.00000,0.00001,0.00000,0.00015
133.81000,1.98000,0.99973,0.00000,0.00002,0.00000,0.00024
134.00999,1.98001,0.99976,0.00000,0.00002,0.00000,0.00022
134.21001,1.98000,0.99979,0.00000,0.00002,0.00001,0.00018
134.41000,1.98000,0.99989,0.00000,0.00001,0.00000,0.00010
134.61000,1.98000,0.99975,0.00000,0.00002,0.00001,0.00022
134.81000,1.98000,0.99972,0.00000,0.00002,0.00001,0.00026
135.00999,1.98001,0.99923,0.00000,0.00004,0.00000,0.00073
135.21001,1.98000,0.99914,0.00000,0.00005,0.00000,0.00080
135.41000,1.98000,0.99961,0.00000,0.00003,0.00001,0.00035
135.61000,1.98000,0.99947,0.00000,0.00003,0.00000,0.00050
135.81000,1.98000,0.99962,0.00000,0.00003,0.00000,0.00035
136.00999,1.98001,0.99960,0.00000,0.00002,0.00001,0.00037
136.21001,1.98000,0.99965,0.00000,0.00002,0.00000,0.00033
136.41000,1.98000,0.99974,0.00000,0.00004,0.00000,0.00022
136.61000,1.98000,0.99986,0.00000,0.00012,0.00000,0.00002
136.81000,1.98000,0.99986,0.00000,0.00011,0.00000,0.00003
137.00999,1.98001,0.99973,0.00000,0.00026,0.00000,0.00000
137.21001,1.98000,0.99987,0.00000,0.00013,0.00000,0.00000
137.41000,1.98000,0.99984,0.00000,0.00016,0.00000,0.00000
137.61000,1.98000,0.97069,0.00005,0.02926,0.00000,0.00000
137.81000,1.98000,0.99821,0.00002,0.00176,0.00000,0.00000
138.00999,1.98001,0.99994,0.00001,0.00005,0.00000,0.00000
138.21001,1.98000,0.99952,0.00019,0.00029,0.00000,0.00000
138.41000,1.98000,0.99956,0.00023,0.00021,0.00000,0.00000
138.61000,1.98000,0.99970,0.00013,0.00017,0.00000,0.00000
138.81000,1.98000,0.99997,0.00003,0.00000,0.00000,0.00000
