Time (seconds), Duration (seconds),pred_(unlabeled),pred_On,pred_Off,pred_Dimmer,pred_Lighter
0.01000,1.98000,0.99999,0.00000,0.00000,0.00000,0.00000
0.21000,1.98000,0.99999,0.00000,0.00000,0.00001,0.00000
0.41000,1.98000,0.99998,0.00000,0.00000,0.00001,0.00000
0.61000,1.98000,0.99992,0.00000,0.00001,0.00006,0.00001
0.81000,1.98000,0.99971,0.00000,0.00004,0.00022,0.00003
1.01000,1.98000,0.99797,0.00004,0.00025,0.00158,0.00015
1.21000,1.98000,0.99540,0.00070,0.00092,0.00258,0.00040
1.41000,1.98000,0.98517,0.00213,0.00439,0.00670,0.00161
1.61000,1.98000,0.99471,0.00434,0.00048,0.00028,0.00019
1.81000,1.98000,0.99761,0.00079,0.00154,0.00004,0.00003
2.01000,1.98000,0.99116,0.00678,0.00203,0.00002,0.00000
2.21000,1.98000,0.99203,0.00042,0.00754,0.00001,0.00000
2.41000,1.98000,0.99320,0.00266,0.00413,0.00001,0.00000
2.61000,1.98000,0.99443,0.00043,0.00513,0.00000,0.00000
2.81000,1.98000,0.99008,0.00341,0.00650,0.00001,0.00000
3.01000,1.98000,0.97282,0.00042,0.02675,0.00000,0.00000
3.21000,1.98000,0.99876,0.00024,0.00099,0.00000,0.00000
3.41000,1.98000,0.99371,0.00013,0.00616,0.00000,0.00000
3.61000,1.98000,0.99511,0.00186,0.00303,0.00000,0.00000
3.81000,1.98000,0.99484,0.00220,0.00294,0.00001,0.00001
4.01000,1.98000,0.99372,0.00554,0.00073,0.00000,0.00000
4.21000,1.98000,0.99497,0.00442,0.00060,0.00000,0.00000
4.41000,1.98000,0.99182,0.00773,0.00045,0.00000,0.00000
4.61000,1.98000,0.98770,0.01178,0.00052,0.00000,0.00000
4.81000,1.98000,0.99681,0.00309,0.00010,0.00000,0.00000
5.01000,1.98000,0.99689,0.00222,0.00089,0.00000,0.00000
5.21000,1.98000,0.99626,0.00350,0.00023,0.00000,0.00000
5.41000,1.98000,0.98276,0.01584,0.00139,0.00001,0.00000
5.61000,1.98000,0.98316,0.01569,0.00114,0.00000,0.00001
5.81000,1.98000,0.99306,0.00576,0.00117,0.00000,0.00000
6.01000,1.98000,0.99484,0.00290,0.00220,0.00002,0.00004
6.21000,1.98000,0.99667,0.00096,0.00231,0.00002,0.00004
6.41000,1.98000,0.98771,0.00053,0.01149,0.00003,0.00024
6.61000,1.98000,0.98324,0.00462,0.01144,0.00018,0.00053
6.81000,1.98000,0.86056,0.00752,0.12196,0.00305,0.00692
7.01000,1.98000,0.79402,0.00827,0.18698,0.00808,0.00266
7.21000,1.98000,0.97341,0.00318,0.02100,0.00154,0.00087
7.41000,1.98000,0.99408,0.00022,0.00524,0.00042,0.00004
7.61000,1.98000,0.99797,0.00001,0.00182,0.00017,0.00002
7.81000,1.98000,0.99902,0.00000,0.00084,0.00014,0.00000
8.01000,1.98000,0.99989,0.00000,0.00010,0.00001,0.00000
8.21000,1.98000,0.99998,0.00000,0.00002,0.00000,0.00000
8.41000,1.98000,0.99999,0.00000,0.00001,0.00000,0.00000
8.61000,1.98000,0.99990,0.00000,0.00010,0.00000,0.00000
8.81000,1.98000,0.99981,0.00001,0.00017,0.00000,0.00001
9.01000,1.98000,0.99970,0.00019,0.00010,0.00000,0.00001
9.21000,1.98000,0.99851,0.00095,0.00052,0.00000,0.00002
9.41000,1.98000,0.98201,0.01484,0.00309,0.00000,0.00005
9.61000,1.98000,0.99171,0.00736,0.00093,0.00000,0.00000
9.81000,1.98000,0.99523,0.00217,0.00261,0.00000,0.00000
10.01000,1.98000,0.99884,0.00059,0.00057,0.00000,0.00000
10.21000,1.98000,0.99813,0.00111,0.00076,0.00000,0.00000
10.41000,1.98000,0.99600,0.00138,0.00262,0.00000,0.00000
10.61000,1.98000,0.98925,0.00238,0.00836,0.00000,0.00000
10.81000,1.98000,0.99546,0.00083,0.00371,0.00000,0.00000
11.01000,1.98000,0.99164,0.00059,0.00777,0.00000,0.00000
11.21000,1.98000,0.95684,0.00106,0.04207,0.00001,0.00002
11.41000,1.98000,0.84800,0.00040,0.15140,0.00012,0.00008
11.61000,1.98000,0.97516,0.00004,0.02475,0.00003,0.00002
11.81000,1.98000,0.99239,0.00000,0.00754,0.00005,0.00001
12.01000,1.98000,0.99876,0.00000,0.00119,0.00004,0.00001
12.21000,1.98000,0.99987,0.00000,0.00012,0.00000,0.00000
12.41000,1.98000,0.99994,0.00000,0.00005,0.00001,0.00000
12.61000,1.98000,0.99999,0.00000,0.00001,0.00000,0.00000
12.81000,1.98000,1.00000,0.00000,0.00000,0.00000,0.00000
13.01000,1.98000,1.00000,0.00000,0.00000,0.00000,0.00000
13.21000,1.98000,0.99998,0.00000,0.00002,0.00000,0.00000
13.41000,1.98000,0.99996,0.00000,0.00003,0.00000,0.00001
13.61000,1.98000,0.99946,0.00000,0.00049,0.00000,0.00004
13.81000,1.98000,0.99787,0.00015,0.00160,0.00000,0.00038
14.01000,1.98000,0.98217,0.00031,0.01719,0.00000,0.00032
14.21000,1.98000,0.87639,0.07161,0.04901,0.00000,0.00298
14.41000,1.98000,0.99092,0.00089,0.00805,0.00000,0.00014
14.61000,1.98000,0.99362,0.00048,0.00588,0.00000,0.00001
14.81000,1.98000,0.97414,0.00034,0.02551,0.00000,0.00001
15.01000,1.98000,0.98450,0.00371,0.01174,0.00000,0.00005
15.21000,1.98000,0.97615,0.01215,0.01167,0.00000,0.00002
15.41000,1.98000,0.99150,0.00129,0.00719,0.00000,0.00003
15.61000,1.98000,0.99146,0.00245,0.00608,0.00000,0.00000
15.81000,1.98000,0.95417,0.00166,0.04414,0.00001,0.00002
16.01000,1.98000,0.99613,0.00056,0.00329,0.00000,0.00001
16.21000,1.98000,0.94068,0.00016,0.05899,0.00014,0.00004
16.41000,1.98000,0.98401,0.00017,0.01562,0.00014,0.00006
16.61000,1.98000,0.99305,0.00003,0.00666,0.00021,0.00006
16.81000,1.98000,0.99986,0.00000,0.00012,0.00001,0.00001
17.01000,1.98000,0.99965,0.00000,0.00031,0.00002,0.00002
17.21000,1.98000,0.99987,0.00000,0.00012,0.00001,0.00001
17.41000,1.98000,0.99997,0.00000,0.00003,0.00001,0.00000
17.61000,1.98000,0.99999,0.00000,0.00000,0.00000,0.00000
17.81000,1.98000,0.99996,0.00000,0.00003,0.00000,0.00001
18.01000,1.98000,0.99991,0.00000,0.00007,0.00000,0.00002
18.21000,1.98000,0.99964,0.00000,0.00027,0.00001,0.00008
18.41000,1.98000,0.99987,0.00000,0.00007,0.00000,0.00005
18.61000,1.98000,0.99689,0.00006,0.00171,0.00025,0.00109
18.81000,1.98000,0.99450,0.00073,0.00402,0.00008,0.00067
19.01000,1.98000,0.98305,0.01307,0.00287,0.00014,0.00087
19.21000,1.98000,0.99582,0.00275,0.00136,0.00000,0.00007
19.41000,1.98000,0.99790,0.00118,0.00090,0.00000,0.00002
19.61000,1.98000,0.98897,0.01052,0.00049,0.00000,0.00001
19.81000,1.98000,0.98878,0.00551,0.00562,0.00001,0.00008
20.01000,1.98000,0.96681,0.03109,0.00206,0.00000,0.00003
20.21000,1.98000,0.95453,0.00813,0.03724,0.00002,0.00007
20.41000,1.98000,0.96915,0.00497,0.02587,0.00000,0.00001
20.61000,1.98000,0.99661,0.00010,0.00328,0.00000,0.00001
20.81000,1.98000,0.99804,0.00039,0.00156,0.00000,0.00001
21.01000,1.98000,0.99949,0.00000,0.00050,0.00000,0.00000
21.21000,1.98000,0.99978,0.00000,0.00022,0.00000,0.00000
21.41000,1.98000,0.99999,0.00000,0.00001,0.00000,0.00000
21.61000,1.98000,0.99997,0.00000,0.00001,0.00002,0.00000
21.81000,1.98000,0.99999,0.00000,0.00000,0.00001,0.00000
22.01000,1.98000,0.99990,0.00000,0.00002,0.00006,0.00001
22.21000,1.98000,0.99994,0.00000,0.00001,0.00003,0.00002
22.41000,1.98000,0.99950,0.00003,0.00023,0.00019,0.00005
22.61000,1.98000,0.99740,0.00006,0.00146,0.00045,0.00064
22.81000,1.98000,0.99941,0.00012,0.00032,0.00009,0.00006
23.01000,1.98000,0.99337,0.00063,0.00579,0.00013,0.00007
23.21000,1.98000,0.99821,0.00087,0.00090,0.00000,0.00001
23.41000,1.98000,0.99830,0.00045,0.00126,0.00000,0.00000
23.61000,1.98000,0.99863,0.00020,0.00117,0.00000,0.00000
23.81000,1.98000,0.99839,0.00032,0.00129,0.00000,0.00000
24.01000,1.98000,0.99394,0.00081,0.00523,0.00000,0.00002
24.21000,1.98000,0.99457,0.00017,0.00525,0.00000,0.00001
24.41000,1.98000,0.99362,0.00034,0.00604,0.00000,0.00000
24.61000,1.98000,0.99739,0.00002,0.00259,0.00000,0.00000
24.81000,1.98000,0.97505,0.00014,0.02479,0.00000,0.00002
25.01000,1.98000,0.99407,0.00001,0.00586,0.00000,0.00006
25.21000,1.98000,0.99154,0.00002,0.00826,0.00008,0.00009
25.41000,1.98000,0.98460,0.00000,0.01415,0.00050,0.00075
25.61000,1.98000,0.98031,0.00000,0.01702,0.00215,0.00051
25.81000,1.98000,0.99876,0.00000,0.00088,0.00020,0.00016
26.01000,1.98000,0.99863,0.00000,0.00109,0.00024,0.00004
26.21000,1.98000,0.99965,0.00000,0.00015,0.00013,0.00007
26.41000,1.98000,0.99979,0.00000,0.00014,0.00003,0.00004
26.61000,1.98000,0.99998,0.00000,0.00001,0.00000,0.00000
26.81000,1.98000,0.99968,0.00000,0.00029,0.00000,0.00003
27.01000,1.98000,0.99983,0.00001,0.00011,0.00000,0.00006
27.21000,1.98000,0.99941,0.00003,0.00040,0.00000,0.00015
27.41000,1.98000,0.99547,0.00005,0.00415,0.00000,0.00033
27.61000,1.98000,0.97997,0.00293,0.01625,0.00000,0.00085
27.81000,1.98000,0.99029,0.00304,0.00641,0.00000,0.00026
28.01000,1.98000,0.99196,0.00484,0.00318,0.00000,0.00001
28.21000,1.98000,0.99748,0.00202,0.00049,0.00000,0.00000
28.41000,1.98000,0.98104,0.01889,0.00007,0.00000,0.00000
28.61000,1.98000,0.98795,0.01160,0.00043,0.00000,0.00002
28.81000,1.98000,0.99538,0.00431,0.00031,0.00000,0.00000
29.01000,1.98000,0.98705,0.01289,0.00005,0.00000,0.00000
29.21000,1.98000,0.93973,0.06024,0.00003,0.00000,0.00000
29.41000,1.98000,0.95622,0.04369,0.00009,0.00000,0.00000
29.61000,1.98000,0.96278,0.03706,0.00015,0.00000,0.00001
29.81000,1.98000,0.99656,0.00342,0.00002,0.00000,0.00000
30.01000,1.98000,0.98941,0.00998,0.00060,0.00000,0.00001
30.21000,1.98000,0.99642,0.00139,0.00218,0.00000,0.00000
30.41000,1.98000,0.90653,0.00192,0.09141,0.00001,0.00013
30.61000,1.98000,0.96905,0.00067,0.03025,0.00000,0.00002
30.81000,1.98000,0.93133,0.00012,0.06847,0.00001,0.00007
31.01000,1.98000,0.98713,0.00000,0.01286,0.00000,0.00001
31.21000,1.98000,0.99952,0.00000,0.00047,0.00000,0.00000
31.41000,1.98000,0.99982,0.00000,0.00017,0.00000,0.00000
31.61000,1.98000,0.99981,0.00000,0.00014,0.00001,0.00003
31.81000,1.98000,0.99978,0.00000,0.00008,0.00009,0.00005
32.01000,1.98000,0.99989,0.00000,0.00001,0.00002,0.00008
32.21000,1.98000,0.99986,0.00000,0.00003,0.00004,0.00008
32.41000,1.98000,0.99865,0.00044,0.00012,0.00014,0.00066
32.61000,1.98000,0.99338,0.00456,0.00076,0.00022,0.00108
32.81000,1.98000,0.99840,0.00096,0.00018,0.00001,0.00045
33.01000,1.98000,0.99868,0.00109,0.00017,0.00000,0.00006
33.21000,1.98000,0.99201,0.00463,0.00320,0.00000,0.00016
33.41000,1.98000,0.99702,0.00150,0.00145,0.00000,0.00003
33.61000,1.98000,0.99759,0.00030,0.00210,0.00000,0.00001
33.81000,1.98000,0.99711,0.00085,0.00203,0.00000,0.00001
34.01000,1.98000,0.99866,0.00024,0.00109,0.00000,0.00001
34.21000,1.98000,0.99442,0.00198,0.00358,0.00001,0.00001
34.41000,1.98000,0.99448,0.00022,0.00529,0.00001,0.00001
34.61000,1.98000,0.98815,0.00266,0.00910,0.00007,0.00002
34.81000,1.98000,0.99306,0.00384,0.00306,0.00002,0.00001
35.01000,1.98000,0.98845,0.00999,0.00151,0.00004,0.00001
35.21000,1.98000,0.98556,0.01282,0.00159,0.00002,0.00001
35.41000,1.98000,0.97347,0.02578,0.00075,0.00000,0.00000
35.61000,1.98000,0.98458,0.01376,0.00165,0.00000,0.00001
35.81000,1.98000,0.99678,0.00155,0.00166,0.00000,0.00000
36.01000,1.98000,0.99433,0.00447,0.00120,0.00000,0.00001
36.21000,1.98000,0.98731,0.01239,0.00029,0.00000,0.00001
36.41000,1.98000,0.99213,0.00759,0.00027,0.00000,0.00000
36.61000,1.98000,0.99229,0.00757,0.00013,0.00000,0.00000
36.81000,1.98000,0.97107,0.02822,0.00070,0.00000,0.00002
37.01000,1.98000,0.98897,0.01087,0.00015,0.00000,0.00001
37.21000,1.98000,0.95582,0.04235,0.00175,0.00000,0.00007
37.41000,1.98000,0.98440,0.01512,0.00045,0.00000,0.00003
37.61000,1.98000,0.97734,0.02224,0.00031,0.00001,0.00010
37.81000,1.98000,0.96425,0.03564,0.00004,0.00001,0.00006
38.01000,1.98000,0.97248,0.02606,0.00024,0.00048,0.00075
38.21000,1.98000,0.98404,0.01299,0.00034,0.00109,0.00155
38.41000,1.98000,0.96207,0.03174,0.00032,0.00191,0.00397
38.61000,1.98000,0.78480,0.21055,0.00015,0.00163,0.00287
38.81000,1.98000,0.82640,0.15130,0.00043,0.00733,0.01454
39.01000,1.98000,0.84037,0.15177,0.00014,0.00296,0.00475
39.21000,1.98000,0.95643,0.04043,0.00011,0.00149,0.00155
39.41000,1.98000,0.83702,0.16001,0.00035,0.00101,0.00161
39.61000,1.98000,0.96885,0.03051,0.00020,0.00015,0.00029
39.81000,1.98000,0.88530,0.11390,0.00034,0.00012,0.00035
40.01000,1.98000,0.98780,0.01202,0.00011,0.00001,0.00005
40.21000,1.98000,0.97594,0.02314,0.00051,0.00004,0.00037
40.41000,1.98000,0.99770,0.00205,0.00020,0.00001,0.00005
40.61000,1.98000,0.99276,0.00681,0.00033,0.00004,0.00006
40.81000,1.98000,0.97542,0.02416,0.00040,0.00001,0.00001
41.01000,1.98000,0.96807,0.03156,0.00036,0.00000,0.00001
41.21000,1.98000,0.97415,0.02569,0.00015,0.00000,0.00001
41.41000,1.98000,0.98801,0.01190,0.00009,0.00000,0.00001
41.61000,1.98000,0.98170,0.01799,0.00030,0.00000,0.00001
41.81000,1.98000,0.98795,0.01076,0.00128,0.00000,0.00001
42.01000,1.98000,0.98519,0.01475,0.00006,0.00000,0.00000
42.21000,1.98000,0.98298,0.01691,0.00011,0.00000,0.00000
42.41000,1.98000,0.96569,0.03428,0.00003,0.00000,0.00000
42.61000,1.98000,0.95222,0.04758,0.00021,0.00000,0.00000
42.81000,1.98000,0.93603,0.06390,0.00006,0.00000,0.00000
43.01000,1.98000,0.97629,0.02348,0.00023,0.00000,0.00000
43.21000,1.98000,0.97752,0.02234,0.00014,0.00000,0.00000
43.41000,1.98000,0.98744,0.01239,0.00016,0.00000,0.00000
43.61000,1.98000,0.99409,0.00583,0.00006,0.00000,0.00001
43.81000,1.98000,0.97761,0.02235,0.00003,0.00001,0.00001
44.01000,1.98000,0.99144,0.00852,0.00002,0.00000,0.00001
44.21000,1.98000,0.94033,0.05962,0.00003,0.00001,0.00002
44.41000,1.98000,0.98627,0.01352,0.00013,0.00002,0.00005
44.61000,1.98000,0.93359,0.06626,0.00008,0.00001,0.00006
44.81000,1.98000,0.92187,0.07802,0.00003,0.00003,0.00004
45.01000,1.98000,0.90979,0.09013,0.00005,0.00001,0.00003
45.21000,1.98000,0.93500,0.06413,0.00059,0.00018,0.00009
45.41000,1.98000,0.96864,0.03112,0.00021,0.00002,0.00002
45.61000,1.98000,0.95598,0.04337,0.00050,0.00010,0.00005
45.81000,1.98000,0.98242,0.01746,0.00009,0.00001,0.00002
46.01000,1.98000,0.90477,0.09495,0.00006,0.00015,0.00008
46.21000,1.98000,0.95009,0.04893,0.00038,0.00032,0.00028
46.41000,1.98000,0.86450,0.13164,0.00147,0.00080,0.00159
46.61000,1.98000,0.70526,0.29379,0.00033,0.00013,0.00049
46.81000,1.98000,0.72989,0.26760,0.00110,0.00014,0.00128
47.01000,1.98000,0.76437,0.23497,0.00025,0.00005,0.00037
47.21000,1.98000,0.95358,0.04536,0.00035,0.00002,0.00068
47.41000,1.98000,0.87579,0.12313,0.00058,0.00001,0.00049
47.61000,1.98000,0.87017,0.12733,0.00077,0.00003,0.00170
47.81000,1.98000,0.85835,0.13974,0.00074,0.00003,0.00114
48.01000,1.98000,0.92675,0.07083,0.00083,0.00008,0.00150
48.21000,1.98000,0.98418,0.01466,0.00083,0.00003,0.00030
48.41000,1.98000,0.99222,0.00679,0.00085,0.00005,0.00009
48.61000,1.98000,0.98505,0.01321,0.00163,0.00006,0.00005
48.81000,1.98000,0.95649,0.04270,0.00076,0.00003,0.00002
49.01000,1.98000,0.96364,0.03581,0.00052,0.00002,0.00001
49.21000,1.98000,0.96059,0.03889,0.00045,0.00006,0.00001
49.41000,1.98000,0.97405,0.02419,0.00170,0.00006,0.00001
49.61000,1.98000,0.98751,0.01190,0.00050,0.00007,0.00002
49.81000,1.98000,0.97938,0.01919,0.00129,0.00013,0.00002
50.01000,1.98000,0.99661,0.00279,0.00049,0.00007,0.00004
50.21000,1.98000,0.99396,0.00561,0.00037,0.00005,0.00002
50.41000,1.98000,0.98424,0.01529,0.00033,0.00005,0.00009
50.61000,1.98000,0.99191,0.00751,0.00051,0.00005,0.00002
50.81000,1.98000,0.99039,0.00878,0.00060,0.00015,0.00007
51.01000,1.98000,0.99413,0.00471,0.00094,0.00018,0.00004
51.21000,1.98000,0.96120,0.03844,0.00030,0.00002,0.00003
51.41000,1.98000,0.99059,0.00788,0.00151,0.00001,0.00001
51.61000,1.98000,0.99541,0.00326,0.00133,0.00000,0.00000
51.81000,1.98000,0.99313,0.00492,0.00195,0.00000,0.00000
52.01000,1.98000,0.97119,0.02811,0.00070,0.00000,0.00000
52.21000,1.98000,0.99111,0.00802,0.00087,0.00000,0.00000
52.41000,1.98000,0.92208,0.07574,0.00217,0.00000,0.00000
52.61000,1.98000,0.93871,0.02538,0.03589,0.00002,0.00000
52.81000,1.98000,0.98829,0.00407,0.00761,0.00001,0.00002
53.01000,1.98000,0.98777,0.00004,0.01219,0.00001,0.00000
53.21000,1.98000,0.99831,0.00001,0.00165,0.00001,0.00001
53.41000,1.98000,0.99984,0.00000,0.00016,0.00000,0.00000
53.61000,1.98000,0.99891,0.00000,0.00105,0.00001,0.00003
53.81000,1.98000,0.99988,0.00000,0.00011,0.00000,0.00000
54.01000,1.98000,0.99987,0.00000,0.00012,0.00001,0.00001
54.21000,1.98000,0.99994,0.00000,0.00003,0.00001,0.00003
54.41000,1.98000,0.99963,0.00000,0.00019,0.00005,0.00013
54.61000,1.98000,0.99961,0.00001,0.00031,0.00003,0.00004
54.81000,1.98000,0.99923,0.00011,0.00060,0.00003,0.00003
55.01000,1.98000,0.99870,0.00032,0.00096,0.00001,0.00001
55.21000,1.98000,0.99233,0.00690,0.00076,0.00000,0.00001
55.41000,1.98000,0.98147,0.01761,0.00091,0.00000,0.00000
55.61000,1.98000,0.98472,0.01504,0.00024,0.00000,0.00000
55.81000,1.98000,0.94834,0.05109,0.00056,0.00000,0.00001
56.01000,1.98000,0.95492,0.04326,0.00175,0.00001,0.00006
56.21000,1.98000,0.97846,0.02066,0.00087,0.00000,0.00001
56.41000,1.98000,0.97794,0.02145,0.00052,0.00000,0.00009
56.61000,1.98000,0.95599,0.04071,0.00272,0.00009,0.00049
56.81000,1.98000,0.98529,0.01181,0.00102,0.00019,0.00169
57.01000,1.98000,0.99846,0.00070,0.00035,0.00016,0.00033
57.21000,1.98000,0.99449,0.00122,0.00071,0.00110,0.00248
57.41000,1.98000,0.99201,0.00030,0.00069,0.00453,0.00247
57.61000,1.98000,0.98658,0.00163,0.00040,0.00469,0.00671
57.81000,1.98000,0.98714,0.00068,0.00150,0.00424,0.00643
58.01000,1.98000,0.97136,0.00852,0.00158,0.00646,0.01208
58.21000,1.98000,0.95294,0.01491,0.00358,0.00688,0.02169
58.41000,1.98000,0.92146,0.05821,0.00118,0.00118,0.01796
58.61000,1.98000,0.92609,0.05744,0.00533,0.00040,0.01074
58.81000,1.98000,0.88294,0.11348,0.00260,0.00003,0.00095
59.01000,1.98000,0.96916,0.02199,0.00836,0.00001,0.00048
59.21000,1.98000,0.96868,0.02172,0.00916,0.00001,0.00043
59.41000,1.98000,0.99200,0.00560,0.00233,0.00000,0.00007
59.61000,1.98000,0.98513,0.00149,0.01333,0.00000,0.00005
59.81000,1.98000,0.99658,0.00069,0.00273,0.00000,0.00000
60.01000,1.98000,0.96077,0.00292,0.03630,0.00000,0.00001
60.21000,1.98000,0.83013,0.00774,0.16211,0.00001,0.00001
60.41000,1.98000,0.98758,0.00013,0.01228,0.00001,0.00000
60.61000,1.98000,0.98750,0.00006,0.01242,0.00002,0.00000
60.81000,1.98000,0.99557,0.00000,0.00442,0.00001,0.00000
61.01000,1.98000,0.99898,0.00000,0.00102,0.00000,0.00000
61.21000,1.98000,0.99980,0.00000,0.00019,0.00000,0.00000
61.41000,1.98000,0.99926,0.00000,0.00073,0.00000,0.00001
61.61000,1.98000,0.99987,0.00000,0.00013,0.00000,0.00000
61.81000,1.98000,0.99984,0.00000,0.00015,0.00000,0.00001
62.01000,1.98000,0.99871,0.00002,0.00118,0.00003,0.00006
62.21000,1.98000,0.99344,0.00021,0.00624,0.00002,0.00009
62.41000,1.98000,0.96149,0.02933,0.00864,0.00003,0.00051
62.61000,1.98000,0.99337,0.00513,0.00142,0.00000,0.00008
62.81000,1.98000,0.99729,0.00259,0.00011,0.00000,0.00001
63.01000,1.98000,0.98064,0.01884,0.00052,0.00000,0.00001
63.21000,1.98000,0.90504,0.09475,0.00020,0.00000,0.00001
63.41000,1.98000,0.93523,0.06473,0.00003,0.00000,0.00001
63.61000,1.98000,0.91819,0.08158,0.00021,0.00000,0.00003
63.81000,1.98000,0.88942,0.11055,0.00002,0.00000,0.00001
64.01000,1.98000,0.78445,0.21552,0.00002,0.00000,0.00001
64.21000,1.98000,0.89890,0.10096,0.00009,0.00000,0.00005
64.41000,1.98000,0.94332,0.05653,0.00013,0.00000,0.00002
64.61000,1.98000,0.93064,0.06926,0.00008,0.00000,0.00002
64.81000,1.98000,0.98282,0.01608,0.00106,0.00000,0.00004
65.01000,1.98000,0.98702,0.01229,0.00068,0.00000,0.00002
65.21000,1.98000,0.99470,0.00317,0.00210,0.00000,0.00003
65.41000,1.98000,0.98239,0.01666,0.00089,0.00002,0.00003
65.61000,1.98000,0.97805,0.01765,0.00412,0.00007,0.00011
65.81000,1.98000,0.96107,0.03500,0.00337,0.00039,0.00017
66.01000,1.98000,0.99038,0.00259,0.00678,0.00013,0.00011
66.21000,1.98000,0.98972,0.00115,0.00893,0.00007,0.00014
66.41000,1.98000,0.99406,0.00300,0.00253,0.00013,0.00029
66.61000,1.98000,0.98960,0.00202,0.00773,0.00018,0.00047
66.81000,1.98000,0.99798,0.00032,0.00102,0.00042,0.00026
67.01000,1.98000,0.98931,0.00170,0.00648,0.00067,0.00184
67.21000,1.98000,0.99590,0.00152,0.00100,0.00022,0.00135
67.41000,1.98000,0.99281,0.00099,0.00346,0.00010,0.00264
67.61000,1.98000,0.98741,0.00595,0.00484,0.00026,0.00153
67.81000,1.98000,0.99372,0.00261,0.00220,0.00007,0.00139
68.01000,1.98000,0.99335,0.00270,0.00268,0.00015,0.00112
68.21000,1.98000,0.99606,0.00170,0.00135,0.00007,0.00081
68.41000,1.98000,0.97829,0.00486,0.01419,0.00086,0.00181
68.61000,1.98000,0.99346,0.00078,0.00433,0.00006,0.00137
68.81000,1.98000,0.99271,0.00292,0.00357,0.00006,0.00075
69.01000,1.98000,0.99578,0.00118,0.00182,0.00003,0.00119
69.21000,1.98000,0.98787,0.01018,0.00137,0.00004,0.00053
69.41000,1.98000,0.99260,0.00471,0.00147,0.00001,0.00121
69.61000,1.98000,0.99478,0.00172,0.00308,0.00001,0.00041
69.81000,1.98000,0.99329,0.00043,0.00610,0.00000,0.00019
70.01000,1.98000,0.99476,0.00088,0.00423,0.00000,0.00013
70.21000,1.98000,0.99204,0.00105,0.00667,0.00000,0.00023
70.41000,1.98000,0.99793,0.00068,0.00135,0.00000,0.00004
70.61000,1.98000,0.99466,0.00052,0.00472,0.00001,0.00010
70.81000,1.98000,0.99245,0.00040,0.00708,0.00001,0.00006
71.01000,1.98000,0.99748,0.00077,0.00169,0.00002,0.00004
71.21000,1.98000,0.99735,0.00128,0.00128,0.00006,0.00003
71.41000,1.98000,0.99462,0.00017,0.00502,0.00004,0.00015
71.61000,1.98000,0.98882,0.00060,0.01020,0.00008,0.00030
71.81000,1.98000,0.99097,0.00006,0.00885,0.00001,0.00010
72.01000,1.98000,0.97746,0.00212,0.02005,0.00005,0.00032
72.21000,1.98000,0.99398,0.00133,0.00468,0.00000,0.00001
72.41000,1.98000,0.94809,0.00504,0.04679,0.00000,0.00008
72.61000,1.98000,0.97493,0.00135,0.02370,0.00000,0.00002
72.81000,1.98000,0.95896,0.00603,0.03498,0.00000,0.00002
73.01000,1.98000,0.98930,0.00257,0.00813,0.00000,0.00000
73.21000,1.98000,0.99564,0.00063,0.00373,0.00000,0.00000
73.41000,1.98000,0.99404,0.00156,0.00440,0.00000,0.00000
73.61000,1.98000,0.95895,0.01959,0.02143,0.00000,0.00003
73.81000,1.98000,0.98798,0.00923,0.00278,0.00000,0.00001
74.01000,1.98000,0.99499,0.00310,0.00186,0.00000,0.00005
74.21000,1.98000,0.99411,0.00427,0.00106,0.00003,0.00053
74.41000,1.98000,0.96619,0.02902,0.00294,0.00010,0.00175
74.61000,1.98000,0.96057,0.03521,0.00290,0.00004,0.00127
74.81000,1.98000,0.97120,0.02311,0.00201,0.00030,0.00339
75.01000,1.98000,0.96256,0.02766,0.00147,0.00088,0.00744
75.21000,1.98000,0.89768,0.08386,0.00121,0.00444,0.01280
75.41000,1.98000,0.88248,0.10641,0.00042,0.00478,0.00591
75.61000,1.98000,0.93712,0.05138,0.00140,0.00483,0.00527
75.81000,1.98000,0.95686,0.01339,0.00242,0.01004,0.01729
76.01000,1.98000,0.98635,0.00350,0.00288,0.00278,0.00448
76.21000,1.98000,0.98283,0.01201,0.00074,0.00145,0.00296
76.41000,1.98000,0.98255,0.00459,0.00244,0.00319,0.00723
76.61000,1.98000,0.96619,0.02270,0.00092,0.00379,0.00640
76.81000,1.98000,0.97886,0.01401,0.00093,0.00229,0.00391
77.01000,1.98000,0.96600,0.01742,0.00321,0.00451,0.00887
77.21000,1.98000,0.98876,0.00583,0.00056,0.00136,0.00348
77.41000,1.98000,0.98272,0.00766,0.00116,0.00363,0.00482
77.61000,1.98000,0.99037,0.00523,0.00093,0.00178,0.00169
77.81000,1.98000,0.98261,0.00905,0.00055,0.00587,0.00192
78.01000,1.98000,0.98084,0.01170,0.00043,0.00542,0.00161
78.21000,1.98000,0.97598,0.00901,0.00354,0.00937,0.00210
78.41000,1.98000,0.98912,0.00800,0.00033,0.00117,0.00139
78.61000,1.98000,0.96903,0.02011,0.00066,0.00670,0.00350
78.81000,1.98000,0.99391,0.00264,0.00010,0.00247,0.00089
79.01000,1.98000,0.97665,0.01575,0.00052,0.00585,0.00123
79.21000,1.98000,0.98542,0.01068,0.00020,0.00280,0.00090
79.41000,1.98000,0.94892,0.04186,0.00100,0.00618,0.00204
79.61000,1.98000,0.99039,0.00705,0.00025,0.00146,0.00085
79.81000,1.98000,0.93205,0.06130,0.00012,0.00445,0.00207
80.01000,1.98000,0.93360,0.05563,0.00013,0.00802,0.00261
80.21000,1.98000,0.95384,0.04336,0.00019,0.00196,0.00065
80.41000,1.98000,0.99185,0.00398,0.00098,0.00271,0.00047
80.61000,1.98000,0.97377,0.02451,0.00049,0.00103,0.00019
80.81000,1.98000,0.98832,0.01088,0.00035,0.00021,0.00024
81.01000,1.98000,0.92384,0.07557,0.00031,0.00010,0.00018
81.21000,1.98000,0.97758,0.02183,0.00025,0.00006,0.00028
81.41000,1.98000,0.93124,0.06674,0.00144,0.00006,0.00053
81.61000,1.98000,0.99068,0.00758,0.00137,0.00001,0.00036
81.81000,1.98000,0.95491,0.04220,0.00254,0.00001,0.00035
82.01000,1.98000,0.92104,0.07663,0.00151,0.00001,0.00082
82.21000,1.98000,0.94905,0.04626,0.00374,0.00001,0.00094
82.41000,1.98000,0.87928,0.11328,0.00648,0.00001,0.00095
82.61000,1.98000,0.96758,0.02106,0.00901,0.00001,0.00234
82.81000,1.98000,0.96469,0.01199,0.02127,0.00006,0.00198
83.01000,1.98000,0.97757,0.00262,0.01553,0.00011,0.00418
83.21000,1.98000,0.98106,0.00027,0.01787,0.00008,0.00072
83.41000,1.98000,0.99457,0.00009,0.00460,0.00013,0.00061
83.61000,1.98000,0.97805,0.00025,0.01798,0.00085,0.00287
83.81000,1.98000,0.99720,0.00007,0.00123,0.00049,0.00100
84.01000,1.98000,0.99411,0.00007,0.00177,0.00181,0.00225
84.21000,1.98000,0.99300,0.00008,0.00038,0.00190,0.00463
84.41000,1.98000,0.99419,0.00021,0.00114,0.00213,0.00234
84.61000,1.98000,0.97921,0.00036,0.00401,0.01115,0.00527
84.81000,1.98000,0.98535,0.00505,0.00067,0.00386,0.00506
85.01000,1.98000,0.99389,0.00106,0.00066,0.00077,0.00363
85.21000,1.98000,0.98758,0.00380,0.00068,0.00118,0.00677
85.41000,1.98000,0.98854,0.00253,0.00094,0.00123,0.00675
85.61000,1.98000,0.97487,0.00787,0.00050,0.00290,0.01386
85.81000,1.98000,0.99679,0.00058,0.00116,0.00025,0.00122
86.01000,1.98000,0.99283,0.00243,0.00105,0.00053,0.00317
86.21000,1.98000,0.99400,0.00480,0.00013,0.00015,0.00093
86.41000,1.98000,0.98585,0.01315,0.00002,0.00007,0.00091
86.61000,1.98000,0.99252,0.00470,0.00009,0.00035,0.00234
86.81000,1.98000,0.99611,0.00262,0.00006,0.00034,0.00087
87.01000,1.98000,0.99348,0.00444,0.00004,0.00160,0.00044
87.21000,1.98000,0.99403,0.00465,0.00003,0.00101,0.00027
87.41000,1.98000,0.99240,0.00544,0.00039,0.00161,0.00016
87.61000,1.98000,0.97842,0.02026,0.00025,0.00093,0.00015
87.81000,1.98000,0.97693,0.01751,0.00058,0.00464,0.00034
88.01000,1.98000,0.86592,0.02897,0.02282,0.08151,0.00078
88.21000,1.98000,0.98839,0.00103,0.00380,0.00656,0.00021
88.41000,1.98000,0.97205,0.00016,0.01241,0.01528,0.00009
88.61000,1.98000,0.99729,0.00001,0.00185,0.00082,0.00003
88.81000,1.98000,0.99959,0.00000,0.00030,0.00008,0.00002
89.01000,1.98000,0.99977,0.00000,0.00015,0.00005,0.00002
89.21000,1.98000,0.99887,0.00000,0.00089,0.00022,0.00001
89.41000,1.98000,0.99977,0.00001,0.00018,0.00004,0.00001
89.61000,1.98000,0.99955,0.00016,0.00017,0.00007,0.00005
89.81000,1.98000,0.99915,0.00064,0.00015,0.00002,0.00004
90.01000,1.98000,0.94433,0.05396,0.00108,0.00024,0.00038
90.21000,1.98000,0.94032,0.05855,0.00096,0.00005,0.00012
90.41000,1.98000,0.97028,0.02947,0.00024,0.00000,0.00001
90.61000,1.98000,0.99149,0.00822,0.00028,0.00000,0.00000
90.81000,1.98000,0.98898,0.01061,0.00041,0.00000,0.00000
91.01000,1.98000,0.98450,0.01491,0.00057,0.00000,0.00001
91.21000,1.98000,0.99013,0.00940,0.00045,0.00000,0.00002
91.41000,1.98000,0.98780,0.01192,0.00026,0.00001,0.00002
91.61000,1.98000,0.98332,0.01537,0.00123,0.00003,0.00006
91.81000,1.98000,0.98912,0.00429,0.00633,0.00008,0.00017
92.01000,1.98000,0.98154,0.00466,0.01282,0.00052,0.00046
92.21000,1.98000,0.99307,0.00177,0.00395,0.00047,0.00074
92.41000,1.98000,0.99508,0.00032,0.00272,0.00124,0.00065
92.61000,1.98000,0.99885,0.00001,0.00082,0.00015,0.00016
92.81000,1.98000,0.99807,0.00001,0.00180,0.00005,0.00007
93.01000,1.98000,0.99809,0.00000,0.00178,0.00001,0.00011
93.21000,1.98000,0.99773,0.00001,0.00217,0.00000,0.00008
93.41000,1.98000,0.99915,0.00001,0.00071,0.00000,0.00013
93.61000,1.98000,0.99629,0.00019,0.00307,0.00003,0.00042
93.81000,1.98000,0.99405,0.00102,0.00410,0.00004,0.00079
94.01000,1.98000,0.99168,0.00721,0.00073,0.00002,0.00036
94.21000,1.98000,0.99547,0.00133,0.00241,0.00004,0.00075
94.41000,1.98000,0.99715,0.00204,0.00058,0.00004,0.00020
94.61000,1.98000,0.99958,0.00022,0.00015,0.00001,0.00004
94.81000,1.98000,0.99849,0.00085,0.00050,0.00010,0.00006
95.01000,1.98000,0.99859,0.00082,0.00050,0.00004,0.00005
95.21000,1.98000,0.99776,0.00202,0.00020,0.00001,0.00002
95.41000,1.98000,0.99830,0.00159,0.00010,0.00000,0.00000
95.61000,1.98000,0.99922,0.00058,0.00020,0.00000,0.00000
95.81000,1.98000,0.99856,0.00045,0.00098,0.00000,0.00000
96.01000,1.98000,0.99757,0.00018,0.00224,0.00000,0.00000
96.21000,1.98000,0.99355,0.00093,0.00552,0.00000,0.00000
96.41000,1.98000,0.99393,0.00150,0.00456,0.00000,0.00000
96.61000,1.98000,0.99123,0.00581,0.00296,0.00000,0.00000
96.81000,1.98000,0.99684,0.00023,0.00292,0.00000,0.00001
97.01000,1.98000,0.95192,0.00212,0.04548,0.00040,0.00008
97.21000,1.98000,0.99772,0.00001,0.00208,0.00006,0.00013
97.41000,1.98000,0.99818,0.00022,0.00150,0.00008,0.00002
97.61000,1.98000,0.99960,0.00000,0.00027,0.00006,0.00007
97.81000,1.98000,0.99963,0.00005,0.00022,0.00007,0.00004
98.01000,1.98000,0.99972,0.00001,0.00017,0.00004,0.00006
98.21000,1.98000,0.99810,0.00062,0.00080,0.00034,0.00014
98.41000,1.98000,0.99922,0.00030,0.00025,0.00013,0.00010
98.61000,1.98000,0.97416,0.02227,0.00248,0.00048,0.00061
98.81000,1.98000,0.99265,0.00696,0.00023,0.00004,0.00012
99.01000,1.98000,0.99687,0.00257,0.00054,0.00000,0.00001
99.21000,1.98000,0.99927,0.00037,0.00034,0.00000,0.00001
99.41000,1.98000,0.99418,0.00051,0.00527,0.00001,0.00002
99.61000,1.98000,0.99602,0.00071,0.00325,0.00001,0.00001
99.81000,1.98000,0.99497,0.00012,0.00490,0.00000,0.00001
100.01000,1.98000,0.99779,0.00036,0.00184,0.00001,0.00001
100.21000,1.98000,0.99686,0.00009,0.00304,0.00000,0.00000
100.41000,1.98000,0.99858,0.00016,0.00125,0.00000,0.00000
100.61000,1.98000,0.99602,0.00002,0.00396,0.00001,0.00000
100.81000,1.98000,0.99601,0.00017,0.00381,0.00000,0.00001
101.01000,1.98000,0.99926,0.00007,0.00066,0.00000,0.00000
101.21000,1.98000,0.99864,0.00082,0.00054,0.00000,0.00000
101.41000,1.98000,0.98679,0.00655,0.00666,0.00000,0.00000
101.61000,1.98000,0.99828,0.00136,0.00036,0.00000,0.00000
101.81000,1.98000,0.99680,0.00181,0.00139,0.00000,0.00000
102.01000,1.98000,0.99566,0.00328,0.00106,0.00000,0.00000
102.21000,1.98000,0.98150,0.01534,0.00316,0.00000,0.00000
102.41000,1.98000,0.97171,0.02804,0.00024,0.00000,0.00000
102.61000,1.98000,0.98225,0.01690,0.00084,0.00000,0.00000
102.81000,1.98000,0.98132,0.01800,0.00066,0.00000,0.00002
103.01000,1.98000,0.99303,0.00252,0.00438,0.00002,0.00005
103.21000,1.98000,0.99621,0.00363,0.00008,0.00000,0.00008
103.41000,1.98000,0.99856,0.00091,0.00051,0.00000,0.00001
103.61000,1.98000,0.99815,0.00078,0.00092,0.00001,0.00014
103.81000,1.98000,0.99827,0.00086,0.00085,0.00001,0.00002
104.01000,1.98000,0.99908,0.00065,0.00020,0.00000,0.00007
104.21000,1.98000,0.99846,0.00125,0.00028,0.00000,0.00001
104.41000,1.98000,0.99782,0.00027,0.00186,0.00000,0.00005
104.61000,1.98000,0.99537,0.00064,0.00392,0.00001,0.00006
104.81000,1.98000,0.99302,0.00043,0.00647,0.00001,0.00008
105.01000,1.98000,0.99536,0.00061,0.00400,0.00000,0.00003
105.21000,1.98000,0.99822,0.00004,0.00173,0.00000,0.00001
105.41000,1.98000,0.99210,0.00015,0.00771,0.00000,0.00003
105.61000,1.98000,0.99311,0.00137,0.00551,0.00000,0.00001
105.81000,1.98000,0.99332,0.00606,0.00061,0.00000,0.00000
106.01000,1.98000,0.99212,0.00262,0.00523,0.00001,0.00003
106.21000,1.98000,0.99585,0.00313,0.00099,0.00000,0.00003
106.41000,1.98000,0.98690,0.00667,0.00640,0.00002,0.00001
106.61000,1.98000,0.99728,0.00220,0.00051,0.00000,0.00001
106.81000,1.98000,0.99426,0.00227,0.00345,0.00001,0.00000
107.01000,1.98000,0.99850,0.00024,0.00121,0.00002,0.00002
107.21000,1.98000,0.98145,0.00085,0.01734,0.00033,0.00003
107.41000,1.98000,0.99919,0.00004,0.00061,0.00006,0.00010
107.61000,1.98000,0.99429,0.00000,0.00551,0.00016,0.00003
107.81000,1.98000,0.99458,0.00000,0.00471,0.00020,0.00050
108.01000,1.98000,0.99413,0.00000,0.00552,0.00011,0.00023
108.21000,1.98000,0.99978,0.00000,0.00011,0.00000,0.00011
108.41000,1.98000,0.99962,0.00000,0.00032,0.00000,0.00005
108.61000,1.98000,0.99976,0.00000,0.00008,0.00000,0.00016
108.81000,1.98000,0.99868,0.00001,0.00103,0.00001,0.00028
109.01000,1.98000,0.99821,0.00001,0.00096,0.00000,0.00081
109.21000,1.98000,0.99525,0.00028,0.00381,0.00000,0.00066
109.41000,1.98000,0.99903,0.00008,0.00081,0.00000,0.00008
109.61000,1.98000,0.99404,0.00024,0.00565,0.00000,0.00006
109.81000,1.98000,0.99882,0.00024,0.00092,0.00000,0.00002
110.01000,1.98000,0.99527,0.00121,0.00347,0.00000,0.00004
110.21000,1.98000,0.99009,0.00170,0.00816,0.00000,0.00004
110.41000,1.98000,0.98424,0.00761,0.00813,0.00000,0.00003
110.61000,1.98000,0.99586,0.00354,0.00059,0.00000,0.00001
110.81000,1.98000,0.99123,0.00586,0.00288,0.00000,0.00002
111.01000,1.98000,0.99663,0.00285,0.00053,0.00000,0.00000
111.21000,1.98000,0.99624,0.00209,0.00166,0.00000,0.00000
111.41000,1.98000,0.97037,0.02321,0.00637,0.00002,0.00002
111.61000,1.98000,0.93281,0.02374,0.04307,0.00026,0.00012
111.81000,1.98000,0.99590,0.00158,0.00244,0.00006,0.00002
112.01000,1.98000,0.99921,0.00002,0.00072,0.00003,0.00003
112.21000,1.98000,0.99720,0.00006,0.00226,0.00036,0.00012
112.41000,1.98000,0.99013,0.00001,0.00949,0.00010,0.00027
112.61000,1.98000,0.99739,0.00000,0.00244,0.00008,0.00009
112.81000,1.98000,0.99723,0.00001,0.00255,0.00004,0.00017
113.01000,1.98000,0.99803,0.00002,0.00139,0.00015,0.00042
113.21000,1.98000,0.99796,0.00009,0.00090,0.00021,0.00083
113.41000,1.98000,0.98672,0.00533,0.00452,0.00056,0.00287
113.61000,1.98000,0.99610,0.00246,0.00082,0.00001,0.00061
113.81000,1.98000,0.99214,0.00094,0.00681,0.00000,0.00010
114.01000,1.98000,0.98692,0.01018,0.00267,0.00000,0.00022
114.21000,1.98000,0.99008,0.00117,0.00869,0.00000,0.00006
114.41000,1.98000,0.98668,0.01209,0.00121,0.00000,0.00003
114.61000,1.98000,0.98937,0.00351,0.00711,0.00000,0.00002
114.81000,1.98000,0.97849,0.01733,0.00415,0.00000,0.00003
115.01000,1.98000,0.96756,0.01108,0.02131,0.00000,0.00005
115.21000,1.98000,0.99360,0.00393,0.00245,0.00000,0.00002
115.41000,1.98000,0.98754,0.00374,0.00869,0.00000,0.00002
115.61000,1.98000,0.97845,0.01619,0.00532,0.00000,0.00004
115.81000,1.98000,0.99004,0.00147,0.00836,0.00005,0.00008
116.01000,1.98000,0.99285,0.00590,0.00124,0.00001,0.00001
116.21000,1.98000,0.99445,0.00285,0.00250,0.00017,0.00004
116.41000,1.98000,0.96747,0.01467,0.01267,0.00443,0.00075
116.61000,1.98000,0.93241,0.00349,0.02389,0.03573,0.00447
116.81000,1.98000,0.99516,0.00013,0.00282,0.00171,0.00018
117.01000,1.98000,0.99754,0.00002,0.00168,0.00070,0.00006
117.21000,1.98000,0.99899,0.00000,0.00067,0.00032,0.00002
117.41000,1.98000,0.99967,0.00000,0.00022,0.00010,0.00001
117.61000,1.98000,0.99997,0.00000,0.00001,0.00001,0.00000
117.81000,1.98000,0.99998,0.00000,0.00001,0.00001,0.00000
118.01000,1.98000,0.99999,0.00000,0.00000,0.00000,0.00000
118.21000,1.98000,0.99999,0.00000,0.00000,0.00000,0.00000
118.41000,1.98000,1.00000,0.00000,0.00000,0.00000,0.00000
118.61000,1.98000,1.00000,0.00000,0.00000,0.00000,0.00000
118.81000,1.98000,1.00000,0.00000,0.00000,0.00000,0.00000
