Time (seconds), Duration (seconds),pred_(unlabeled),pred_On,pred_Off,pred_Dimmer,pred_Lighter
0.01000,1.98000,0.99999,0.00000,0.00000,0.00001,0.00000
0.21000,1.98000,1.00000,0.00000,0.00000,0.00000,0.00000
0.41000,1.98000,1.00000,0.00000,0.00000,0.00000,0.00000
0.61000,1.98000,1.00000,0.00000,0.00000,0.00000,0.00000
0.81000,1.98000,1.00000,0.00000,0.00000,0.00000,0.00000
1.01000,1.98000,1.00000,0.00000,0.00000,0.00000,0.00000
1.21000,1.98000,1.00000,0.00000,0.00000,0.00000,0.00000
1.41000,1.98000,1.00000,0.00000,0.00000,0.00000,0.00000
1.61000,1.98000,1.00000,0.00000,0.00000,0.00000,0.00000
1.81000,1.98000,1.00000,0.00000,0.00000,0.00000,0.00000
2.01000,1.98000,0.99998,0.00000,0.00000,0.00001,0.00000
2.21000,1.98000,0.99991,0.00000,0.00000,0.00007,0.00001
2.41000,1.98000,0.99983,0.00000,0.00000,0.00014,0.00002
2.61000,1.98000,0.99951,0.00014,0.00001,0.00030,0.00005
2.81000,1.98000,0.99744,0.00204,0.00002,0.00030,0.00019
3.01000,1.98000,0.91448,0.08190,0.00017,0.00217,0.00128
3.21000,1.98000,0.40879,0.57946,0.00028,0.00746,0.00401
3.41000,1.98000,0.61288,0.38021,0.00056,0.00498,0.00137
3.61000,1.98000,0.94890,0.04744,0.00089,0.00226,0.00051
3.81000,1.98000,0.99749,0.00191,0.00019,0.00033,0.00008
4.01000,1.98000,0.99754,0.00154,0.00055,0.00017,0.00019
4.21000,1.98000,0.99887,0.00074,0.00024,0.00006,0.00008
4.41000,1.98000,0.99733,0.00098,0.00122,0.00028,0.00019
4.61000,1.98000,0.99918,0.00052,0.00011,0.00009,0.00010
4.81000,1.98000,0.99840,0.00108,0.00008,0.00032,0.00012
5.01000,1.98000,0.98891,0.00916,0.00010,0.00095,0.00088
5.21000,1.98000,0.77221,0.21334,0.00086,0.00530,0.00828
5.41000,1.98000,0.60356,0.37815,0.00029,0.00590,0.01209
5.61000,1.98000,0.92898,0.06793,0.00037,0.00107,0.00165
5.81000,1.98000,0.97258,0.02366,0.00035,0.00209,0.00132
6.01000,1.98000,0.99511,0.00183,0.00019,0.00237,0.00051
6.21000,1.98000,0.99709,0.00054,0.00009,0.00190,0.00038
6.41000,1.98000,0.99981,0.00001,0.00001,0.00012,0.00005
6.61000,1.98000,0.99990,0.00000,0.00001,0.00007,0.00002
6.81000,1.98000,0.99998,0.00000,0.00000,0.00002,0.00000
7.01000,1.98000,0.99998,0.00000,0.00000,0.00001,0.00000
7.21000,1.98000,0.99999,0.00000,0.00000,0.00001,0.00000
7.41000,1.98000,0.99991,0.00000,0.00000,0.00007,0.00001
7.61000,1.98000,0.99981,0.00000,0.00000,0.00016,0.00002
7.81000,1.98000,0.99967,0.00006,0.00000,0.00022,0.00005
8.01000,1.98000,0.99905,0.00064,0.00001,0.00017,0.00014
8.21000,1.98000,0.96991,0.02723,0.00024,0.00173,0.00089
8.41000,1.98000,0.48280,0.49419,0.00069,0.01428,0.00804
8.61000,1.98000,0.35579,0.61945,0.00076,0.01596,0.00804
8.81000,1.98000,0.91863,0.07935,0.00031,0.00113,0.00057
9.01000,1.98000,0.99689,0.00199,0.00047,0.00044,0.00021
9.21000,1.98000,0.99857,0.00042,0.00055,0.00032,0.00014
9.41000,1.98000,0.99965,0.00004,0.00018,0.00009,0.00005
9.61000,1.98000,0.99997,0.00000,0.00002,0.00001,0.00000
9.81000,1.98000,0.99997,0.00000,0.00002,0.00001,0.00000
10.01000,1.98000,0.99999,0.00000,0.00000,0.00001,0.00000
10.21000,1.98000,0.99999,0.00000,0.00000,0.00000,0.00000
10.41000,1.98000,0.99997,0.00000,0.00000,0.00002,0.00001
10.61000,1.98000,0.99990,0.00001,0.00001,0.00006,0.00003
10.81000,1.98000,0.99971,0.00015,0.00001,0.00007,0.00006
11.01000,1.98000,0.99821,0.00113,0.00011,0.00015,0.00040
11.21000,1.98000,0.93367,0.05506,0.00116,0.00349,0.00662
11.41000,1.98000,0.28413,0.66017,0.00433,0.01977,0.03159
11.61000,1.98000,0.96518,0.03032,0.00018,0.00080,0.00352
11.81000,1.98000,0.99839,0.00113,0.00013,0.00007,0.00029
12.01000,1.98000,0.99937,0.00020,0.00011,0.00017,0.00015
12.21000,1.98000,0.99936,0.00004,0.00032,0.00010,0.00018
12.41000,1.98000,0.99988,0.00000,0.00007,0.00003,0.00002
12.61000,1.98000,0.99994,0.00000,0.00004,0.00001,0.00001
12.81000,1.98000,0.99996,0.00000,0.00001,0.00002,0.00000
13.01000,1.98000,0.99998,0.00000,0.00000,0.00001,0.00000
13.21000,1.98000,0.99999,0.00000,0.00000,0.00001,0.00000
13.41000,1.98000,1.00000,0.00000,0.00000,0.00000,0.00000
13.61000,1.98000,0.99999,0.00000,0.00000,0.00001,0.00000
13.81000,1.98000,0.99999,0.00000,0.00000,0.00001,0.00000
14.01000,1.98000,0.99999,0.00000,0.00000,0.00001,0.00000
14.21000,1.98000,0.99985,0.00012,0.00001,0.00002,0.00000
14.41000,1.98000,0.99823,0.00174,0.00001,0.00001,0.00001
14.61000,1.98000,0.97864,0.02129,0.00002,0.00004,0.00002
14.81000,1.98000,0.20223,0.79649,0.00015,0.00067,0.00045
15.01000,1.98000,0.68518,0.31284,0.00034,0.00119,0.00044
15.21000,1.98000,0.96392,0.03541,0.00050,0.00010,0.00006
15.41000,1.98000,0.99871,0.00116,0.00007,0.00005,0.00001
15.61000,1.98000,0.99973,0.00014,0.00005,0.00007,0.00001
15.81000,1.98000,0.99991,0.00004,0.00002,0.00003,0.00001
16.01000,1.98000,0.99989,0.00001,0.00003,0.00006,0.00000
16.21000,1.98000,0.99984,0.00000,0.00003,0.00013,0.00000
16.41000,1.98000,0.99966,0.00000,0.00004,0.00030,0.00000
16.61000,1.98000,0.99984,0.00000,0.00002,0.00014,0.00000
16.81000,1.98000,0.99966,0.00000,0.00004,0.00029,0.00000
17.01000,1.98000,0.99994,0.00000,0.00001,0.00005,0.00000
17.21000,1.98000,0.99980,0.00000,0.00003,0.00016,0.00000
17.41000,1.98000,0.99999,0.00000,0.00000,0.00001,0.00000
17.61000,1.98000,0.99988,0.00000,0.00000,0.00011,0.00001
17.81000,1.98000,0.99984,0.00000,0.00000,0.00014,0.00001
18.01000,1.98000,0.99984,0.00004,0.00000,0.00010,0.00002
18.21000,1.98000,0.99945,0.00039,0.00000,0.00010,0.00006
18.41000,1.98000,0.98183,0.01742,0.00002,0.00040,0.00033
18.61000,1.98000,0.52037,0.46253,0.00023,0.01048,0.00639
18.81000,1.98000,0.17655,0.80698,0.00021,0.01303,0.00322
19.01000,1.98000,0.84196,0.15635,0.00008,0.00110,0.00051
19.21000,1.98000,0.99787,0.00184,0.00008,0.00018,0.00004
19.41000,1.98000,0.99934,0.00048,0.00005,0.00010,0.00003
19.61000,1.98000,0.99983,0.00005,0.00004,0.00006,0.00001
19.81000,1.98000,0.99997,0.00000,0.00001,0.00001,0.00000
20.01000,1.98000,0.99998,0.00000,0.00001,0.00001,0.00000
20.21000,1.98000,0.99999,0.00000,0.00000,0.00000,0.00000
20.41000,1.98000,0.99999,0.00000,0.00000,0.00001,0.00000
20.61000,1.98000,0.99998,0.00000,0.00000,0.00001,0.00000
20.81000,1.98000,0.99988,0.00000,0.00000,0.00009,0.00002
21.01000,1.98000,0.99988,0.00003,0.00000,0.00007,0.00002
21.21000,1.98000,0.99956,0.00031,0.00000,0.00009,0.00004
21.41000,1.98000,0.99361,0.00608,0.00001,0.00020,0.00010
21.61000,1.98000,0.71551,0.27964,0.00011,0.00290,0.00185
21.81000,1.98000,0.19099,0.80277,0.00012,0.00490,0.00123
22.01000,1.98000,0.60610,0.39169,0.00017,0.00175,0.00029
22.21000,1.98000,0.97549,0.02199,0.00050,0.00184,0.00017
22.41000,1.98000,0.99831,0.00100,0.00013,0.00047,0.00008
22.61000,1.98000,0.99977,0.00005,0.00005,0.00010,0.00002
22.81000,1.98000,0.99983,0.00001,0.00004,0.00010,0.00001
23.01000,1.98000,0.99993,0.00000,0.00003,0.00004,0.00000
23.21000,1.98000,0.99998,0.00000,0.00001,0.00001,0.00000
23.41000,1.98000,1.00000,0.00000,0.00000,0.00000,0.00000
23.61000,1.98000,0.99999,0.00000,0.00000,0.00000,0.00000
23.81000,1.98000,0.99999,0.00000,0.00000,0.00000,0.00000
24.01000,1.98000,0.99999,0.00000,0.00000,0.00000,0.00000
24.21000,1.98000,0.99999,0.00000,0.00000,0.00000,0.00000
24.41000,1.98000,1.00000,0.00000,0.00000,0.00000,0.00000
24.61000,1.98000,0.99999,0.00000,0.00000,0.00000,0.00000
24.81000,1.98000,0.99999,0.00000,0.00000,0.00000,0.00000
25.01000,1.98000,0.99999,0.00000,0.00000,0.00000,0.00000
25.21000,1.98000,0.99999,0.00000,0.00000,0.00000,0.00000
25.41000,1.98000,0.99999,0.00000,0.00000,0.00000,0.00000
25.61000,1.98000,0.99999,0.00000,0.00000,0.00000,0.00000
25.81000,1.98000,1.00000,0.00000,0.00000,0.00000,0.00000
26.01000,1.98000,0.99997,0.00000,0.00000,0.00003,0.00001
26.21000,1.98000,0.99994,0.00000,0.00000,0.00005,0.00001
26.41000,1.98000,0.99979,0.00001,0.00000,0.00017,0.00003
26.61000,1.98000,0.99968,0.00010,0.00000,0.00017,0.00005
26.81000,1.98000,0.99604,0.00307,0.00002,0.00059,0.00028
27.01000,1.98000,0.95607,0.04200,0.00004,0.00126,0.00062
27.21000,1.98000,0.14342,0.80850,0.00080,0.04124,0.00603
27.41000,1.98000,0.46982,0.48759,0.00073,0.03606,0.00581
27.61000,1.98000,0.96585,0.03206,0.00038,0.00154,0.00017
27.81000,1.98000,0.99714,0.00205,0.00019,0.00057,0.00005
28.01000,1.98000,0.99924,0.00006,0.00032,0.00035,0.00003
28.21000,1.98000,0.99988,0.00003,0.00004,0.00004,0.00001
28.41000,1.98000,0.99996,0.00000,0.00001,0.00002,0.00000
28.61000,1.98000,0.99997,0.00000,0.00001,0.00001,0.00000
28.81000,1.98000,0.99990,0.00001,0.00001,0.00007,0.00001
29.01000,1.98000,0.99972,0.00012,0.00001,0.00011,0.00004
29.21000,1.98000,0.99899,0.00061,0.00001,0.00027,0.00013
29.41000,1.98000,0.95791,0.04037,0.00005,0.00072,0.00095
29.61000,1.98000,0.32222,0.66279,0.00016,0.00683,0.00800
29.81000,1.98000,0.23176,0.76043,0.00013,0.00402,0.00365
30.01000,1.98000,0.77863,0.21603,0.00023,0.00331,0.00180
30.21000,1.98000,0.96908,0.02614,0.00024,0.00362,0.00092
30.41000,1.98000,0.99369,0.00210,0.00030,0.00360,0.00032
30.61000,1.98000,0.99862,0.00011,0.00019,0.00098,0.00009
30.81000,1.98000,0.99942,0.00001,0.00010,0.00044,0.00003
31.01000,1.98000,0.99993,0.00000,0.00003,0.00004,0.00000
31.21000,1.98000,0.99997,0.00000,0.00001,0.00002,0.00000
31.41000,1.98000,0.99999,0.00000,0.00000,0.00001,0.00000
31.61000,1.98000,0.99999,0.00000,0.00000,0.00001,0.00000
31.81000,1.98000,0.99999,0.00000,0.00000,0.00001,0.00000
32.01000,1.98000,0.99999,0.00000,0.00000,0.00001,0.00000
32.21000,1.98000,1.00000,0.00000,0.00000,0.00000,0.00000
32.41000,1.98000,1.00000,0.00000,0.00000,0.00000,0.00000
32.61000,1.98000,0.99999,0.00000,0.00000,0.00000,0.00000
32.81000,1.98000,0.99998,0.00000,0.00000,0.00002,0.00000
33.01000,1.98000,0.99998,0.00000,0.00000,0.00002,0.00000
33.21000,1.98000,0.99988,0.00003,0.00000,0.00007,0.00002
33.41000,1.98000,0.99935,0.00050,0.00000,0.00010,0.00004
33.61000,1.98000,0.98209,0.01701,0.00002,0.00056,0.00032
33.81000,1.98000,0.54677,0.44851,0.00006,0.00195,0.00272
34.01000,1.98000,0.52262,0.47217,0.00007,0.00129,0.00385
34.21000,1.98000,0.65122,0.34809,0.00005,0.00028,0.00037
34.41000,1.98000,0.91749,0.07908,0.00161,0.00125,0.00057
34.61000,1.98000,0.99367,0.00478,0.00038,0.00092,0.00025
34.81000,1.98000,0.99798,0.00074,0.00055,0.00056,0.00017
35.01000,1.98000,0.99957,0.00006,0.00010,0.00020,0.00006
35.21000,1.98000,0.99967,0.00000,0.00022,0.00007,0.00003
35.41000,1.98000,0.99968,0.00000,0.00008,0.00020,0.00003
35.61000,1.98000,0.99989,0.00000,0.00003,0.00006,0.00002
35.81000,1.98000,0.99997,0.00000,0.00000,0.00002,0.00001
36.01000,1.98000,0.99992,0.00000,0.00000,0.00003,0.00005
36.21000,1.98000,0.99941,0.00000,0.00002,0.00019,0.00038
36.41000,1.98000,0.99921,0.00000,0.00002,0.00037,0.00039
36.61000,1.98000,0.99925,0.00000,0.00003,0.00024,0.00047
36.81000,1.98000,0.99937,0.00001,0.00002,0.00034,0.00027
37.01000,1.98000,0.99922,0.00006,0.00001,0.00034,0.00037
37.21000,1.98000,0.99876,0.00015,0.00002,0.00071,0.00036
37.41000,1.98000,0.99736,0.00216,0.00001,0.00024,0.00024
37.61000,1.98000,0.99840,0.00142,0.00001,0.00012,0.00006
37.81000,1.98000,0.96615,0.03357,0.00002,0.00017,0.00009
38.01000,1.98000,0.88147,0.11645,0.00004,0.00131,0.00074
38.21000,1.98000,0.14638,0.84506,0.00013,0.00717,0.00125
38.41000,1.98000,0.72396,0.26332,0.00042,0.01064,0.00166
38.61000,1.98000,0.94586,0.05187,0.00064,0.00147,0.00017
38.81000,1.98000,0.99768,0.00145,0.00016,0.00068,0.00003
39.01000,1.98000,0.99925,0.00018,0.00016,0.00038,0.00003
39.21000,1.98000,0.99978,0.00001,0.00006,0.00014,0.00001
39.41000,1.98000,0.99982,0.00000,0.00010,0.00008,0.00000
39.61000,1.98000,0.99992,0.00000,0.00002,0.00006,0.00000
39.81000,1.98000,0.99999,0.00000,0.00000,0.00001,0.00000
40.01000,1.98000,1.00000,0.00000,0.00000,0.00000,0.00000
40.21000,1.98000,0.99999,0.00000,0.00000,0.00000,0.00000
40.41000,1.98000,0.99998,0.00000,0.00000,0.00002,0.00000
40.61000,1.98000,0.99995,0.00001,0.00000,0.00003,0.00000
40.81000,1.98000,0.99986,0.00007,0.00000,0.00006,0.00001
41.01000,1.98000,0.99851,0.00134,0.00000,0.00011,0.00003
41.21000,1.98000,0.96300,0.03621,0.00002,0.00046,0.00032
41.41000,1.98000,0.23634,0.75304,0.00008,0.00629,0.00425
41.61000,1.98000,0.20605,0.78660,0.00013,0.00464,0.00258
41.81000,1.98000,0.73540,0.26025,0.00033,0.00270,0.00133
42.01000,1.98000,0.97725,0.01692,0.00060,0.00459,0.00065
42.21000,1.98000,0.99849,0.00048,0.00013,0.00077,0.00012
42.41000,1.98000,0.99904,0.00008,0.00013,0.00067,0.00007
42.61000,1.98000,0.99976,0.00000,0.00006,0.00016,0.00001
42.81000,1.98000,0.99987,0.00000,0.00005,0.00007,0.00000
43.01000,1.98000,0.99998,0.00000,0.00001,0.00001,0.00000
43.21000,1.98000,0.99999,0.00000,0.00000,0.00000,0.00000
43.41000,1.98000,1.00000,0.00000,0.00000,0.00000,0.00000
43.61000,1.98000,0.99998,0.00000,0.00001,0.00001,0.00000
43.81000,1.98000,0.99995,0.00002,0.00001,0.00001,0.00000
44.01000,1.98000,0.99958,0.00040,0.00000,0.00001,0.00001
44.21000,1.98000,0.99736,0.00257,0.00001,0.00003,0.00003
44.41000,1.98000,0.86962,0.13014,0.00002,0.00011,0.00011
44.61000,1.98000,0.35997,0.63931,0.00006,0.00011,0.00054
44.81000,1.98000,0.28031,0.71937,0.00002,0.00007,0.00023
45.01000,1.98000,0.75039,0.24881,0.00025,0.00015,0.00040
45.21000,1.98000,0.98010,0.01932,0.00017,0.00015,0.00026
45.41000,1.98000,0.98372,0.01191,0.00091,0.00245,0.00101
45.61000,1.98000,0.99831,0.00042,0.00028,0.00083,0.00015
45.81000,1.98000,0.99558,0.00003,0.00074,0.00345,0.00019
46.01000,1.98000,0.99970,0.00000,0.00010,0.00018,0.00002
46.21000,1.98000,0.99979,0.00000,0.00007,0.00013,0.00001
46.41000,1.98000,0.99997,0.00000,0.00001,0.00001,0.00000
46.61000,1.98000,0.99998,0.00000,0.00001,0.00001,0.00000
46.81000,1.98000,0.99999,0.00000,0.00000,0.00000,0.00000
47.01000,1.98000,1.00000,0.00000,0.00000,0.00000,0.00000
47.21000,1.98000,0.99999,0.00000,0.00000,0.00001,0.00000
47.41000,1.98000,0.99999,0.00000,0.00000,0.00001,0.00000
47.61000,1.98000,0.99999,0.00000,0.00000,0.00001,0.00000
47.81000,1.98000,0.99996,0.00000,0.00000,0.00003,0.00000
48.01000,1.98000,0.99993,0.00000,0.00000,0.00006,0.00001
48.21000,1.98000,0.99975,0.00005,0.00000,0.00017,0.00003
48.41000,1.98000,0.99915,0.00054,0.00001,0.00026,0.00005
48.61000,1.98000,0.99296,0.00633,0.00001,0.00052,0.00018
48.81000,1.98000,0.94373,0.05369,0.00003,0.00115,0.00139
49.01000,1.98000,0.15077,0.82963,0.00012,0.01202,0.00746
49.21000,1.98000,0.44715,0.54017,0.00028,0.00677,0.00562
49.41000,1.98000,0.97089,0.02722,0.00028,0.00086,0.00074
49.61000,1.98000,0.99660,0.00206,0.00024,0.00073,0.00036
49.81000,1.98000,0.99898,0.00026,0.00016,0.00041,0.00021
50.01000,1.98000,0.99956,0.00002,0.00017,0.00019,0.00007
50.21000,1.98000,0.99993,0.00000,0.00003,0.00003,0.00001
50.41000,1.98000,0.99997,0.00000,0.00001,0.00001,0.00000
50.61000,1.98000,0.99999,0.00000,0.00000,0.00000,0.00000
50.81000,1.98000,0.99999,0.00000,0.00000,0.00000,0.00000
51.01000,1.98000,1.00000,0.00000,0.00000,0.00000,0.00000
51.21000,1.98000,1.00000,0.00000,0.00000,0.00000,0.00000
51.41000,1.98000,1.00000,0.00000,0.00000,0.00000,0.00000
51.61000,1.98000,1.00000,0.00000,0.00000,0.00000,0.00000
51.81000,1.98000,1.00000,0.00000,0.00000,0.00000,0.00000
52.01000,1.98000,0.99999,0.00000,0.00000,0.00000,0.00000
52.21000,1.98000,0.99998,0.00000,0.00000,0.00001,0.00001
52.41000,1.98000,0.99994,0.00001,0.00000,0.00003,0.00002
52.61000,1.98000,0.99948,0.00026,0.00001,0.00013,0.00012
52.81000,1.98000,0.99553,0.00381,0.00001,0.00040,0.00025
53.01000,1.98000,0.96194,0.03712,0.00003,0.00040,0.00051
53.21000,1.98000,0.17444,0.82321,0.00011,0.00125,0.00099
53.41000,1.98000,0.16105,0.83721,0.00010,0.00106,0.00058
53.61000,1.98000,0.77081,0.22730,0.00059,0.00105,0.00025
53.81000,1.98000,0.95451,0.04159,0.00044,0.00302,0.00044
54.01000,1.98000,0.99812,0.00071,0.00019,0.00083,0.00014
54.21000,1.98000,0.99937,0.00009,0.00009,0.00041,0.00005
54.41000,1.98000,0.99989,0.00001,0.00003,0.00006,0.00001
54.61000,1.98000,0.99984,0.00000,0.00009,0.00006,0.00001
54.81000,1.98000,0.99998,0.00000,0.00001,0.00001,0.00000
55.01000,1.98000,0.99999,0.00000,0.00000,0.00001,0.00000
55.21000,1.98000,0.99999,0.00000,0.00000,0.00000,0.00000
55.41000,1.98000,0.99996,0.00000,0.00001,0.00002,0.00001
55.61000,1.98000,0.99998,0.00000,0.00001,0.00001,0.00001
55.81000,1.98000,0.99982,0.00000,0.00001,0.00004,0.00012
56.01000,1.98000,0.99986,0.00003,0.00003,0.00004,0.00004
56.21000,1.98000,0.99865,0.00094,0.00002,0.00009,0.00030
56.41000,1.98000,0.99367,0.00608,0.00005,0.00008,0.00013
56.61000,1.98000,0.93396,0.06561,0.00001,0.00004,0.00038
56.81000,1.98000,0.84800,0.15174,0.00003,0.00003,0.00019
57.01000,1.98000,0.59351,0.40554,0.00004,0.00005,0.00085
57.21000,1.98000,0.88312,0.11629,0.00022,0.00010,0.00027
57.41000,1.98000,0.92418,0.07538,0.00011,0.00011,0.00022
57.61000,1.98000,0.95338,0.04615,0.00032,0.00009,0.00006
57.81000,1.98000,0.91266,0.08685,0.00033,0.00008,0.00009
58.01000,1.98000,0.72305,0.26798,0.00714,0.00113,0.00070
58.21000,1.98000,0.74081,0.23263,0.02261,0.00320,0.00075
58.41000,1.98000,0.68246,0.14190,0.11989,0.05473,0.00101
58.61000,1.98000,0.96496,0.01362,0.01448,0.00666,0.00028
58.81000,1.98000,0.92994,0.00506,0.04974,0.01509,0.00018
59.01000,1.98000,0.99654,0.00157,0.00111,0.00075,0.00003
59.21000,1.98000,0.99834,0.00021,0.00116,0.00028,0.00001
59.41000,1.98000,0.99961,0.00009,0.00012,0.00018,0.00001
59.61000,1.98000,0.99784,0.00015,0.00022,0.00176,0.00003
59.81000,1.98000,0.99923,0.00003,0.00008,0.00064,0.00001
60.01000,1.98000,0.99920,0.00001,0.00008,0.00069,0.00003
60.21000,1.98000,0.99978,0.00000,0.00002,0.00018,0.00001
60.41000,1.98000,0.99987,0.00000,0.00002,0.00010,0.00001
60.61000,1.98000,0.99989,0.00000,0.00002,0.00008,0.00001
60.81000,1.98000,0.99994,0.00001,0.00000,0.00004,0.00002
61.01000,1.98000,0.99996,0.00000,0.00001,0.00002,0.00000
61.21000,1.98000,0.99996,0.00001,0.00001,0.00002,0.00001
61.41000,1.98000,0.99986,0.00006,0.00001,0.00005,0.00002
61.61000,1.98000,0.99811,0.00179,0.00001,0.00005,0.00003
61.81000,1.98000,0.97333,0.02625,0.00003,0.00019,0.00020
62.01000,1.98000,0.24813,0.74954,0.00018,0.00136,0.00078
62.21000,1.98000,0.22658,0.77045,0.00020,0.00222,0.00055
62.41000,1.98000,0.71139,0.28780,0.00019,0.00050,0.00013
62.61000,1.98000,0.98985,0.00926,0.00032,0.00053,0.00003
62.81000,1.98000,0.99948,0.00040,0.00004,0.00008,0.00000
63.01000,1.98000,0.99970,0.00007,0.00008,0.00015,0.00000
63.21000,1.98000,0.99960,0.00001,0.00014,0.00025,0.00000
63.41000,1.98000,0.99970,0.00000,0.00018,0.00012,0.00000
63.61000,1.98000,0.99993,0.00000,0.00002,0.00005,0.00000
63.81000,1.98000,0.99997,0.00000,0.00001,0.00003,0.00000
64.01000,1.98000,0.99996,0.00000,0.00001,0.00003,0.00000
64.21000,1.98000,0.99997,0.00000,0.00001,0.00002,0.00000
64.41000,1.98000,0.99999,0.00000,0.00000,0.00001,0.00000
64.61000,1.98000,0.99997,0.00000,0.00000,0.00003,0.00000
64.81000,1.98000,0.99989,0.00000,0.00001,0.00010,0.00000
65.01000,1.98000,0.99997,0.00001,0.00000,0.00002,0.00000
65.21000,1.98000,0.99985,0.00012,0.00000,0.00003,0.00001
65.41000,1.98000,0.99654,0.00323,0.00001,0.00013,0.00009
65.61000,1.98000,0.90053,0.09599,0.00009,0.00196,0.00143
65.81000,1.98000,0.09102,0.88067,0.00026,0.02247,0.00559
66.01000,1.98000,0.66462,0.32603,0.00027,0.00773,0.00136
66.21000,1.98000,0.98503,0.01419,0.00009,0.00046,0.00023
66.41000,1.98000,0.99911,0.00071,0.00005,0.00011,0.00001
66.61000,1.98000,0.99990,0.00005,0.00001,0.00002,0.00001
66.81000,1.98000,0.99993,0.00001,0.00001,0.00003,0.00002
67.01000,1.98000,0.99974,0.00000,0.00006,0.00013,0.00007
67.21000,1.98000,0.99940,0.00000,0.00011,0.00040,0.00008
67.41000,1.98000,0.99984,0.00000,0.00003,0.00010,0.00002
67.61000,1.98000,0.99988,0.00000,0.00001,0.00008,0.00002
67.81000,1.98000,0.99987,0.00000,0.00001,0.00008,0.00004
68.01000,1.98000,0.99994,0.00000,0.00000,0.00003,0.00002
68.21000,1.98000,0.99995,0.00000,0.00000,0.00002,0.00002
68.41000,1.98000,0.99993,0.00001,0.00000,0.00004,0.00002
68.61000,1.98000,0.99971,0.00020,0.00001,0.00007,0.00001
68.81000,1.98000,0.99790,0.00194,0.00001,0.00011,0.00004
69.01000,1.98000,0.94241,0.05328,0.00009,0.00322,0.00100
69.21000,1.98000,0.14611,0.80490,0.00038,0.04494,0.00367
69.41000,1.98000,0.72536,0.26630,0.00020,0.00735,0.00079
69.61000,1.98000,0.99476,0.00508,0.00002,0.00012,0.00002
69.81000,1.98000,0.99948,0.00029,0.00003,0.00019,0.00001
70.01000,1.98000,0.99986,0.00002,0.00002,0.00010,0.00000
70.21000,1.98000,0.99975,0.00000,0.00009,0.00015,0.00000
70.41000,1.98000,0.99998,0.00000,0.00001,0.00001,0.00000
70.61000,1.98000,0.99999,0.00000,0.00000,0.00001,0.00000
70.81000,1.98000,0.99999,0.00000,0.00000,0.00000,0.00000
71.01000,1.98000,0.99999,0.00000,0.00000,0.00000,0.00000
71.21000,1.98000,0.99999,0.00000,0.00000,0.00000,0.00000
71.41000,1.98000,0.99999,0.00000,0.00000,0.00001,0.00000
71.61000,1.98000,0.99998,0.00000,0.00000,0.00001,0.00000
71.81000,1.98000,0.99990,0.00005,0.00001,0.00003,0.00001
72.01000,1.98000,0.99954,0.00027,0.00001,0.00010,0.00008
72.21000,1.98000,0.99301,0.00597,0.00004,0.00061,0.00037
72.41000,1.98000,0.65346,0.33664,0.00014,0.00371,0.00605
72.61000,1.98000,0.42549,0.56346,0.00010,0.00272,0.00823
72.81000,1.98000,0.57341,0.41890,0.00044,0.00417,0.00308
73.01000,1.98000,0.90143,0.08490,0.00095,0.00997,0.00275
73.21000,1.98000,0.99246,0.00286,0.00032,0.00401,0.00034
73.41000,1.98000,0.99668,0.00041,0.00016,0.00246,0.00029
73.61000,1.98000,0.99958,0.00001,0.00003,0.00036,0.00002
73.81000,1.98000,0.99956,0.00000,0.00008,0.00034,0.00001
74.01000,1.98000,0.99989,0.00000,0.00003,0.00008,0.00000
74.21000,1.98000,0.99998,0.00000,0.00000,0.00001,0.00000
74.41000,1.98000,1.00000,0.00000,0.00000,0.00000,0.00000
74.61000,1.98000,0.99999,0.00000,0.00000,0.00001,0.00000
74.81000,1.98000,0.99998,0.00000,0.00000,0.00002,0.00000
75.01000,1.98000,0.99996,0.00000,0.00000,0.00004,0.00000
75.21000,1.98000,0.99989,0.00001,0.00000,0.00008,0.00001
75.41000,1.98000,0.99958,0.00021,0.00001,0.00017,0.00003
75.61000,1.98000,0.99733,0.00223,0.00001,0.00033,0.00010
75.81000,1.98000,0.90585,0.09289,0.00002,0.00083,0.00042
76.01000,1.98000,0.25840,0.73239,0.00005,0.00429,0.00487
76.21000,1.98000,0.20460,0.79321,0.00003,0.00125,0.00091
76.41000,1.98000,0.75763,0.23772,0.00066,0.00294,0.00104
76.61000,1.98000,0.97201,0.02698,0.00013,0.00073,0.00016
76.81000,1.98000,0.99827,0.00116,0.00009,0.00040,0.00008
77.01000,1.98000,0.99971,0.00013,0.00002,0.00012,0.00002
77.21000,1.98000,0.99969,0.00000,0.00007,0.00022,0.00001
77.41000,1.98000,0.99990,0.00000,0.00003,0.00007,0.00000
77.61000,1.98000,0.99998,0.00000,0.00001,0.00001,0.00000
77.81000,1.98000,0.99999,0.00000,0.00000,0.00001,0.00000
78.01000,1.98000,0.99999,0.00000,0.00000,0.00000,0.00000
78.21000,1.98000,0.99999,0.00000,0.00000,0.00000,0.00000
78.41000,1.98000,0.99999,0.00000,0.00000,0.00000,0.00000
78.61000,1.98000,0.99999,0.00000,0.00000,0.00001,0.00000
78.81000,1.98000,0.99999,0.00000,0.00000,0.00001,0.00000
79.01000,1.98000,0.99999,0.00000,0.00000,0.00001,0.00000
79.21000,1.98000,0.99998,0.00000,0.00000,0.00002,0.00000
79.41000,1.98000,0.99997,0.00000,0.00000,0.00002,0.00000
79.61000,1.98000,0.99989,0.00003,0.00001,0.00006,0.00001
79.81000,1.98000,0.99898,0.00084,0.00001,0.00013,0.00004
80.01000,1.98000,0.99577,0.00403,0.00001,0.00013,0.00006
80.21000,1.98000,0.98347,0.01581,0.00001,0.00050,0.00022
80.41000,1.98000,0.54633,0.44993,0.00007,0.00144,0.00223
80.61000,1.98000,0.41667,0.58044,0.00005,0.00090,0.00194
80.81000,1.98000,0.59997,0.39642,0.00075,0.00092,0.00194
81.01000,1.98000,0.95208,0.04646,0.00025,0.00071,0.00050
81.21000,1.98000,0.99390,0.00506,0.00017,0.00066,0.00021
81.41000,1.98000,0.99115,0.00117,0.00083,0.00615,0.00070
81.61000,1.98000,0.99834,0.00008,0.00026,0.00113,0.00019
81.81000,1.98000,0.99955,0.00000,0.00013,0.00030,0.00001
82.01000,1.98000,0.99990,0.00000,0.00005,0.00004,0.00001
82.21000,1.98000,0.99996,0.00000,0.00002,0.00002,0.00000
82.41000,1.98000,0.99999,0.00000,0.00000,0.00001,0.00000
82.61000,1.98000,0.99999,0.00000,0.00000,0.00000,0.00000
82.81000,1.98000,0.99999,0.00000,0.00000,0.00000,0.00000
83.01000,1.98000,1.00000,0.00000,0.00000,0.00000,0.00000
83.21000,1.98000,1.00000,0.00000,0.00000,0.00000,0.00000
83.41000,1.98000,1.00000,0.00000,0.00000,0.00000,0.00000
83.61000,1.98000,0.99999,0.00000,0.00000,0.00000,0.00000
83.81000,1.98000,0.99999,0.00000,0.00000,0.00001,0.00000
84.01000,1.98000,0.99990,0.00000,0.00000,0.00007,0.00002
84.21000,1.98000,0.99988,0.00003,0.00000,0.00007,0.00002
84.41000,1.98000,0.99932,0.00053,0.00000,0.00010,0.00004
84.61000,1.98000,0.99052,0.00931,0.00001,0.00009,0.00007
84.81000,1.98000,0.71557,0.28297,0.00004,0.00058,0.00084
85.01000,1.98000,0.30495,0.69448,0.00003,0.00013,0.00041
85.21000,1.98000,0.28654,0.71311,0.00004,0.00014,0.00018
85.41000,1.98000,0.88055,0.11842,0.00046,0.00034,0.00024
85.61000,1.98000,0.94540,0.05376,0.00028,0.00036,0.00020
85.81000,1.98000,0.99581,0.00365,0.00026,0.00022,0.00007
86.01000,1.98000,0.99960,0.00010,0.00020,0.00008,0.00002
86.21000,1.98000,0.99987,0.00001,0.00006,0.00005,0.00001
86.41000,1.98000,0.99981,0.00000,0.00012,0.00006,0.00001
86.61000,1.98000,0.99996,0.00000,0.00001,0.00003,0.00000
86.81000,1.98000,0.99999,0.00000,0.00000,0.00001,0.00000
87.01000,1.98000,1.00000,0.00000,0.00000,0.00000,0.00000
87.21000,1.98000,0.99999,0.00000,0.00000,0.00001,0.00000
87.41000,1.98000,0.99999,0.00000,0.00000,0.00000,0.00000
87.61000,1.98000,1.00000,0.00000,0.00000,0.00000,0.00000
87.81000,1.98000,0.99997,0.00000,0.00000,0.00002,0.00000
88.01000,1.98000,0.99991,0.00000,0.00000,0.00008,0.00001
88.21000,1.98000,0.99983,0.00002,0.00000,0.00012,0.00002
88.41000,1.98000,0.99950,0.00030,0.00000,0.00015,0.00004
88.61000,1.98000,0.99145,0.00816,0.00001,0.00026,0.00012
88.81000,1.98000,0.85555,0.14259,0.00003,0.00101,0.00082
89.01000,1.98000,0.62195,0.37646,0.00003,0.00027,0.00129
89.21000,1.98000,0.40309,0.59455,0.00006,0.00067,0.00162
89.41000,1.98000,0.75375,0.24126,0.00094,0.00225,0.00180
89.61000,1.98000,0.96109,0.03587,0.00052,0.00162,0.00091
89.81000,1.98000,0.99439,0.00444,0.00027,0.00060,0.00031
90.01000,1.98000,0.99951,0.00019,0.00011,0.00014,0.00006
90.21000,1.98000,0.99982,0.00001,0.00009,0.00006,0.00002
90.41000,1.98000,0.99992,0.00000,0.00005,0.00002,0.00001
90.61000,1.98000,0.99996,0.00000,0.00002,0.00002,0.00000
90.81000,1.98000,0.99999,0.00000,0.00000,0.00001,0.00000
91.01000,1.98000,0.99998,0.00000,0.00001,0.00001,0.00000
91.21000,1.98000,0.99999,0.00000,0.00000,0.00001,0.00000
91.41000,1.98000,0.99993,0.00000,0.00001,0.00005,0.00001
91.61000,1.98000,0.99988,0.00000,0.00001,0.00009,0.00001
91.81000,1.98000,0.99929,0.00003,0.00005,0.00055,0.00008
92.01000,1.98000,0.99980,0.00003,0.00001,0.00011,0.00005
92.21000,1.98000,0.99422,0.00438,0.00011,0.00109,0.00020
92.41000,1.98000,0.98164,0.01752,0.00003,0.00049,0.00032
92.61000,1.98000,0.80015,0.19635,0.00018,0.00158,0.00174
92.81000,1.98000,0.30915,0.67862,0.00035,0.00846,0.00342
93.01000,1.98000,0.67632,0.31910,0.00026,0.00364,0.00068
93.21000,1.98000,0.95672,0.04005,0.00049,0.00211,0.00064
93.41000,1.98000,0.99784,0.00143,0.00011,0.00055,0.00007
93.61000,1.98000,0.99939,0.00017,0.00012,0.00027,0.00004
93.81000,1.98000,0.99986,0.00001,0.00005,0.00008,0.00001
94.01000,1.98000,0.99989,0.00000,0.00006,0.00005,0.00000
94.21000,1.98000,0.99998,0.00000,0.00001,0.00002,0.00000
94.41000,1.98000,0.99997,0.00000,0.00001,0.00002,0.00000
94.61000,1.98000,0.99999,0.00000,0.00000,0.00001,0.00000
94.81000,1.98000,0.99999,0.00000,0.00000,0.00001,0.00000
95.01000,1.98000,0.99996,0.00000,0.00000,0.00004,0.00000
95.21000,1.98000,0.99983,0.00000,0.00000,0.00016,0.00001
95.41000,1.98000,0.99990,0.00000,0.00000,0.00009,0.00000
95.61000,1.98000,0.99980,0.00006,0.00000,0.00013,0.00001
95.81000,1.98000,0.99801,0.00165,0.00001,0.00025,0.00008
96.01000,1.98000,0.98249,0.01679,0.00003,0.00048,0.00021
96.21000,1.98000,0.45453,0.54202,0.00016,0.00189,0.00140
96.41000,1.98000,0.51225,0.48670,0.00004,0.00063,0.00038
96.61000,1.98000,0.44425,0.55434,0.00048,0.00077,0.00016
96.81000,1.98000,0.92542,0.07257,0.00100,0.00087,0.00013
97.01000,1.98000,0.97133,0.02591,0.00183,0.00085,0.00008
97.21000,1.98000,0.99835,0.00109,0.00041,0.00014,0.00001
97.41000,1.98000,0.99856,0.00009,0.00105,0.00030,0.00001
97.61000,1.98000,0.99970,0.00000,0.00021,0.00009,0.00000
97.81000,1.98000,0.99952,0.00000,0.00023,0.00025,0.00000
98.01000,1.98000,0.99991,0.00000,0.00004,0.00005,0.00000
98.21000,1.98000,0.99997,0.00000,0.00001,0.00002,0.00000
98.41000,1.98000,0.99998,0.00000,0.00001,0.00001,0.00000
98.61000,1.98000,0.99999,0.00000,0.00000,0.00000,0.00000
98.81000,1.98000,0.99997,0.00000,0.00001,0.00002,0.00000
99.01000,1.98000,0.99999,0.00000,0.00000,0.00001,0.00000
99.21000,1.98000,0.99998,0.00000,0.00000,0.00002,0.00000
99.41000,1.98000,0.99995,0.00000,0.00001,0.00003,0.00000
99.61000,1.98000,0.99995,0.00001,0.00000,0.00003,0.00001
99.81000,1.98000,0.99926,0.00055,0.00001,0.00015,0.00003
100.01000,1.98000,0.99331,0.00640,0.00001,0.00018,0.00009
100.21000,1.98000,0.88378,0.11537,0.00006,0.00055,0.00024
100.41000,1.98000,0.15295,0.84512,0.00005,0.00086,0.00102
100.61000,1.98000,0.18935,0.80895,0.00006,0.00105,0.00059
100.81000,1.98000,0.70554,0.29373,0.00013,0.00041,0.00019
101.01000,1.98000,0.98752,0.01128,0.00013,0.00090,0.00016
101.21000,1.98000,0.99829,0.00101,0.00012,0.00048,0.00010
101.41000,1.98000,0.99960,0.00006,0.00011,0.00020,0.00003
101.61000,1.98000,0.99982,0.00000,0.00006,0.00011,0.00001
101.81000,1.98000,0.99996,0.00000,0.00002,0.00002,0.00000
102.01000,1.98000,0.99999,0.00000,0.00000,0.00001,0.00000
102.21000,1.98000,0.99999,0.00000,0.00000,0.00000,0.00000
102.41000,1.98000,1.00000,0.00000,0.00000,0.00000,0.00000
102.61000,1.98000,0.99999,0.00000,0.00000,0.00000,0.00000
102.81000,1.98000,1.00000,0.00000,0.00000,0.00000,0.00000
103.01000,1.98000,1.00000,0.00000,0.00000,0.00000,0.00000
103.21000,1.98000,0.99998,0.00000,0.00000,0.00002,0.00000
103.41000,1.98000,0.99987,0.00000,0.00000,0.00011,0.00001
103.61000,1.98000,0.99990,0.00001,0.00000,0.00007,0.00001
103.81000,1.98000,0.99955,0.00030,0.00000,0.00012,0.00003
104.01000,1.98000,0.99508,0.00469,0.00000,0.00016,0.00007
104.21000,1.98000,0.82023,0.17880,0.00002,0.00059,0.00036
104.41000,1.98000,0.57912,0.42044,0.00001,0.00015,0.00028
104.61000,1.98000,0.27175,0.72762,0.00003,0.00035,0.00026
104.81000,1.98000,0.62078,0.37763,0.00020,0.00093,0.00047
105.01000,1.98000,0.96635,0.03322,0.00008,0.00029,0.00006
105.21000,1.98000,0.99371,0.00604,0.00005,0.00015,0.00004
105.41000,1.98000,0.99961,0.00029,0.00002,0.00007,0.00001
105.61000,1.98000,0.99982,0.00002,0.00005,0.00010,0.00001
105.81000,1.98000,0.99994,0.00000,0.00002,0.00004,0.00000
106.01000,1.98000,0.99998,0.00000,0.00000,0.00002,0.00000
106.21000,1.98000,0.99999,0.00000,0.00000,0.00000,0.00000
106.41000,1.98000,1.00000,0.00000,0.00000,0.00000,0.00000
106.61000,1.98000,0.99998,0.00000,0.00000,0.00002,0.00000
106.81000,1.98000,0.99998,0.00000,0.00000,0.00001,0.00000
107.01000,1.98000,0.99992,0.00003,0.00000,0.00004,0.00001
107.21000,1.98000,0.99942,0.00050,0.00000,0.00006,0.00002
107.41000,1.98000,0.99346,0.00639,0.00000,0.00011,0.00005
107.61000,1.98000,0.91049,0.08915,0.00001,0.00018,0.00016
107.81000,1.98000,0.30257,0.69668,0.00001,0.00027,0.00047
108.01000,1.98000,0.20134,0.79830,0.00001,0.00016,0.00019
108.21000,1.98000,0.67539,0.32338,0.00012,0.00083,0.00028
108.41000,1.98000,0.97251,0.02670,0.00012,0.00050,0.00016
108.61000,1.98000,0.99708,0.00252,0.00007,0.00026,0.00007
108.81000,1.98000,0.99956,0.00027,0.00002,0.00012,0.00003
109.01000,1.98000,0.99961,0.00001,0.00009,0.00026,0.00003
109.21000,1.98000,0.99994,0.00000,0.00001,0.00004,0.00000
109.41000,1.98000,0.99997,0.00000,0.00001,0.00002,0.00000
109.61000,1.98000,0.99999,0.00000,0.00000,0.00001,0.00000
109.81000,1.98000,0.99999,0.00000,0.00000,0.00000,0.00000
110.01000,1.98000,1.00000,0.00000,0.00000,0.00000,0.00000
110.21000,1.98000,0.99998,0.00000,0.00000,0.00001,0.00000
110.41000,1.98000,0.99994,0.00000,0.00000,0.00005,0.00001
110.61000,1.98000,0.99981,0.00002,0.00000,0.00014,0.00003
110.81000,1.98000,0.99960,0.00013,0.00000,0.00022,0.00005
111.01000,1.98000,0.99725,0.00250,0.00000,0.00017,0.00008
111.21000,1.98000,0.90486,0.09262,0.00004,0.00130,0.00118
111.41000,1.98000,0.32731,0.65855,0.00015,0.00753,0.00646
111.61000,1.98000,0.34927,0.64144,0.00019,0.00700,0.00209
111.81000,1.98000,0.91513,0.07850,0.00134,0.00355,0.00148
112.01000,1.98000,0.99245,0.00644,0.00016,0.00076,0.00019
112.21000,1.98000,0.99920,0.00034,0.00012,0.00024,0.00010
112.41000,1.98000,0.99939,0.00004,0.00017,0.00034,0.00005
112.61000,1.98000,0.99970,0.00000,0.00017,0.00010,0.00003
112.81000,1.98000,0.99994,0.00000,0.00004,0.00002,0.00001
113.01000,1.98000,0.99999,0.00000,0.00000,0.00000,0.00000
113.21000,1.98000,0.99999,0.00000,0.00000,0.00001,0.00000
113.41000,1.98000,0.99999,0.00000,0.00000,0.00001,0.00000
113.61000,1.98000,0.99997,0.00000,0.00000,0.00002,0.00001
113.81000,1.98000,0.99995,0.00000,0.00000,0.00003,0.00002
114.01000,1.98000,0.99993,0.00000,0.00000,0.00003,0.00003
114.21000,1.98000,0.99986,0.00005,0.00000,0.00004,0.00005
114.41000,1.98000,0.99918,0.00055,0.00000,0.00009,0.00018
114.61000,1.98000,0.98619,0.01343,0.00001,0.00021,0.00016
114.81000,1.98000,0.78968,0.20811,0.00003,0.00134,0.00084
115.01000,1.98000,0.05965,0.93418,0.00012,0.00490,0.00115
115.21000,1.98000,0.56034,0.43763,0.00005,0.00167,0.00031
115.41000,1.98000,0.97820,0.02090,0.00018,0.00059,0.00012
115.61000,1.98000,0.99888,0.00092,0.00002,0.00017,0.00002
115.81000,1.98000,0.99971,0.00009,0.00003,0.00015,0.00001
116.01000,1.98000,0.99978,0.00000,0.00007,0.00014,0.00000
116.21000,1.98000,0.99996,0.00000,0.00003,0.00002,0.00000
116.41000,1.98000,1.00000,0.00000,0.00000,0.00000,0.00000
116.61000,1.98000,0.99995,0.00000,0.00002,0.00004,0.00000
116.81000,1.98000,0.99962,0.00000,0.00011,0.00026,0.00001
117.01000,1.98000,0.99928,0.00000,0.00016,0.00056,0.00001
117.21000,1.98000,0.99962,0.00000,0.00010,0.00027,0.00001
117.41000,1.98000,0.99913,0.00000,0.00021,0.00065,0.00001
117.61000,1.98000,0.99947,0.00000,0.00016,0.00037,0.00001
117.81000,1.98000,0.99985,0.00000,0.00003,0.00011,0.00000
118.01000,1.98000,0.99990,0.00000,0.00005,0.00004,0.00000
118.21000,1.98000,0.99999,0.00000,0.00000,0.00001,0.00000
118.41000,1.98000,0.99999,0.00000,0.00000,0.00001,0.00000
118.61000,1.98000,0.99999,0.00000,0.00000,0.00001,0.00000
118.81000,1.98000,0.99999,0.00000,0.00000,0.00001,0.00000
119.01000,1.98000,0.99999,0.00000,0.00000,0.00001,0.00000
119.21000,1.98000,0.99999,0.00000,0.00000,0.00001,0.00000
119.41000,1.98000,0.99997,0.00002,0.00000,0.00001,0.00000
119.61000,1.98000,0.99950,0.00044,0.00000,0.00004,0.00002
119.81000,1.98000,0.96969,0.03014,0.00001,0.00009,0.00007
120.01000,1.98000,0.72982,0.26904,0.00006,0.00054,0.00053
120.21000,1.98000,0.14571,0.85326,0.00003,0.00035,0.00064
120.41000,1.98000,0.73870,0.26085,0.00003,0.00027,0.00015
120.61000,1.98000,0.97514,0.02461,0.00007,0.00010,0.00007
120.81000,1.98000,0.99909,0.00084,0.00002,0.00005,0.00001
121.01000,1.98000,0.99892,0.00092,0.00003,0.00007,0.00006
121.21000,1.98000,0.99967,0.00018,0.00009,0.00004,0.00002
121.41000,1.98000,0.99958,0.00035,0.00003,0.00002,0.00002
121.61000,1.98000,0.99903,0.00074,0.00010,0.00005,0.00009
121.81000,1.98000,0.98755,0.00817,0.00088,0.00230,0.00110
122.01000,1.98000,0.96219,0.02598,0.00331,0.00771,0.00080
122.21000,1.98000,0.98335,0.01148,0.00113,0.00309,0.00096
122.41000,1.98000,0.97348,0.02068,0.00204,0.00312,0.00068
122.61000,1.98000,0.99953,0.00030,0.00006,0.00008,0.00003
122.81000,1.98000,0.99990,0.00002,0.00003,0.00004,0.00001
123.01000,1.98000,0.99996,0.00000,0.00001,0.00003,0.00000
123.21000,1.98000,0.99996,0.00000,0.00001,0.00003,0.00000
123.41000,1.98000,0.99999,0.00000,0.00000,0.00000,0.00000
123.61000,1.98000,0.99999,0.00000,0.00000,0.00000,0.00000
123.81000,1.98000,0.99996,0.00000,0.00001,0.00001,0.00001
124.01000,1.98000,0.99985,0.00006,0.00001,0.00004,0.00003
124.21000,1.98000,0.99837,0.00088,0.00009,0.00041,0.00026
124.41000,1.98000,0.98269,0.01650,0.00005,0.00040,0.00036
124.61000,1.98000,0.32381,0.65802,0.00093,0.00709,0.01016
124.81000,1.98000,0.26189,0.72682,0.00038,0.00693,0.00398
125.01000,1.98000,0.75970,0.23569,0.00100,0.00294,0.00068
125.21000,1.98000,0.96047,0.03024,0.00096,0.00759,0.00074
125.41000,1.98000,0.99562,0.00080,0.00057,0.00282,0.00017
125.61000,1.98000,0.99934,0.00003,0.00011,0.00048,0.00003
125.81000,1.98000,0.99972,0.00001,0.00004,0.00021,0.00002
126.01000,1.98000,0.99963,0.00001,0.00007,0.00027,0.00002
126.21000,1.98000,0.99977,0.00000,0.00009,0.00012,0.00001
126.41000,1.98000,0.99991,0.00000,0.00006,0.00003,0.00000
126.61000,1.98000,0.99860,0.00001,0.00093,0.00041,0.00005
126.81000,1.98000,0.99836,0.00023,0.00072,0.00058,0.00011
127.01000,1.98000,0.99900,0.00017,0.00015,0.00037,0.00031
127.21000,1.98000,0.99349,0.00313,0.00042,0.00186,0.00111
127.41000,1.98000,0.99531,0.00306,0.00019,0.00112,0.00031
127.61000,1.98000,0.99361,0.00564,0.00016,0.00043,0.00016
127.81000,1.98000,0.98098,0.01796,0.00007,0.00064,0.00036
128.00999,1.98001,0.93428,0.06549,0.00001,0.00009,0.00013
128.21001,1.98000,0.77195,0.22542,0.00003,0.00161,0.00100
128.41000,1.98000,0.23641,0.71445,0.00025,0.04016,0.00872
128.61000,1.98000,0.72388,0.25737,0.00026,0.01596,0.00254
128.81000,1.98000,0.93268,0.03696,0.00133,0.02753,0.00150
129.00999,1.98001,0.99472,0.00119,0.00030,0.00357,0.00022
129.21001,1.98000,0.99949,0.00007,0.00009,0.00033,0.00002
129.41000,1.98000,0.99977,0.00001,0.00003,0.00018,0.00001
129.61000,1.98000,0.99992,0.00000,0.00002,0.00005,0.00000
129.81000,1.98000,0.99996,0.00000,0.00001,0.00003,0.00000
130.00999,1.98001,0.99999,0.00000,0.00000,0.00001,0.00000
130.21001,1.98000,1.00000,0.00000,0.00000,0.00000,0.00000
130.41000,1.98000,1.00000,0.00000,0.00000,0.00000,0.00000
130.61000,1.98000,1.00000,0.00000,0.00000,0.00000,0.00000
130.81000,1.98000,0.99999,0.00000,0.00000,0.00001,0.00000
131.00999,1.98001,0.99999,0.00000,0.00000,0.00001,0.00000
131.21001,1.98000,0.99998,0.00000,0.00000,0.00001,0.00000
131.41000,1.98000,0.99971,0.00023,0.00000,0.00004,0.00002
131.61000,1.98000,0.99179,0.00785,0.00001,0.00021,0.00014
131.81000,1.98000,0.67468,0.31556,0.00006,0.00545,0.00425
132.00999,1.98001,0.18265,0.80080,0.00013,0.01197,0.00445
132.21001,1.98000,0.87230,0.12540,0.00003,0.00142,0.00084
132.41000,1.98000,0.99413,0.00549,0.00003,0.00027,0.00007
132.61000,1.98000,0.99964,0.00021,0.00001,0.00013,0.00002
132.81000,1.98000,0.99953,0.00003,0.00005,0.00035,0.00004
133.00999,1.98001,0.99987,0.00000,0.00002,0.00010,0.00001
133.21001,1.98000,0.99998,0.00000,0.00001,0.00001,0.00000
133.41000,1.98000,0.99999,0.00000,0.00000,0.00001,0.00000
133.61000,1.98000,0.99999,0.00000,0.00000,0.00000,0.00000
133.81000,1.98000,0.99999,0.00000,0.00000,0.00000,0.00000
134.00999,1.98001,1.00000,0.00000,0.00000,0.00000,0.00000
134.21001,1.98000,1.00000,0.00000,0.00000,0.00000,0.00000
134.41000,1.98000,1.00000,0.00000,0.00000,0.00000,0.00000
134.61000,1.98000,1.00000,0.00000,0.00000,0.00000,0.00000
134.81000,1.98000,0.99999,0.00000,0.00000,0.00001,0.00000
135.00999,1.98001,0.99998,0.00000,0.00000,0.00002,0.00000
135.21001,1.98000,0.99985,0.00000,0.00000,0.00011,0.00003
135.41000,1.98000,0.99946,0.00014,0.00000,0.00031,0.00008
135.61000,1.98000,0.99853,0.00102,0.00000,0.00032,0.00013
135.81000,1.98000,0.96488,0.03381,0.00001,0.00079,0.00051
136.00999,1.98001,0.43972,0.54952,0.00004,0.00399,0.00673
136.21001,1.98000,0.15447,0.83772,0.00003,0.00514,0.00263
136.41000,1.98000,0.62048,0.37248,0.00036,0.00434,0.00234
136.61000,1.98000,0.96383,0.03310,0.00020,0.00237,0.00050
136.81000,1.98000,0.99817,0.00095,0.00012,0.00066,0.00011
137.00999,1.98001,0.99954,0.00011,0.00005,0.00028,0.00003
137.21001,1.98000,0.99992,0.00001,0.00002,0.00005,0.00000
137.41000,1.98000,0.99994,0.00000,0.00002,0.00004,0.00000
137.61000,1.98000,0.99999,0.00000,0.00000,0.00000,0.00000
137.81000,1.98000,0.99999,0.00000,0.00000,0.00001,0.00000
138.00999,1.98001,0.99999,0.00000,0.00000,0.00001,0.00000
138.21001,1.98000,0.99993,0.00001,0.00000,0.00004,0.00001
138.41000,1.98000,0.99955,0.00027,0.00001,0.00013,0.00005
138.61000,1.98000,0.99620,0.00312,0.00001,0.00046,0.00022
138.81000,1.98000,0.91716,0.08060,0.00003,0.00083,0.00138
139.00999,1.98001,0.12626,0.84038,0.00014,0.02077,0.01244
139.21001,1.98000,0.43432,0.55857,0.00011,0.00442,0.00257
139.41000,1.98000,0.93819,0.05336,0.00044,0.00650,0.00152
139.61000,1.98000,0.99418,0.00324,0.00010,0.00224,0.00024
139.81000,1.98000,0.99700,0.00037,0.00011,0.00230,0.00022
140.00999,1.98001,0.99930,0.00001,0.00008,0.00056,0.00004
140.21001,1.98000,0.99982,0.00000,0.00004,0.00013,0.00001
140.41000,1.98000,0.99996,0.00000,0.00001,0.00003,0.00000
140.61000,1.98000,0.99999,0.00000,0.00000,0.00001,0.00000
140.81000,1.98000,1.00000,0.00000,0.00000,0.00000,0.00000
141.00999,1.98001,1.00000,0.00000,0.00000,0.00000,0.00000
141.21001,1.98000,0.99997,0.00000,0.00000,0.00003,0.00000
141.41000,1.98000,0.99991,0.00000,0.00000,0.00007,0.00001
141.61000,1.98000,0.99990,0.00002,0.00000,0.00006,0.00001
141.81000,1.98000,0.99961,0.00021,0.00000,0.00013,0.00005
142.00999,1.98001,0.98713,0.01230,0.00001,0.00035,0.00021
142.21001,1.98000,0.73891,0.25673,0.00002,0.00230,0.00203
142.41000,1.98000,0.29418,0.70160,0.00001,0.00198,0.00223
142.61000,1.98000,0.45260,0.54333,0.00008,0.00253,0.00147
142.81000,1.98000,0.97773,0.02147,0.00007,0.00045,0.00028
143.00999,1.98001,0.99553,0.00391,0.00007,0.00040,0.00009
143.21001,1.98000,0.99954,0.00036,0.00001,0.00007,0.00002
143.41000,1.98000,0.99981,0.00001,0.00003,0.00013,0.00001
143.61000,1.98000,0.99994,0.00000,0.00001,0.00004,0.00000
143.81000,1.98000,0.99997,0.00000,0.00001,0.00002,0.00000
144.00999,1.98001,0.99999,0.00000,0.00000,0.00001,0.00000
144.21001,1.98000,0.99999,0.00000,0.00000,0.00000,0.00000
144.41000,1.98000,0.99999,0.00000,0.00000,0.00000,0.00000
144.61000,1.98000,1.00000,0.00000,0.00000,0.00000,0.00000
144.81000,1.98000,0.99999,0.00000,0.00000,0.00001,0.00000
145.00999,1.98001,0.99997,0.00000,0.00000,0.00002,0.00001
145.21001,1.98000,0.99996,0.00000,0.00000,0.00002,0.00001
145.41000,1.98000,0.99964,0.00023,0.00000,0.00009,0.00003
145.61000,1.98000,0.99570,0.00368,0.00001,0.00036,0.00025
145.81000,1.98000,0.93959,0.05903,0.00002,0.00056,0.00081
146.00999,1.98001,0.12321,0.86529,0.00005,0.00495,0.00650
146.21001,1.98000,0.14369,0.85220,0.00004,0.00224,0.00184
146.41000,1.98000,0.85991,0.13786,0.00021,0.00134,0.00069
146.61000,1.98000,0.99559,0.00372,0.00005,0.00046,0.00018
146.81000,1.98000,0.99896,0.00042,0.00005,0.00047,0.00010
147.00999,1.98001,0.99979,0.00003,0.00002,0.00012,0.00004
147.21001,1.98000,0.99986,0.00000,0.00003,0.00010,0.00001
147.41000,1.98000,0.99998,0.00000,0.00001,0.00001,0.00000
147.61000,1.98000,0.99999,0.00000,0.00000,0.00000,0.00000
147.81000,1.98000,0.99999,0.00000,0.00000,0.00000,0.00000
148.00999,1.98001,1.00000,0.00000,0.00000,0.00000,0.00000
148.21001,1.98000,1.00000,0.00000,0.00000,0.00000,0.00000
148.41000,1.98000,1.00000,0.00000,0.00000,0.00000,0.00000
148.61000,1.98000,1.00000,0.00000,0.00000,0.00000,0.00000
148.81000,1.98000,1.00000,0.00000,0.00000,0.00000,0.00000
149.00999,1.98001,0.99999,0.00000,0.00000,0.00000,0.00000
149.21001,1.98000,1.00000,0.00000,0.00000,0.00000,0.00000
149.41000,1.98000,0.99999,0.00000,0.00000,0.00000,0.00000
149.61000,1.98000,1.00000,0.00000,0.00000,0.00000,0.00000
149.81000,1.98000,0.99999,0.00000,0.00000,0.00000,0.00000
150.00999,1.98001,0.99999,0.00000,0.00000,0.00000,0.00000
150.21001,1.98000,0.99999,0.00000,0.00000,0.00000,0.00000
150.41000,1.98000,1.00000,0.00000,0.00000,0.00000,0.00000
150.61000,1.98000,0.99999,0.00000,0.00000,0.00000,0.00000
150.81000,1.98000,0.99999,0.00000,0.00000,0.00000,0.00000
151.00999,1.98001,0.99999,0.00000,0.00000,0.00000,0.00000
151.21001,1.98000,1.00000,0.00000,0.00000,0.00000,0.00000
151.41000,1.98000,1.00000,0.00000,0.00000,0.00000,0.00000
151.61000,1.98000,0.99999,0.00000,0.00000,0.00001,0.00000
151.81000,1.98000,0.99996,0.00000,0.00000,0.00003,0.00001
152.00999,1.98001,0.99988,0.00001,0.00000,0.00008,0.00002
152.21001,1.98000,0.99952,0.00025,0.00000,0.00018,0.00005
152.41000,1.98000,0.99596,0.00327,0.00001,0.00052,0.00024
152.61000,1.98000,0.89709,0.09218,0.00007,0.00676,0.00391
152.81000,1.98000,0.09909,0.84533,0.00049,0.04404,0.01106
153.00999,1.98001,0.68618,0.30458,0.00010,0.00770,0.00145
153.21001,1.98000,0.98923,0.00871,0.00027,0.00137,0.00043
153.41000,1.98000,0.99846,0.00078,0.00007,0.00058,0.00010
153.61000,1.98000,0.99949,0.00007,0.00004,0.00033,0.00007
153.81000,1.98000,0.99986,0.00001,0.00002,0.00010,0.00001
154.00999,1.98001,0.99996,0.00000,0.00002,0.00002,0.00000
154.21001,1.98000,0.99998,0.00000,0.00001,0.00001,0.00000
154.41000,1.98000,0.99999,0.00000,0.00000,0.00000,0.00000
154.61000,1.98000,0.99999,0.00000,0.00000,0.00000,0.00000
154.81000,1.98000,0.99999,0.00000,0.00000,0.00000,0.00000
155.00999,1.98001,1.00000,0.00000,0.00000,0.00000,0.00000
155.21001,1.98000,0.99999,0.00000,0.00000,0.00000,0.00000
155.41000,1.98000,1.00000,0.00000,0.00000,0.00000,0.00000
155.61000,1.98000,1.00000,0.00000,0.00000,0.00000,0.00000
155.81000,1.98000,1.00000,0.00000,0.00000,0.00000,0.00000
156.00999,1.98001,1.00000,0.00000,0.00000,0.00000,0.00000
156.21001,1.98000,1.00000,0.00000,0.00000,0.00000,0.00000
156.41000,1.98000,0.99998,0.00000,0.00000,0.00002,0.00000
156.61000,1.98000,0.99994,0.00000,0.00000,0.00005,0.00001
156.81000,1.98000,0.99990,0.00003,0.00000,0.00005,0.00002
157.00999,1.98001,0.99960,0.00021,0.00000,0.00014,0.00005
157.21001,1.98000,0.99371,0.00567,0.00001,0.00040,0.00022
157.41000,1.98000,0.60198,0.37297,0.00015,0.01768,0.00721
157.61000,1.98000,0.24314,0.73116,0.00010,0.02123,0.00438
157.81000,1.98000,0.90507,0.09237,0.00003,0.00191,0.00062
158.00999,1.98001,0.99668,0.00239,0.00006,0.00072,0.00015
158.21001,1.98000,0.99948,0.00022,0.00003,0.00022,0.00005
158.41000,1.98000,0.99983,0.00002,0.00002,0.00011,0.00002
158.61000,1.98000,0.99993,0.00000,0.00001,0.00006,0.00001
158.81000,1.98000,0.99996,0.00000,0.00001,0.00003,0.00000
159.00999,1.98001,0.99999,0.00000,0.00000,0.00001,0.00000
159.21001,1.98000,0.99999,0.00000,0.00000,0.00000,0.00000
159.41000,1.98000,1.00000,0.00000,0.00000,0.00000,0.00000
159.61000,1.98000,0.99999,0.00000,0.00000,0.00001,0.00000
159.81000,1.98000,0.99998,0.00000,0.00000,0.00001,0.00000
160.00999,1.98001,0.99996,0.00001,0.00000,0.00002,0.00001
160.21001,1.98000,0.99971,0.00022,0.00000,0.00005,0.00002
160.41000,1.98000,0.99591,0.00379,0.00001,0.00021,0.00009
160.61000,1.98000,0.95182,0.04764,0.00001,0.00023,0.00031
160.81000,1.98000,0.22498,0.77186,0.00006,0.00156,0.00153
161.00999,1.98001,0.46252,0.53660,0.00002,0.00039,0.00047
161.21001,1.98000,0.89873,0.10005,0.00029,0.00060,0.00032
161.41000,1.98000,0.98821,0.01131,0.00009,0.00030,0.00009
161.61000,1.98000,0.99896,0.00082,0.00005,0.00014,0.00003
161.81000,1.98000,0.99988,0.00004,0.00002,0.00005,0.00001
162.00999,1.98001,0.99984,0.00000,0.00008,0.00006,0.00001
162.21001,1.98000,0.99997,0.00000,0.00001,0.00002,0.00000
162.41000,1.98000,0.99999,0.00000,0.00000,0.00001,0.00000
162.61000,1.98000,0.99999,0.00000,0.00000,0.00001,0.00000
162.81000,1.98000,0.99999,0.00000,0.00000,0.00000,0.00000
163.00999,1.98001,0.99999,0.00000,0.00000,0.00000,0.00000
163.21001,1.98000,0.99999,0.00000,0.00000,0.00000,0.00000
163.41000,1.98000,0.99998,0.00000,0.00000,0.00002,0.00000
163.61000,1.98000,0.99992,0.00000,0.00000,0.00007,0.00001
163.81000,1.98000,0.99982,0.00003,0.00000,0.00013,0.00003
164.00999,1.98001,0.99938,0.00034,0.00000,0.00018,0.00009
164.21001,1.98000,0.99874,0.00098,0.00000,0.00019,0.00009
164.41000,1.98000,0.94284,0.05472,0.00002,0.00154,0.00089
164.61000,1.98000,0.31367,0.68308,0.00002,0.00134,0.00190
164.81000,1.98000,0.20115,0.79554,0.00001,0.00156,0.00173
165.00999,1.98001,0.42156,0.57331,0.00035,0.00368,0.00110
165.21001,1.98000,0.94203,0.05561,0.00017,0.00190,0.00029
165.41000,1.98000,0.99303,0.00617,0.00007,0.00064,0.00009
165.61000,1.98000,0.99934,0.00019,0.00004,0.00041,0.00002
165.81000,1.98000,0.99901,0.00001,0.00014,0.00082,0.00002
166.00999,1.98001,0.99984,0.00000,0.00004,0.00011,0.00000
166.21001,1.98000,0.99996,0.00000,0.00001,0.00003,0.00000
166.41000,1.98000,0.99999,0.00000,0.00000,0.00001,0.00000
166.61000,1.98000,0.99999,0.00000,0.00000,0.00001,0.00000
166.81000,1.98000,1.00000,0.00000,0.00000,0.00000,0.00000
167.00999,1.98001,0.99998,0.00000,0.00000,0.00002,0.00000
167.21001,1.98000,0.99996,0.00000,0.00000,0.00003,0.00001
167.41000,1.98000,0.99992,0.00001,0.00000,0.00006,0.00001
167.61000,1.98000,0.99946,0.00035,0.00001,0.00013,0.00005
167.81000,1.98000,0.99805,0.00170,0.00000,0.00017,0.00008
168.00999,1.98001,0.96149,0.03748,0.00001,0.00056,0.00046
168.21001,1.98000,0.14854,0.84624,0.00003,0.00274,0.00245
168.41000,1.98000,0.24231,0.75532,0.00002,0.00131,0.00105
168.61000,1.98000,0.68379,0.31435,0.00023,0.00119,0.00044
168.81000,1.98000,0.97213,0.02682,0.00007,0.00081,0.00017
169.00999,1.98001,0.99723,0.00213,0.00006,0.00052,0.00007
169.21001,1.98000,0.99985,0.00008,0.00001,0.00005,0.00001
169.41000,1.98000,0.99973,0.00000,0.00004,0.00022,0.00001
169.61000,1.98000,0.99994,0.00000,0.00001,0.00004,0.00000
169.81000,1.98000,0.99999,0.00000,0.00000,0.00001,0.00000
170.00999,1.98001,0.99999,0.00000,0.00000,0.00000,0.00000
170.21001,1.98000,1.00000,0.00000,0.00000,0.00000,0.00000
170.41000,1.98000,0.99999,0.00000,0.00000,0.00001,0.00000
170.61000,1.98000,0.99997,0.00000,0.00000,0.00002,0.00000
170.81000,1.98000,0.99986,0.00002,0.00000,0.00010,0.00002
171.00999,1.98001,0.99942,0.00045,0.00000,0.00009,0.00004
171.21001,1.98000,0.99598,0.00359,0.00001,0.00028,0.00015
171.41000,1.98000,0.93363,0.06557,0.00001,0.00043,0.00037
171.61000,1.98000,0.33755,0.66139,0.00001,0.00041,0.00063
171.81000,1.98000,0.29906,0.70055,0.00001,0.00012,0.00026
172.00999,1.98001,0.26103,0.73720,0.00017,0.00113,0.00047
172.21001,1.98000,0.75985,0.23902,0.00012,0.00071,0.00030
172.41000,1.98000,0.97774,0.02089,0.00016,0.00099,0.00022
172.61000,1.98000,0.99787,0.00161,0.00009,0.00038,0.00004
172.81000,1.98000,0.99916,0.00012,0.00010,0.00060,0.00002
173.00999,1.98001,0.99976,0.00000,0.00009,0.00015,0.00000
173.21001,1.98000,0.99994,0.00000,0.00002,0.00004,0.00000
173.41000,1.98000,0.99999,0.00000,0.00000,0.00001,0.00000
173.61000,1.98000,0.99999,0.00000,0.00000,0.00001,0.00000
173.81000,1.98000,0.99999,0.00000,0.00000,0.00001,0.00000
174.00999,1.98001,1.00000,0.00000,0.00000,0.00000,0.00000
174.21001,1.98000,0.99998,0.00000,0.00000,0.00002,0.00000
174.41000,1.98000,0.99995,0.00000,0.00000,0.00005,0.00000
174.61000,1.98000,0.99987,0.00003,0.00000,0.00009,0.00001
174.81000,1.98000,0.99965,0.00026,0.00000,0.00007,0.00001
175.00999,1.98001,0.99445,0.00542,0.00000,0.00009,0.00004
175.21001,1.98000,0.95301,0.04669,0.00001,0.00016,0.00014
175.41000,1.98000,0.28873,0.71081,0.00001,0.00015,0.00030
175.61000,1.98000,0.41313,0.58665,0.00000,0.00005,0.00017
175.81000,1.98000,0.44422,0.55559,0.00004,0.00006,0.00009
176.00999,1.98001,0.58617,0.41336,0.00009,0.00027,0.00010
176.21001,1.98000,0.88634,0.11332,0.00011,0.00018,0.00005
176.41000,1.98000,0.99612,0.00375,0.00006,0.00006,0.00001
176.61000,1.98000,0.99760,0.00165,0.00028,0.00042,0.00004
176.81000,1.98000,0.99863,0.00045,0.00016,0.00070,0.00006
177.00999,1.98001,0.99965,0.00003,0.00009,0.00022,0.00000
177.21001,1.98000,0.99987,0.00001,0.00001,0.00011,0.00000
177.41000,1.98000,0.99920,0.00001,0.00009,0.00070,0.00000
177.61000,1.98000,0.99912,0.00001,0.00004,0.00082,0.00000
177.81000,1.98000,0.99986,0.00000,0.00001,0.00012,0.00000
