Time (seconds), Duration (seconds),pred_unlabelled,pred_circle,pred_shaking
0.01000,1.98000,1.00000,0.00000,0.00000
0.21000,1.98000,1.00000,0.00000,0.00000
0.41000,1.98000,1.00000,0.00000,0.00000
0.61000,1.98000,1.00000,0.00000,0.00000
0.81000,1.98000,1.00000,0.00000,0.00000
1.01000,1.98000,1.00000,0.00000,0.00000
1.21000,1.98000,1.00000,0.00000,0.00000
1.41000,1.98000,1.00000,0.00000,0.00000
1.61000,1.98000,1.00000,0.00000,0.00000
1.81000,1.98000,1.00000,0.00000,0.00000
2.01000,1.98000,1.00000,0.00000,0.00000
2.21000,1.98000,1.00000,0.00000,0.00000
2.41000,1.98000,1.00000,0.00000,0.00000
2.61000,1.98000,1.00000,0.00000,0.00000
2.81000,1.98000,1.00000,0.00000,0.00000
3.01000,1.98000,1.00000,0.00000,0.00000
3.21000,1.98000,1.00000,0.00000,0.00000
3.41000,1.98000,1.00000,0.00000,0.00000
3.61000,1.98000,1.00000,0.00000,0.00000
3.81000,1.98000,1.00000,0.00000,0.00000
4.01000,1.98000,1.00000,0.00000,0.00000
4.21000,1.98000,1.00000,0.00000,0.00000
4.41000,1.98000,1.00000,0.00000,0.00000
4.61000,1.98000,1.00000,0.00000,0.00000
4.81000,1.98000,1.00000,0.00000,0.00000
5.01000,1.98000,1.00000,0.00000,0.00000
5.21000,1.98000,1.00000,0.00000,0.00000
5.41000,1.98000,1.00000,0.00000,0.00000
5.61000,1.98000,1.00000,0.00000,0.00000
5.81000,1.98000,1.00000,0.00000,0.00000
6.01000,1.98000,1.00000,0.00000,0.00000
6.21000,1.98000,1.00000,0.00000,0.00000
6.41000,1.98000,1.00000,0.00000,0.00000
6.61000,1.98000,1.00000,0.00000,0.00000
6.81000,1.98000,1.00000,0.00000,0.00000
7.01000,1.98000,1.00000,0.00000,0.00000
7.21000,1.98000,1.00000,0.00000,0.00000
7.41000,1.98000,1.00000,0.00000,0.00000
7.61000,1.98000,1.00000,0.00000,0.00000
7.81000,1.98000,1.00000,0.00000,0.00000
8.01000,1.98000,1.00000,0.00000,0.00000
8.21000,1.98000,1.00000,0.00000,0.00000
8.41000,1.98000,1.00000,0.00000,0.00000
8.61000,1.98000,1.00000,0.00000,0.00000
8.81000,1.98000,1.00000,0.00000,0.00000
9.01000,1.98000,1.00000,0.00000,0.00000
9.21000,1.98000,1.00000,0.00000,0.00000
9.41000,1.98000,1.00000,0.00000,0.00000
9.61000,1.98000,1.00000,0.00000,0.00000
9.81000,1.98000,1.00000,0.00000,0.00000
10.01000,1.98000,1.00000,0.00000,0.00000
10.21000,1.98000,1.00000,0.00000,0.00000
10.41000,1.98000,1.00000,0.00000,0.00000
10.61000,1.98000,1.00000,0.00000,0.00000
10.81000,1.98000,1.00000,0.00000,0.00000
11.01000,1.98000,1.00000,0.00000,0.00000
11.21000,1.98000,1.00000,0.00000,0.00000
11.41000,1.98000,1.00000,0.00000,0.00000
11.61000,1.98000,1.00000,0.00000,0.00000
11.81000,1.98000,0.99999,0.00001,0.00000
12.01000,1.98000,0.99998,0.00002,0.00000
12.21000,1.98000,0.99998,0.00002,0.00000
12.41000,1.98000,0.99997,0.00003,0.00000
12.61000,1.98000,0.99998,0.00002,0.00000
12.81000,1.98000,0.99998,0.00002,0.00000
13.01000,1.98000,0.99998,0.00002,0.00000
13.21000,1.98000,0.99998,0.00001,0.00000
13.41000,1.98000,0.99999,0.00001,0.00000
13.61000,1.98000,0.99998,0.00002,0.00000
13.81000,1.98000,1.00000,0.00000,0.00000
14.01000,1.98000,1.00000,0.00000,0.00000
14.21000,1.98000,1.00000,0.00000,0.00000
14.41000,1.98000,1.00000,0.00000,0.00000
14.61000,1.98000,1.00000,0.00000,0.00000
14.81000,1.98000,1.00000,0.00000,0.00000
15.01000,1.98000,1.00000,0.00000,0.00000
15.21000,1.98000,1.00000,0.00000,0.00000
15.41000,1.98000,1.00000,0.00000,0.00000
15.61000,1.98000,1.00000,0.00000,0.00000
15.81000,1.98000,1.00000,0.00000,0.00000
16.01000,1.98000,1.00000,0.00000,0.00000
16.21000,1.98000,1.00000,0.00000,0.00000
16.41000,1.98000,1.00000,0.00000,0.00000
16.61000,1.98000,1.00000,0.00000,0.00000
16.81000,1.98000,1.00000,0.00000,0.00000
17.01000,1.98000,1.00000,0.00000,0.00000
17.21000,1.98000,1.00000,0.00000,0.00000
17.41000,1.98000,1.00000,0.00000,0.00000
17.61000,1.98000,1.00000,0.00000,0.00000
17.81000,1.98000,1.00000,0.00000,0.00000
18.01000,1.98000,1.00000,0.00000,0.00000
18.21000,1.98000,1.00000,0.00000,0.00000
18.41000,1.98000,1.00000,0.00000,0.00000
18.61000,1.98000,1.00000,0.00000,0.00000
18.81000,1.98000,1.00000,0.00000,0.00000
19.01000,1.98000,1.00000,0.00000,0.00000
19.21000,1.98000,1.00000,0.00000,0.00000
19.41000,1.98000,1.00000,0.00000,0.00000
19.61000,1.98000,1.00000,0.00000,0.00000
19.81000,1.98000,1.00000,0.00000,0.00000
20.01000,1.98000,1.00000,0.00000,0.00000
20.21000,1.98000,1.00000,0.00000,0.00000
20.41000,1.98000,1.00000,0.00000,0.00000
20.61000,1.98000,1.00000,0.00000,0.00000
20.81000,1.98000,1.00000,0.00000,0.00000
21.01000,1.98000,1.00000,0.00000,0.00000
21.21000,1.98000,1.00000,0.00000,0.00000
21.41000,1.98000,1.00000,0.00000,0.00000
21.61000,1.98000,1.00000,0.00000,0.00000
21.81000,1.98000,1.00000,0.00000,0.00000
22.01000,1.98000,1.00000,0.00000,0.00000
22.21000,1.98000,1.00000,0.00000,0.00000
22.41000,1.98000,1.00000,0.00000,0.00000
22.61000,1.98000,1.00000,0.00000,0.00000
22.81000,1.98000,1.00000,0.00000,0.00000
23.01000,1.98000,1.00000,0.00000,0.00000
23.21000,1.98000,1.00000,0.00000,0.00000
23.41000,1.98000,1.00000,0.00000,0.00000
23.61000,1.98000,1.00000,0.00000,0.00000
23.81000,1.98000,1.00000,0.00000,0.00000
24.01000,1.98000,1.00000,0.00000,0.00000
24.21000,1.98000,1.00000,0.00000,0.00000
24.41000,1.98000,1.00000,0.00000,0.00000
24.61000,1.98000,1.00000,0.00000,0.00000
24.81000,1.98000,1.00000,0.00000,0.00000
25.01000,1.98000,1.00000,0.00000,0.00000
25.21000,1.98000,1.00000,0.00000,0.00000
25.41000,1.98000,1.00000,0.00000,0.00000
25.61000,1.98000,1.00000,0.00000,0.00000
25.81000,1.98000,1.00000,0.00000,0.00000
26.01000,1.98000,1.00000,0.00000,0.00000
26.21000,1.98000,1.00000,0.00000,0.00000
26.41000,1.98000,1.00000,0.00000,0.00000
26.61000,1.98000,1.00000,0.00000,0.00000
26.81000,1.98000,1.00000,0.00000,0.00000
27.01000,1.98000,1.00000,0.00000,0.00000
27.21000,1.98000,1.00000,0.00000,0.00000
27.41000,1.98000,1.00000,0.00000,0.00000
27.61000,1.98000,1.00000,0.00000,0.00000
27.81000,1.98000,1.00000,0.00000,0.00000
28.01000,1.98000,1.00000,0.00000,0.00000
28.21000,1.98000,1.00000,0.00000,0.00000
28.41000,1.98000,1.00000,0.00000,0.00000
28.61000,1.98000,1.00000,0.00000,0.00000
28.81000,1.98000,1.00000,0.00000,0.00000
29.01000,1.98000,1.00000,0.00000,0.00000
29.21000,1.98000,1.00000,0.00000,0.00000
29.41000,1.98000,1.00000,0.00000,0.00000
29.61000,1.98000,1.00000,0.00000,0.00000
29.81000,1.98000,1.00000,0.00000,0.00000
30.01000,1.98000,1.00000,0.00000,0.00000
30.21000,1.98000,1.00000,0.00000,0.00000
30.41000,1.98000,1.00000,0.00000,0.00000
30.61000,1.98000,1.00000,0.00000,0.00000
30.81000,1.98000,1.00000,0.00000,0.00000
31.01000,1.98000,1.00000,0.00000,0.00000
31.21000,1.98000,1.00000,0.00000,0.00000
31.41000,1.98000,1.00000,0.00000,0.00000
31.61000,1.98000,1.00000,0.00000,0.00000
31.81000,1.98000,1.00000,0.00000,0.00000
32.01000,1.98000,1.00000,0.00000,0.00000
32.21000,1.98000,1.00000,0.00000,0.00000
32.41000,1.98000,1.00000,0.00000,0.00000
32.61000,1.98000,1.00000,0.00000,0.00000
32.81000,1.98000,1.00000,0.00000,0.00000
33.01000,1.98000,1.00000,0.00000,0.00000
33.21000,1.98000,1.00000,0.00000,0.00000
33.41000,1.98000,1.00000,0.00000,0.00000
33.61000,1.98000,1.00000,0.00000,0.00000
33.81000,1.98000,1.00000,0.00000,0.00000
34.01000,1.98000,1.00000,0.00000,0.00000
34.21000,1.98000,1.00000,0.00000,0.00000
34.41000,1.98000,1.00000,0.00000,0.00000
34.61000,1.98000,1.00000,0.00000,0.00000
34.81000,1.98000,1.00000,0.00000,0.00000
35.01000,1.98000,1.00000,0.00000,0.00000
35.21000,1.98000,1.00000,0.00000,0.00000
35.41000,1.98000,1.00000,0.00000,0.00000
35.61000,1.98000,1.00000,0.00000,0.00000
35.81000,1.98000,1.00000,0.00000,0.00000
36.01000,1.98000,1.00000,0.00000,0.00000
36.21000,1.98000,1.00000,0.00000,0.00000
36.41000,1.98000,1.00000,0.00000,0.00000
36.61000,1.98000,1.00000,0.00000,0.00000
36.81000,1.98000,1.00000,0.00000,0.00000
37.01000,1.98000,1.00000,0.00000,0.00000
37.21000,1.98000,1.00000,0.00000,0.00000
37.41000,1.98000,1.00000,0.00000,0.00000
37.61000,1.98000,1.00000,0.00000,0.00000
37.81000,1.98000,1.00000,0.00000,0.00000
38.01000,1.98000,1.00000,0.00000,0.00000
38.21000,1.98000,1.00000,0.00000,0.00000
38.41000,1.98000,1.00000,0.00000,0.00000
38.61000,1.98000,1.00000,0.00000,0.00000
38.81000,1.98000,1.00000,0.00000,0.00000
39.01000,1.98000,1.00000,0.00000,0.00000
39.21000,1.98000,1.00000,0.00000,0.00000
39.41000,1.98000,1.00000,0.00000,0.00000
39.61000,1.98000,1.00000,0.00000,0.00000
39.81000,1.98000,1.00000,0.00000,0.00000
40.01000,1.98000,1.00000,0.00000,0.00000
40.21000,1.98000,1.00000,0.00000,0.00000
40.41000,1.98000,1.00000,0.00000,0.00000
40.61000,1.98000,1.00000,0.00000,0.00000
40.81000,1.98000,1.00000,0.00000,0.00000
41.01000,1.98000,1.00000,0.00000,0.00000
41.21000,1.98000,1.00000,0.00000,0.00000
41.41000,1.98000,1.00000,0.00000,0.00000
41.61000,1.98000,1.00000,0.00000,0.00000
41.81000,1.98000,1.00000,0.00000,0.00000
42.01000,1.98000,1.00000,0.00000,0.00000
42.21000,1.98000,1.00000,0.00000,0.00000
42.41000,1.98000,1.00000,0.00000,0.00000
42.61000,1.98000,1.00000,0.00000,0.00000
42.81000,1.98000,1.00000,0.00000,0.00000
43.01000,1.98000,1.00000,0.00000,0.00000
43.21000,1.98000,1.00000,0.00000,0.00000
43.41000,1.98000,1.00000,0.00000,0.00000
43.61000,1.98000,1.00000,0.00000,0.00000
43.81000,1.98000,1.00000,0.00000,0.00000
44.01000,1.98000,1.00000,0.00000,0.00000
44.21000,1.98000,1.00000,0.00000,0.00000
44.41000,1.98000,1.00000,0.00000,0.00000
44.61000,1.98000,1.00000,0.00000,0.00000
44.81000,1.98000,1.00000,0.00000,0.00000
45.01000,1.98000,1.00000,0.00000,0.00000
45.21000,1.98000,1.00000,0.00000,0.00000
45.41000,1.98000,1.00000,0.00000,0.00000
45.61000,1.98000,1.00000,0.00000,0.00000
45.81000,1.98000,1.00000,0.00000,0.00000
46.01000,1.98000,1.00000,0.00000,0.00000
46.21000,1.98000,1.00000,0.00000,0.00000
46.41000,1.98000,1.00000,0.00000,0.00000
46.61000,1.98000,1.00000,0.00000,0.00000
46.81000,1.98000,1.00000,0.00000,0.00000
47.01000,1.98000,1.00000,0.00000,0.00000
47.21000,1.98000,1.00000,0.00000,0.00000
47.41000,1.98000,1.00000,0.00000,0.00000
47.61000,1.98000,1.00000,0.00000,0.00000
47.81000,1.98000,1.00000,0.00000,0.00000
48.01000,1.98000,1.00000,0.00000,0.00000
48.21000,1.98000,1.00000,0.00000,0.00000
48.41000,1.98000,1.00000,0.00000,0.00000
48.61000,1.98000,1.00000,0.00000,0.00000
48.81000,1.98000,1.00000,0.00000,0.00000
49.01000,1.98000,1.00000,0.00000,0.00000
49.21000,1.98000,1.00000,0.00000,0.00000
49.41000,1.98000,1.00000,0.00000,0.00000
49.61000,1.98000,1.00000,0.00000,0.00000
49.81000,1.98000,1.00000,0.00000,0.00000
50.01000,1.98000,1.00000,0.00000,0.00000
50.21000,1.98000,1.00000,0.00000,0.00000
50.41000,1.98000,1.00000,0.00000,0.00000
50.61000,1.98000,1.00000,0.00000,0.00000
50.81000,1.98000,1.00000,0.00000,0.00000
51.01000,1.98000,1.00000,0.00000,0.00000
51.21000,1.98000,1.00000,0.00000,0.00000
51.41000,1.98000,1.00000,0.00000,0.00000
51.61000,1.98000,1.00000,0.00000,0.00000
51.81000,1.98000,1.00000,0.00000,0.00000
52.01000,1.98000,1.00000,0.00000,0.00000
52.21000,1.98000,1.00000,0.00000,0.00000
52.41000,1.98000,1.00000,0.00000,0.00000
52.61000,1.98000,1.00000,0.00000,0.00000
52.81000,1.98000,1.00000,0.00000,0.00000
53.01000,1.98000,1.00000,0.00000,0.00000
53.21000,1.98000,1.00000,0.00000,0.00000
53.41000,1.98000,1.00000,0.00000,0.00000
53.61000,1.98000,1.00000,0.00000,0.00000
53.81000,1.98000,1.00000,0.00000,0.00000
54.01000,1.98000,1.00000,0.00000,0.00000
54.21000,1.98000,0.99999,0.00001,0.00000
54.41000,1.98000,0.99999,0.00001,0.00000
54.61000,1.98000,0.99998,0.00002,0.00000
54.81000,1.98000,0.99999,0.00001,0.00000
55.01000,1.98000,0.99999,0.00001,0.00000
55.21000,1.98000,1.00000,0.00000,0.00000
55.41000,1.98000,1.00000,0.00000,0.00000
55.61000,1.98000,1.00000,0.00000,0.00000
55.81000,1.98000,1.00000,0.00000,0.00000
56.01000,1.98000,1.00000,0.00000,0.00000
56.21000,1.98000,1.00000,0.00000,0.00000
56.41000,1.98000,1.00000,0.00000,0.00000
56.61000,1.98000,1.00000,0.00000,0.00000
56.81000,1.98000,1.00000,0.00000,0.00000
57.01000,1.98000,1.00000,0.00000,0.00000
57.21000,1.98000,1.00000,0.00000,0.00000
57.41000,1.98000,1.00000,0.00000,0.00000
57.61000,1.98000,1.00000,0.00000,0.00000
57.81000,1.98000,1.00000,0.00000,0.00000
58.01000,1.98000,1.00000,0.00000,0.00000
58.21000,1.98000,1.00000,0.00000,0.00000
58.41000,1.98000,1.00000,0.00000,0.00000
58.61000,1.98000,1.00000,0.00000,0.00000
58.81000,1.98000,1.00000,0.00000,0.00000
59.01000,1.98000,1.00000,0.00000,0.00000
59.21000,1.98000,1.00000,0.00000,0.00000
59.41000,1.98000,1.00000,0.00000,0.00000
59.61000,1.98000,1.00000,0.00000,0.00000
59.81000,1.98000,1.00000,0.00000,0.00000
60.01000,1.98000,1.00000,0.00000,0.00000
60.21000,1.98000,1.00000,0.00000,0.00000
60.41000,1.98000,1.00000,0.00000,0.00000
60.61000,1.98000,1.00000,0.00000,0.00000
60.81000,1.98000,1.00000,0.00000,0.00000
61.01000,1.98000,1.00000,0.00000,0.00000
61.21000,1.98000,1.00000,0.00000,0.00000
61.41000,1.98000,1.00000,0.00000,0.00000
61.61000,1.98000,1.00000,0.00000,0.00000
61.81000,1.98000,1.00000,0.00000,0.00000
62.01000,1.98000,1.00000,0.00000,0.00000
62.21000,1.98000,1.00000,0.00000,0.00000
62.41000,1.98000,1.00000,0.00000,0.00000
62.61000,1.98000,1.00000,0.00000,0.00000
62.81000,1.98000,1.00000,0.00000,0.00000
63.01000,1.98000,1.00000,0.00000,0.00000
63.21000,1.98000,1.00000,0.00000,0.00000
63.41000,1.98000,1.00000,0.00000,0.00000
63.61000,1.98000,1.00000,0.00000,0.00000
63.81000,1.98000,1.00000,0.00000,0.00000
64.01000,1.98000,1.00000,0.00000,0.00000
64.21000,1.98000,1.00000,0.00000,0.00000
64.41000,1.98000,1.00000,0.00000,0.00000
64.61000,1.98000,1.00000,0.00000,0.00000
64.81000,1.98000,1.00000,0.00000,0.00000
65.01000,1.98000,1.00000,0.00000,0.00000
65.21000,1.98000,1.00000,0.00000,0.00000
65.41000,1.98000,1.00000,0.00000,0.00000
65.61000,1.98000,1.00000,0.00000,0.00000
65.81000,1.98000,1.00000,0.00000,0.00000
66.01000,1.98000,1.00000,0.00000,0.00000
66.21000,1.98000,1.00000,0.00000,0.00000
66.41000,1.98000,1.00000,0.00000,0.00000
66.61000,1.98000,1.00000,0.00000,0.00000
66.81000,1.98000,1.00000,0.00000,0.00000
67.01000,1.98000,1.00000,0.00000,0.00000
67.21000,1.98000,1.00000,0.00000,0.00000
67.41000,1.98000,1.00000,0.00000,0.00000
67.61000,1.98000,1.00000,0.00000,0.00000
67.81000,1.98000,1.00000,0.00000,0.00000
68.01000,1.98000,1.00000,0.00000,0.00000
68.21000,1.98000,1.00000,0.00000,0.00000
68.41000,1.98000,1.00000,0.00000,0.00000
68.61000,1.98000,1.00000,0.00000,0.00000
68.81000,1.98000,1.00000,0.00000,0.00000
69.01000,1.98000,1.00000,0.00000,0.00000
69.21000,1.98000,1.00000,0.00000,0.00000
69.41000,1.98000,1.00000,0.00000,0.00000
69.61000,1.98000,1.00000,0.00000,0.00000
69.81000,1.98000,1.00000,0.00000,0.00000
70.01000,1.98000,1.00000,0.00000,0.00000
70.21000,1.98000,1.00000,0.00000,0.00000
70.41000,1.98000,1.00000,0.00000,0.00000
70.61000,1.98000,1.00000,0.00000,0.00000
70.81000,1.98000,1.00000,0.00000,0.00000
71.01000,1.98000,1.00000,0.00000,0.00000
71.21000,1.98000,1.00000,0.00000,0.00000
71.41000,1.98000,1.00000,0.00000,0.00000
71.61000,1.98000,1.00000,0.00000,0.00000
71.81000,1.98000,1.00000,0.00000,0.00000
72.01000,1.98000,0.99999,0.00000,0.00000
72.21000,1.98000,0.99999,0.00000,0.00000
72.41000,1.98000,0.99999,0.00001,0.00000
72.61000,1.98000,1.00000,0.00000,0.00000
72.81000,1.98000,1.00000,0.00000,0.00000
73.01000,1.98000,1.00000,0.00000,0.00000
73.21000,1.98000,0.99999,0.00001,0.00000
73.41000,1.98000,0.99991,0.00007,0.00002
73.61000,1.98000,0.99973,0.00024,0.00003
73.81000,1.98000,0.99977,0.00021,0.00002
74.01000,1.98000,0.99982,0.00017,0.00001
74.21000,1.98000,0.99936,0.00062,0.00002
74.41000,1.98000,0.99903,0.00094,0.00003
74.61000,1.98000,0.99696,0.00301,0.00003
74.81000,1.98000,0.98545,0.01434,0.00021
75.01000,1.98000,0.93732,0.06131,0.00137
75.21000,1.98000,0.97661,0.02315,0.00024
75.41000,1.98000,0.99617,0.00380,0.00003
75.61000,1.98000,0.99730,0.00265,0.00004
75.81000,1.98000,0.99618,0.00374,0.00008
76.01000,1.98000,0.98749,0.01196,0.00055
76.21000,1.98000,0.99126,0.00842,0.00032
76.41000,1.98000,0.97957,0.01758,0.00286
76.61000,1.98000,0.98289,0.01428,0.00283
76.81000,1.98000,0.95030,0.04590,0.00380
77.01000,1.98000,0.97593,0.02314,0.00093
77.21000,1.98000,0.90652,0.08664,0.00684
77.41000,1.98000,0.79126,0.17773,0.03100
77.61000,1.98000,0.80757,0.14576,0.04666
77.81000,1.98000,0.86909,0.10740,0.02351
78.01000,1.98000,0.86117,0.09710,0.04173
78.21000,1.98000,0.79917,0.16364,0.03720
78.41000,1.98000,0.89641,0.09151,0.01209
78.61000,1.98000,0.74948,0.15754,0.09299
78.81000,1.98000,0.85564,0.07762,0.06674
79.01000,1.98000,0.83179,0.12356,0.04465
79.21000,1.98000,0.63697,0.35025,0.01278
79.41000,1.98000,0.55516,0.43083,0.01401
79.61000,1.98000,0.68770,0.30721,0.00509
79.81000,1.98000,0.47389,0.51847,0.00765
80.01000,1.98000,0.53026,0.46556,0.00418
80.21000,1.98000,0.77047,0.22604,0.00349
80.41000,1.98000,0.68030,0.31541,0.00429
80.61000,1.98000,0.58684,0.41050,0.00266
80.81000,1.98000,0.60956,0.38945,0.00100
81.01000,1.98000,0.51420,0.48476,0.00105
81.21000,1.98000,0.79267,0.20665,0.00068
81.41000,1.98000,0.93855,0.06134,0.00011
81.61000,1.98000,0.99220,0.00777,0.00003
81.81000,1.98000,0.99847,0.00152,0.00000
82.01000,1.98000,0.99960,0.00040,0.00000
82.21000,1.98000,0.99963,0.00037,0.00000
82.41000,1.98000,0.99956,0.00044,0.00000
82.61000,1.98000,0.99962,0.00037,0.00001
82.81000,1.98000,0.99994,0.00005,0.00001
83.01000,1.98000,0.99992,0.00008,0.00001
83.21000,1.98000,0.99975,0.00023,0.00002
83.41000,1.98000,0.99926,0.00067,0.00007
83.61000,1.98000,0.99954,0.00043,0.00003
83.81000,1.98000,0.99777,0.00207,0.00016
84.01000,1.98000,0.99538,0.00428,0.00034
84.21000,1.98000,0.99899,0.00096,0.00004
84.41000,1.98000,0.99921,0.00077,0.00002
84.61000,1.98000,0.99984,0.00016,0.00000
84.81000,1.98000,0.99990,0.00010,0.00000
85.01000,1.98000,0.99993,0.00006,0.00000
85.21000,1.98000,0.99997,0.00003,0.00000
85.41000,1.98000,0.99996,0.00004,0.00000
85.61000,1.98000,0.99987,0.00012,0.00001
85.81000,1.98000,0.99992,0.00007,0.00001
86.01000,1.98000,0.99996,0.00003,0.00000
86.21000,1.98000,0.99997,0.00002,0.00001
86.41000,1.98000,0.99999,0.00001,0.00000
86.61000,1.98000,0.99999,0.00000,0.00000
86.81000,1.98000,1.00000,0.00000,0.00000
87.01000,1.98000,1.00000,0.00000,0.00000
87.21000,1.98000,1.00000,0.00000,0.00000
87.41000,1.98000,1.00000,0.00000,0.00000
87.61000,1.98000,1.00000,0.00000,0.00000
87.81000,1.98000,1.00000,0.00000,0.00000
88.01000,1.98000,0.99998,0.00002,0.00000
88.21000,1.98000,0.99995,0.00005,0.00000
88.41000,1.98000,0.99989,0.00011,0.00000
88.61000,1.98000,0.99893,0.00107,0.00000
88.81000,1.98000,0.99912,0.00088,0.00000
89.01000,1.98000,0.99964,0.00036,0.00000
89.21000,1.98000,0.99958,0.00042,0.00000
89.41000,1.98000,0.99989,0.00011,0.00000
89.61000,1.98000,0.99994,0.00006,0.00000
89.81000,1.98000,0.99998,0.00002,0.00000
90.01000,1.98000,0.99998,0.00002,0.00000
90.21000,1.98000,0.99999,0.00001,0.00000
90.41000,1.98000,1.00000,0.00000,0.00000
90.61000,1.98000,1.00000,0.00000,0.00000
90.81000,1.98000,1.00000,0.00000,0.00000
91.01000,1.98000,1.00000,0.00000,0.00000
91.21000,1.98000,1.00000,0.00000,0.00000
91.41000,1.98000,1.00000,0.00000,0.00000
91.61000,1.98000,1.00000,0.00000,0.00000
91.81000,1.98000,0.99999,0.00001,0.00000
92.01000,1.98000,1.00000,0.00000,0.00000
92.21000,1.98000,1.00000,0.00000,0.00000
92.41000,1.98000,1.00000,0.00000,0.00000
92.61000,1.98000,1.00000,0.00000,0.00000
92.81000,1.98000,1.00000,0.00000,0.00000
93.01000,1.98000,1.00000,0.00000,0.00000
93.21000,1.98000,1.00000,0.00000,0.00000
93.41000,1.98000,1.00000,0.00000,0.00000
93.61000,1.98000,1.00000,0.00000,0.00000
93.81000,1.98000,1.00000,0.00000,0.00000
94.01000,1.98000,1.00000,0.00000,0.00000
94.21000,1.98000,1.00000,0.00000,0.00000
94.41000,1.98000,1.00000,0.00000,0.00000
94.61000,1.98000,1.00000,0.00000,0.00000
94.81000,1.98000,1.00000,0.00000,0.00000
95.01000,1.98000,1.00000,0.00000,0.00000
95.21000,1.98000,1.00000,0.00000,0.00000
95.41000,1.98000,1.00000,0.00000,0.00000
95.61000,1.98000,1.00000,0.00000,0.00000
95.81000,1.98000,1.00000,0.00000,0.00000
96.01000,1.98000,1.00000,0.00000,0.00000
96.21000,1.98000,0.99999,0.00001,0.00000
96.41000,1.98000,0.99998,0.00001,0.00000
96.61000,1.98000,0.99998,0.00002,0.00000
96.81000,1.98000,0.99998,0.00002,0.00000
97.01000,1.98000,0.99998,0.00002,0.00000
97.21000,1.98000,0.99997,0.00003,0.00000
97.41000,1.98000,0.99996,0.00004,0.00000
97.61000,1.98000,0.99955,0.00045,0.00000
97.81000,1.98000,0.99963,0.00037,0.00000
98.01000,1.98000,0.99978,0.00022,0.00000
98.21000,1.98000,0.99985,0.00015,0.00000
98.41000,1.98000,0.99991,0.00009,0.00000
98.61000,1.98000,0.99991,0.00009,0.00000
98.81000,1.98000,0.99995,0.00005,0.00000
99.01000,1.98000,0.99997,0.00003,0.00000
99.21000,1.98000,0.99998,0.00002,0.00000
99.41000,1.98000,1.00000,0.00000,0.00000
99.61000,1.98000,1.00000,0.00000,0.00000
99.81000,1.98000,1.00000,0.00000,0.00000
100.01000,1.98000,1.00000,0.00000,0.00000
100.21000,1.98000,1.00000,0.00000,0.00000
100.41000,1.98000,1.00000,0.00000,0.00000
100.61000,1.98000,1.00000,0.00000,0.00000
100.81000,1.98000,1.00000,0.00000,0.00000
101.01000,1.98000,1.00000,0.00000,0.00000
101.21000,1.98000,0.99999,0.00001,0.00000
101.41000,1.98000,0.99999,0.00001,0.00000
101.61000,1.98000,0.99994,0.00006,0.00000
101.81000,1.98000,0.99984,0.00015,0.00001
102.01000,1.98000,0.99993,0.00007,0.00000
102.21000,1.98000,0.99978,0.00020,0.00002
102.41000,1.98000,0.99979,0.00018,0.00002
102.61000,1.98000,0.99982,0.00016,0.00002
102.81000,1.98000,0.99951,0.00045,0.00004
103.01000,1.98000,0.99901,0.00086,0.00013
103.21000,1.98000,0.99927,0.00059,0.00014
103.41000,1.98000,0.99939,0.00047,0.00014
103.61000,1.98000,0.99964,0.00027,0.00009
103.81000,1.98000,0.99971,0.00021,0.00008
104.01000,1.98000,0.99938,0.00040,0.00022
104.21000,1.98000,0.99959,0.00026,0.00015
104.41000,1.98000,0.99857,0.00122,0.00021
104.61000,1.98000,0.99971,0.00025,0.00004
104.81000,1.98000,0.99974,0.00023,0.00003
105.01000,1.98000,0.99984,0.00015,0.00001
105.21000,1.98000,0.99979,0.00021,0.00001
105.41000,1.98000,0.99930,0.00068,0.00002
105.61000,1.98000,0.99839,0.00158,0.00003
105.81000,1.98000,0.99485,0.00507,0.00008
106.01000,1.98000,0.99247,0.00740,0.00013
106.21000,1.98000,0.98257,0.01618,0.00125
106.41000,1.98000,0.99229,0.00702,0.00069
106.61000,1.98000,0.96006,0.03379,0.00615
106.81000,1.98000,0.97523,0.01907,0.00570
107.01000,1.98000,0.95564,0.02772,0.01664
107.21000,1.98000,0.89860,0.04902,0.05238
107.41000,1.98000,0.91822,0.02530,0.05648
107.61000,1.98000,0.93135,0.01512,0.05353
107.81000,1.98000,0.89342,0.01981,0.08677
108.01000,1.98000,0.83980,0.02574,0.13446
108.21000,1.98000,0.86476,0.02109,0.11415
108.41000,1.98000,0.88243,0.01675,0.10082
108.61000,1.98000,0.84956,0.02006,0.13039
108.81000,1.98000,0.76738,0.02777,0.20484
109.01000,1.98000,0.68956,0.03209,0.27835
109.21000,1.98000,0.52687,0.04144,0.43169
109.41000,1.98000,0.77403,0.02888,0.19710
109.61000,1.98000,0.76005,0.04059,0.19936
109.81000,1.98000,0.66505,0.04369,0.29126
110.01000,1.98000,0.66331,0.05600,0.28068
110.21000,1.98000,0.77536,0.04116,0.18348
110.41000,1.98000,0.95279,0.01134,0.03587
110.61000,1.98000,0.99001,0.00276,0.00723
110.81000,1.98000,0.99751,0.00073,0.00177
111.01000,1.98000,0.99933,0.00022,0.00045
111.21000,1.98000,0.99988,0.00005,0.00007
111.41000,1.98000,0.99988,0.00005,0.00007
111.61000,1.98000,0.99995,0.00002,0.00003
111.81000,1.98000,1.00000,0.00000,0.00000
112.01000,1.98000,1.00000,0.00000,0.00000
112.21000,1.98000,1.00000,0.00000,0.00000
112.41000,1.98000,1.00000,0.00000,0.00000
112.61000,1.98000,1.00000,0.00000,0.00000
112.81000,1.98000,1.00000,0.00000,0.00000
113.01000,1.98000,1.00000,0.00000,0.00000
113.21000,1.98000,1.00000,0.00000,0.00000
113.41000,1.98000,1.00000,0.00000,0.00000
113.61000,1.98000,1.00000,0.00000,0.00000
113.81000,1.98000,1.00000,0.00000,0.00000
114.01000,1.98000,0.99998,0.00002,0.00001
114.21000,1.98000,0.99995,0.00005,0.00001
114.41000,1.98000,0.99991,0.00008,0.00001
114.61000,1.98000,0.99979,0.00019,0.00002
114.81000,1.98000,0.99987,0.00012,0.00001
115.01000,1.98000,0.99956,0.00039,0.00005
115.21000,1.98000,0.99975,0.00022,0.00003
115.41000,1.98000,0.99920,0.00069,0.00011
115.61000,1.98000,0.99950,0.00038,0.00012
115.81000,1.98000,0.99977,0.00017,0.00005
116.01000,1.98000,0.99991,0.00006,0.00003
116.21000,1.98000,0.99989,0.00008,0.00003
116.41000,1.98000,0.99988,0.00008,0.00004
116.61000,1.98000,0.99974,0.00020,0.00005
116.81000,1.98000,0.99914,0.00051,0.00035
117.01000,1.98000,0.99941,0.00037,0.00022
117.21000,1.98000,0.99698,0.00161,0.00141
117.41000,1.98000,0.99869,0.00080,0.00051
117.61000,1.98000,0.99898,0.00068,0.00034
117.81000,1.98000,0.99885,0.00082,0.00033
118.01000,1.98000,0.99863,0.00078,0.00059
118.21000,1.98000,0.99948,0.00034,0.00018
118.41000,1.98000,0.99949,0.00035,0.00016
118.61000,1.98000,0.99944,0.00035,0.00021
118.81000,1.98000,0.99987,0.00011,0.00002
119.01000,1.98000,0.99991,0.00006,0.00002
119.21000,1.98000,0.99998,0.00001,0.00001
119.41000,1.98000,0.99999,0.00001,0.00000
119.61000,1.98000,0.99998,0.00001,0.00001
119.81000,1.98000,0.99999,0.00001,0.00000
120.01000,1.98000,1.00000,0.00000,0.00000
120.21000,1.98000,0.99999,0.00000,0.00000
120.41000,1.98000,0.99999,0.00001,0.00000
120.61000,1.98000,0.99999,0.00001,0.00001
120.81000,1.98000,0.99991,0.00004,0.00005
121.01000,1.98000,0.99979,0.00010,0.00012
121.21000,1.98000,0.99928,0.00038,0.00034
121.41000,1.98000,0.99889,0.00064,0.00047
121.61000,1.98000,0.99647,0.00233,0.00120
121.81000,1.98000,0.98368,0.01223,0.00410
122.01000,1.98000,0.93669,0.05443,0.00888
122.21000,1.98000,0.81546,0.17667,0.00787
122.41000,1.98000,0.74952,0.24635,0.00413
122.61000,1.98000,0.37857,0.61804,0.00340
122.81000,1.98000,0.46841,0.53071,0.00088
123.01000,1.98000,0.71946,0.28013,0.00041
123.21000,1.98000,0.96123,0.03873,0.00004
123.41000,1.98000,0.96393,0.03603,0.00004
123.61000,1.98000,0.97292,0.02706,0.00002
123.81000,1.98000,0.99120,0.00880,0.00000
124.01000,1.98000,0.99878,0.00122,0.00000
124.21000,1.98000,0.99963,0.00037,0.00000
124.41000,1.98000,0.99992,0.00008,0.00000
124.61000,1.98000,0.99999,0.00001,0.00000
124.81000,1.98000,1.00000,0.00000,0.00000
125.01000,1.98000,1.00000,0.00000,0.00000
125.21000,1.98000,1.00000,0.00000,0.00000
125.41000,1.98000,1.00000,0.00000,0.00000
125.61000,1.98000,1.00000,0.00000,0.00000
125.81000,1.98000,1.00000,0.00000,0.00000
126.01000,1.98000,1.00000,0.00000,0.00000
126.21000,1.98000,1.00000,0.00000,0.00000
126.41000,1.98000,1.00000,0.00000,0.00000
126.61000,1.98000,1.00000,0.00000,0.00000
126.81000,1.98000,1.00000,0.00000,0.00000
127.01000,1.98000,1.00000,0.00000,0.00000
127.21000,1.98000,1.00000,0.00000,0.00000
127.41000,1.98000,1.00000,0.00000,0.00000
127.61000,1.98000,0.99998,0.00002,0.00000
127.81000,1.98000,0.99997,0.00003,0.00000
128.00999,1.98001,0.99934,0.00066,0.00000
128.21001,1.98000,0.99175,0.00825,0.00000
128.41000,1.98000,0.94943,0.05057,0.00001
128.61000,1.98000,0.95949,0.04051,0.00000
128.81000,1.98000,0.97584,0.02416,0.00000
129.00999,1.98001,0.99733,0.00267,0.00000
129.21001,1.98000,0.99992,0.00008,0.00000
129.41000,1.98000,0.99999,0.00001,0.00000
129.61000,1.98000,1.00000,0.00000,0.00000
129.81000,1.98000,1.00000,0.00000,0.00000
130.00999,1.98001,1.00000,0.00000,0.00000
130.21001,1.98000,1.00000,0.00000,0.00000
130.41000,1.98000,1.00000,0.00000,0.00000
130.61000,1.98000,1.00000,0.00000,0.00000
130.81000,1.98000,1.00000,0.00000,0.00000
131.00999,1.98001,1.00000,0.00000,0.00000
131.21001,1.98000,1.00000,0.00000,0.00000
131.41000,1.98000,1.00000,0.00000,0.00000
131.61000,1.98000,1.00000,0.00000,0.00000
131.81000,1.98000,1.00000,0.00000,0.00000
132.00999,1.98001,1.00000,0.00000,0.00000
132.21001,1.98000,1.00000,0.00000,0.00000
132.41000,1.98000,1.00000,0.00000,0.00000
132.61000,1.98000,1.00000,0.00000,0.00000
132.81000,1.98000,1.00000,0.00000,0.00000
133.00999,1.98001,1.00000,0.00000,0.00000
133.21001,1.98000,1.00000,0.00000,0.00000
133.41000,1.98000,1.00000,0.00000,0.00000
133.61000,1.98000,1.00000,0.00000,0.00000
133.81000,1.98000,1.00000,0.00000,0.00000
134.00999,1.98001,1.00000,0.00000,0.00000
134.21001,1.98000,1.00000,0.00000,0.00000
134.41000,1.98000,1.00000,0.00000,0.00000
134.61000,1.98000,1.00000,0.00000,0.00000
134.81000,1.98000,1.00000,0.00000,0.00000
135.00999,1.98001,1.00000,0.00000,0.00000
135.21001,1.98000,1.00000,0.00000,0.00000
135.41000,1.98000,1.00000,0.00000,0.00000
135.61000,1.98000,0.99999,0.00001,0.00000
135.81000,1.98000,0.99998,0.00002,0.00000
136.00999,1.98001,0.99989,0.00011,0.00000
136.21001,1.98000,0.99560,0.00440,0.00001
136.41000,1.98000,0.99857,0.00143,0.00000
136.61000,1.98000,0.99977,0.00023,0.00000
136.81000,1.98000,0.99964,0.00036,0.00000
137.00999,1.98001,0.99892,0.00108,0.00000
137.21001,1.98000,0.99958,0.00042,0.00000
137.41000,1.98000,0.99982,0.00018,0.00000
137.61000,1.98000,0.99989,0.00011,0.00000
137.81000,1.98000,0.99999,0.00001,0.00000
138.00999,1.98001,1.00000,0.00000,0.00000
138.21001,1.98000,1.00000,0.00000,0.00000
138.41000,1.98000,1.00000,0.00000,0.00000
138.61000,1.98000,1.00000,0.00000,0.00000
138.81000,1.98000,1.00000,0.00000,0.00000
139.00999,1.98001,1.00000,0.00000,0.00000
139.21001,1.98000,1.00000,0.00000,0.00000
139.41000,1.98000,1.00000,0.00000,0.00000
139.61000,1.98000,1.00000,0.00000,0.00000
139.81000,1.98000,1.00000,0.00000,0.00000
140.00999,1.98001,1.00000,0.00000,0.00000
140.21001,1.98000,1.00000,0.00000,0.00000
140.41000,1.98000,1.00000,0.00000,0.00000
140.61000,1.98000,1.00000,0.00000,0.00000
140.81000,1.98000,1.00000,0.00000,0.00000
141.00999,1.98001,1.00000,0.00000,0.00000
141.21001,1.98000,1.00000,0.00000,0.00000
141.41000,1.98000,1.00000,0.00000,0.00000
141.61000,1.98000,1.00000,0.00000,0.00000
141.81000,1.98000,1.00000,0.00000,0.00000
142.00999,1.98001,1.00000,0.00000,0.00000
142.21001,1.98000,0.99997,0.00003,0.00000
142.41000,1.98000,0.99996,0.00004,0.00000
142.61000,1.98000,0.99998,0.00002,0.00000
142.81000,1.98000,0.99996,0.00004,0.00000
143.00999,1.98001,0.99934,0.00066,0.00000
143.21001,1.98000,0.98897,0.01103,0.00000
143.41000,1.98000,0.93924,0.06076,0.00000
143.61000,1.98000,0.93695,0.06305,0.00000
143.81000,1.98000,0.88735,0.11265,0.00000
144.00999,1.98001,0.88702,0.11298,0.00000
144.21001,1.98000,0.64492,0.35508,0.00000
144.41000,1.98000,0.39449,0.60551,0.00001
144.61000,1.98000,0.19256,0.80739,0.00005
144.81000,1.98000,0.09959,0.90031,0.00010
145.00999,1.98001,0.10210,0.89781,0.00009
145.21001,1.98000,0.17371,0.82623,0.00006
145.41000,1.98000,0.30436,0.69547,0.00017
145.61000,1.98000,0.68253,0.31721,0.00026
145.81000,1.98000,0.81391,0.18549,0.00060
146.00999,1.98001,0.95913,0.04051,0.00036
146.21001,1.98000,0.97672,0.02284,0.00044
146.41000,1.98000,0.99401,0.00583,0.00016
146.61000,1.98000,0.99879,0.00119,0.00002
146.81000,1.98000,0.99977,0.00022,0.00001
147.00999,1.98001,0.99997,0.00002,0.00000
147.21001,1.98000,0.99999,0.00000,0.00000
147.41000,1.98000,1.00000,0.00000,0.00000
147.61000,1.98000,1.00000,0.00000,0.00000
147.81000,1.98000,1.00000,0.00000,0.00000
148.00999,1.98001,1.00000,0.00000,0.00000
148.21001,1.98000,1.00000,0.00000,0.00000
148.41000,1.98000,1.00000,0.00000,0.00000
148.61000,1.98000,1.00000,0.00000,0.00000
148.81000,1.98000,0.99999,0.00001,0.00000
149.00999,1.98001,0.99995,0.00005,0.00000
149.21001,1.98000,0.99984,0.00015,0.00000
149.41000,1.98000,0.99959,0.00040,0.00000
149.61000,1.98000,0.99960,0.00040,0.00000
149.81000,1.98000,0.99836,0.00163,0.00001
150.00999,1.98001,0.99607,0.00385,0.00008
150.21001,1.98000,0.99771,0.00223,0.00006
150.41000,1.98000,0.99946,0.00051,0.00003
150.61000,1.98000,0.99973,0.00026,0.00002
150.81000,1.98000,0.99992,0.00008,0.00000
151.00999,1.98001,0.99995,0.00005,0.00000
151.21001,1.98000,0.99995,0.00005,0.00000
151.41000,1.98000,0.99997,0.00003,0.00000
151.61000,1.98000,0.99997,0.00003,0.00000
151.81000,1.98000,0.99998,0.00002,0.00000
152.00999,1.98001,1.00000,0.00000,0.00000
152.21001,1.98000,1.00000,0.00000,0.00000
152.41000,1.98000,1.00000,0.00000,0.00000
152.61000,1.98000,1.00000,0.00000,0.00000
152.81000,1.98000,1.00000,0.00000,0.00000
153.00999,1.98001,0.99999,0.00001,0.00000
153.21001,1.98000,1.00000,0.00000,0.00000
153.41000,1.98000,0.99997,0.00003,0.00000
153.61000,1.98000,0.99969,0.00031,0.00000
153.81000,1.98000,0.99823,0.00176,0.00001
154.00999,1.98001,0.99146,0.00853,0.00002
154.21001,1.98000,0.95198,0.04796,0.00006
154.41000,1.98000,0.83816,0.16160,0.00024
154.61000,1.98000,0.51480,0.48492,0.00028
154.81000,1.98000,0.28463,0.71519,0.00019
155.00999,1.98001,0.13067,0.86924,0.00009
155.21001,1.98000,0.25382,0.74611,0.00008
155.41000,1.98000,0.67993,0.32004,0.00002
155.61000,1.98000,0.86621,0.13378,0.00001
155.81000,1.98000,0.88200,0.11800,0.00000
156.00999,1.98001,0.92522,0.07478,0.00000
156.21001,1.98000,0.84501,0.15499,0.00000
156.41000,1.98000,0.85960,0.14040,0.00000
156.61000,1.98000,0.85824,0.14175,0.00000
156.81000,1.98000,0.82980,0.17020,0.00000
157.00999,1.98001,0.88992,0.11008,0.00000
157.21001,1.98000,0.92734,0.07266,0.00000
157.41000,1.98000,0.86692,0.13308,0.00000
157.61000,1.98000,0.97463,0.02537,0.00000
157.81000,1.98000,0.99431,0.00569,0.00000
158.00999,1.98001,0.99825,0.00175,0.00000
158.21001,1.98000,0.99975,0.00024,0.00000
158.41000,1.98000,0.99996,0.00004,0.00000
158.61000,1.98000,0.99999,0.00001,0.00000
158.81000,1.98000,1.00000,0.00000,0.00000
159.00999,1.98001,1.00000,0.00000,0.00000
159.21001,1.98000,1.00000,0.00000,0.00000
159.41000,1.98000,1.00000,0.00000,0.00000
159.61000,1.98000,1.00000,0.00000,0.00000
159.81000,1.98000,1.00000,0.00000,0.00000
160.00999,1.98001,1.00000,0.00000,0.00000
160.21001,1.98000,1.00000,0.00000,0.00000
160.41000,1.98000,1.00000,0.00000,0.00000
160.61000,1.98000,1.00000,0.00000,0.00000
160.81000,1.98000,1.00000,0.00000,0.00000
161.00999,1.98001,1.00000,0.00000,0.00000
161.21001,1.98000,1.00000,0.00000,0.00000
161.41000,1.98000,1.00000,0.00000,0.00000
161.61000,1.98000,1.00000,0.00000,0.00000
161.81000,1.98000,1.00000,0.00000,0.00000
162.00999,1.98001,1.00000,0.00000,0.00000
162.21001,1.98000,1.00000,0.00000,0.00000
162.41000,1.98000,1.00000,0.00000,0.00000
162.61000,1.98000,1.00000,0.00000,0.00000
162.81000,1.98000,1.00000,0.00000,0.00000
163.00999,1.98001,1.00000,0.00000,0.00000
163.21001,1.98000,1.00000,0.00000,0.00000
163.41000,1.98000,1.00000,0.00000,0.00000
163.61000,1.98000,1.00000,0.00000,0.00000
163.81000,1.98000,0.99998,0.00002,0.00000
164.00999,1.98001,0.99995,0.00005,0.00000
164.21001,1.98000,0.99991,0.00009,0.00000
164.41000,1.98000,0.99994,0.00006,0.00000
164.61000,1.98000,0.99996,0.00004,0.00000
164.81000,1.98000,0.99996,0.00004,0.00000
165.00999,1.98001,0.99996,0.00004,0.00000
165.21001,1.98000,0.99997,0.00003,0.00000
165.41000,1.98000,0.99999,0.00001,0.00000
165.61000,1.98000,1.00000,0.00000,0.00000
165.81000,1.98000,1.00000,0.00000,0.00000
166.00999,1.98001,1.00000,0.00000,0.00000
166.21001,1.98000,1.00000,0.00000,0.00000
166.41000,1.98000,1.00000,0.00000,0.00000
166.61000,1.98000,1.00000,0.00000,0.00000
166.81000,1.98000,1.00000,0.00000,0.00000
167.00999,1.98001,1.00000,0.00000,0.00000
167.21001,1.98000,1.00000,0.00000,0.00000
167.41000,1.98000,1.00000,0.00000,0.00000
167.61000,1.98000,1.00000,0.00000,0.00000
167.81000,1.98000,1.00000,0.00000,0.00000
168.00999,1.98001,1.00000,0.00000,0.00000
168.21001,1.98000,1.00000,0.00000,0.00000
168.41000,1.98000,1.00000,0.00000,0.00000
168.61000,1.98000,1.00000,0.00000,0.00000
168.81000,1.98000,1.00000,0.00000,0.00000
169.00999,1.98001,1.00000,0.00000,0.00000
169.21001,1.98000,1.00000,0.00000,0.00000
169.41000,1.98000,1.00000,0.00000,0.00000
169.61000,1.98000,1.00000,0.00000,0.00000
169.81000,1.98000,1.00000,0.00000,0.00000
170.00999,1.98001,1.00000,0.00000,0.00000
170.21001,1.98000,1.00000,0.00000,0.00000
170.41000,1.98000,1.00000,0.00000,0.00000
170.61000,1.98000,1.00000,0.00000,0.00000
170.81000,1.98000,1.00000,0.00000,0.00000
171.00999,1.98001,1.00000,0.00000,0.00000
171.21001,1.98000,1.00000,0.00000,0.00000
171.41000,1.98000,1.00000,0.00000,0.00000
171.61000,1.98000,1.00000,0.00000,0.00000
171.81000,1.98000,1.00000,0.00000,0.00000
172.00999,1.98001,0.99999,0.00001,0.00000
172.21001,1.98000,0.99999,0.00001,0.00000
172.41000,1.98000,0.99998,0.00002,0.00000
172.61000,1.98000,0.99998,0.00002,0.00000
172.81000,1.98000,0.99999,0.00001,0.00000
173.00999,1.98001,0.99999,0.00001,0.00000
173.21001,1.98000,0.99999,0.00001,0.00000
173.41000,1.98000,0.99999,0.00001,0.00000
173.61000,1.98000,0.99998,0.00002,0.00000
173.81000,1.98000,0.99999,0.00001,0.00000
174.00999,1.98001,1.00000,0.00000,0.00000
174.21001,1.98000,1.00000,0.00000,0.00000
174.41000,1.98000,1.00000,0.00000,0.00000
174.61000,1.98000,1.00000,0.00000,0.00000
174.81000,1.98000,0.99999,0.00001,0.00000
175.00999,1.98001,0.99999,0.00001,0.00000
175.21001,1.98000,0.99999,0.00001,0.00000
175.41000,1.98000,0.99999,0.00001,0.00000
175.61000,1.98000,0.99999,0.00001,0.00000
175.81000,1.98000,1.00000,0.00000,0.00000
176.00999,1.98001,1.00000,0.00000,0.00000
176.21001,1.98000,0.99999,0.00001,0.00000
176.41000,1.98000,1.00000,0.00000,0.00000
176.61000,1.98000,1.00000,0.00000,0.00000
176.81000,1.98000,1.00000,0.00000,0.00000
177.00999,1.98001,1.00000,0.00000,0.00000
177.21001,1.98000,1.00000,0.00000,0.00000
177.41000,1.98000,1.00000,0.00000,0.00000
177.61000,1.98000,1.00000,0.00000,0.00000
177.81000,1.98000,1.00000,0.00000,0.00000
178.00999,1.98001,1.00000,0.00000,0.00000
178.21001,1.98000,1.00000,0.00000,0.00000
178.41000,1.98000,1.00000,0.00000,0.00000
178.61000,1.98000,1.00000,0.00000,0.00000
178.81000,1.98000,1.00000,0.00000,0.00000
179.00999,1.98001,1.00000,0.00000,0.00000
179.21001,1.98000,1.00000,0.00000,0.00000
179.41000,1.98000,1.00000,0.00000,0.00000
179.61000,1.98000,1.00000,0.00000,0.00000
179.81000,1.98000,1.00000,0.00000,0.00000
180.00999,1.98001,1.00000,0.00000,0.00000
180.21001,1.98000,1.00000,0.00000,0.00000
180.41000,1.98000,1.00000,0.00000,0.00000
180.61000,1.98000,1.00000,0.00000,0.00000
180.81000,1.98000,1.00000,0.00000,0.00000
181.00999,1.98001,1.00000,0.00000,0.00000
181.21001,1.98000,1.00000,0.00000,0.00000
181.41000,1.98000,1.00000,0.00000,0.00000
181.61000,1.98000,1.00000,0.00000,0.00000
181.81000,1.98000,1.00000,0.00000,0.00000
182.00999,1.98001,1.00000,0.00000,0.00000
182.21001,1.98000,1.00000,0.00000,0.00000
182.41000,1.98000,0.99999,0.00001,0.00000
182.61000,1.98000,0.99999,0.00001,0.00000
182.81000,1.98000,0.99999,0.00001,0.00000
183.00999,1.98001,0.99999,0.00001,0.00000
183.21001,1.98000,0.99999,0.00001,0.00000
183.41000,1.98000,0.99999,0.00001,0.00000
183.61000,1.98000,0.99999,0.00001,0.00000
183.81000,1.98000,0.99999,0.00001,0.00000
184.00999,1.98001,0.99999,0.00001,0.00000
184.21001,1.98000,0.99997,0.00003,0.00000
184.41000,1.98000,0.99984,0.00016,0.00000
184.61000,1.98000,0.99974,0.00026,0.00000
184.81000,1.98000,0.99939,0.00060,0.00000
185.00999,1.98001,0.99964,0.00036,0.00000
185.21001,1.98000,0.99972,0.00028,0.00000
185.41000,1.98000,0.99978,0.00022,0.00000
185.61000,1.98000,0.99987,0.00013,0.00000
185.81000,1.98000,0.99992,0.00008,0.00000
186.00999,1.98001,0.99995,0.00005,0.00000
186.21001,1.98000,0.99998,0.00002,0.00000
186.41000,1.98000,1.00000,0.00000,0.00000
186.61000,1.98000,1.00000,0.00000,0.00000
186.81000,1.98000,1.00000,0.00000,0.00000
187.00999,1.98001,1.00000,0.00000,0.00000
187.21001,1.98000,1.00000,0.00000,0.00000
187.41000,1.98000,1.00000,0.00000,0.00000
187.61000,1.98000,1.00000,0.00000,0.00000
187.81000,1.98000,1.00000,0.00000,0.00000
188.00999,1.98001,1.00000,0.00000,0.00000
188.21001,1.98000,1.00000,0.00000,0.00000
188.41000,1.98000,0.99999,0.00001,0.00000
188.61000,1.98000,0.99999,0.00001,0.00000
188.81000,1.98000,0.99998,0.00002,0.00000
189.00999,1.98001,0.99986,0.00014,0.00000
189.21001,1.98000,0.99984,0.00016,0.00000
189.41000,1.98000,0.99974,0.00026,0.00000
189.61000,1.98000,0.99982,0.00018,0.00000
189.81000,1.98000,0.99988,0.00012,0.00000
190.00999,1.98001,0.99990,0.00010,0.00000
190.21001,1.98000,0.99995,0.00005,0.00000
190.41000,1.98000,0.99996,0.00004,0.00000
190.61000,1.98000,0.99999,0.00001,0.00000
190.81000,1.98000,0.99999,0.00001,0.00000
191.00999,1.98001,1.00000,0.00000,0.00000
191.21001,1.98000,1.00000,0.00000,0.00000
191.41000,1.98000,1.00000,0.00000,0.00000
191.61000,1.98000,1.00000,0.00000,0.00000
191.81000,1.98000,0.99999,0.00001,0.00000
192.00999,1.98001,0.99999,0.00001,0.00000
192.21001,1.98000,1.00000,0.00000,0.00000
192.41000,1.98000,1.00000,0.00000,0.00000
192.61000,1.98000,1.00000,0.00000,0.00000
192.81000,1.98000,1.00000,0.00000,0.00000
193.00999,1.98001,1.00000,0.00000,0.00000
193.21001,1.98000,1.00000,0.00000,0.00000
193.41000,1.98000,1.00000,0.00000,0.00000
193.61000,1.98000,1.00000,0.00000,0.00000
193.81000,1.98000,1.00000,0.00000,0.00000
194.00999,1.98001,1.00000,0.00000,0.00000
194.21001,1.98000,1.00000,0.00000,0.00000
194.41000,1.98000,1.00000,0.00000,0.00000
194.61000,1.98000,1.00000,0.00000,0.00000
194.81000,1.98000,1.00000,0.00000,0.00000
195.00999,1.98001,1.00000,0.00000,0.00000
195.21001,1.98000,1.00000,0.00000,0.00000
195.41000,1.98000,1.00000,0.00000,0.00000
195.61000,1.98000,1.00000,0.00000,0.00000
195.81000,1.98000,1.00000,0.00000,0.00000
196.00999,1.98001,1.00000,0.00000,0.00000
196.21001,1.98000,1.00000,0.00000,0.00000
196.41000,1.98000,1.00000,0.00000,0.00000
196.61000,1.98000,1.00000,0.00000,0.00000
196.81000,1.98000,1.00000,0.00000,0.00000
197.00999,1.98001,1.00000,0.00000,0.00000
197.21001,1.98000,1.00000,0.00000,0.00000
197.41000,1.98000,1.00000,0.00000,0.00000
197.61000,1.98000,1.00000,0.00000,0.00000
197.81000,1.98000,1.00000,0.00000,0.00000
198.00999,1.98001,1.00000,0.00000,0.00000
198.21001,1.98000,1.00000,0.00000,0.00000
198.41000,1.98000,1.00000,0.00000,0.00000
198.61000,1.98000,1.00000,0.00000,0.00000
198.81000,1.98000,1.00000,0.00000,0.00000
199.00999,1.98001,1.00000,0.00000,0.00000
199.21001,1.98000,1.00000,0.00000,0.00000
199.41000,1.98000,1.00000,0.00000,0.00000
199.61000,1.98000,1.00000,0.00000,0.00000
199.81000,1.98000,1.00000,0.00000,0.00000
200.00999,1.98001,1.00000,0.00000,0.00000
200.21001,1.98000,1.00000,0.00000,0.00000
200.41000,1.98000,0.99999,0.00001,0.00000
200.61000,1.98000,0.99999,0.00000,0.00000
200.81000,1.98000,0.99999,0.00001,0.00000
201.00999,1.98001,1.00000,0.00000,0.00000
201.21001,1.98000,0.99999,0.00001,0.00000
201.41000,1.98000,0.99999,0.00001,0.00000
201.61000,1.98000,0.99999,0.00001,0.00000
201.81000,1.98000,0.99999,0.00001,0.00000
202.00999,1.98001,0.99999,0.00001,0.00000
202.21001,1.98000,0.99999,0.00001,0.00000
202.41000,1.98000,1.00000,0.00000,0.00000
202.61000,1.98000,0.99999,0.00001,0.00000
202.81000,1.98000,0.99999,0.00000,0.00000
203.00999,1.98001,0.99998,0.00002,0.00000
203.21001,1.98000,0.99999,0.00001,0.00000
203.41000,1.98000,0.99999,0.00001,0.00000
203.61000,1.98000,0.99997,0.00003,0.00000
203.81000,1.98000,0.99989,0.00010,0.00000
204.00999,1.98001,0.99984,0.00015,0.00001
204.21001,1.98000,0.99912,0.00082,0.00006
204.41000,1.98000,0.99698,0.00271,0.00031
204.61000,1.98000,0.99716,0.00259,0.00025
204.81000,1.98000,0.99748,0.00219,0.00033
205.00999,1.98001,0.99938,0.00054,0.00008
205.21001,1.98000,0.99976,0.00022,0.00002
205.41000,1.98000,0.99980,0.00017,0.00002
205.61000,1.98000,0.99987,0.00011,0.00002
205.81000,1.98000,0.99994,0.00005,0.00001
206.00999,1.98001,0.99997,0.00003,0.00000
206.21001,1.98000,0.99999,0.00001,0.00000
206.41000,1.98000,1.00000,0.00000,0.00000
206.61000,1.98000,1.00000,0.00000,0.00000
206.81000,1.98000,1.00000,0.00000,0.00000
207.00999,1.98001,1.00000,0.00000,0.00000
207.21001,1.98000,1.00000,0.00000,0.00000
207.41000,1.98000,1.00000,0.00000,0.00000
207.61000,1.98000,1.00000,0.00000,0.00000
207.81000,1.98000,1.00000,0.00000,0.00000
208.00999,1.98001,1.00000,0.00000,0.00000
208.21001,1.98000,1.00000,0.00000,0.00000
208.41000,1.98000,1.00000,0.00000,0.00000
208.61000,1.98000,1.00000,0.00000,0.00000
208.81000,1.98000,1.00000,0.00000,0.00000
209.00999,1.98001,1.00000,0.00000,0.00000
209.21001,1.98000,1.00000,0.00000,0.00000
209.41000,1.98000,1.00000,0.00000,0.00000
209.61000,1.98000,1.00000,0.00000,0.00000
209.81000,1.98000,1.00000,0.00000,0.00000
210.00999,1.98001,1.00000,0.00000,0.00000
210.21001,1.98000,1.00000,0.00000,0.00000
210.41000,1.98000,1.00000,0.00000,0.00000
210.61000,1.98000,1.00000,0.00000,0.00000
210.81000,1.98000,1.00000,0.00000,0.00000
211.00999,1.98001,1.00000,0.00000,0.00000
211.21001,1.98000,1.00000,0.00000,0.00000
211.41000,1.98000,1.00000,0.00000,0.00000
211.61000,1.98000,1.00000,0.00000,0.00000
211.81000,1.98000,1.00000,0.00000,0.00000
212.00999,1.98001,1.00000,0.00000,0.00000
212.21001,1.98000,1.00000,0.00000,0.00000
212.41000,1.98000,1.00000,0.00000,0.00000
212.61000,1.98000,1.00000,0.00000,0.00000
212.81000,1.98000,1.00000,0.00000,0.00000
213.00999,1.98001,1.00000,0.00000,0.00000
213.21001,1.98000,1.00000,0.00000,0.00000
213.41000,1.98000,1.00000,0.00000,0.00000
213.61000,1.98000,1.00000,0.00000,0.00000
213.81000,1.98000,1.00000,0.00000,0.00000
214.00999,1.98001,1.00000,0.00000,0.00000
214.21001,1.98000,1.00000,0.00000,0.00000
214.41000,1.98000,1.00000,0.00000,0.00000
214.61000,1.98000,1.00000,0.00000,0.00000
214.81000,1.98000,1.00000,0.00000,0.00000
215.00999,1.98001,1.00000,0.00000,0.00000
215.21001,1.98000,1.00000,0.00000,0.00000
215.41000,1.98000,1.00000,0.00000,0.00000
215.61000,1.98000,1.00000,0.00000,0.00000
215.81000,1.98000,1.00000,0.00000,0.00000
216.00999,1.98001,1.00000,0.00000,0.00000
216.21001,1.98000,1.00000,0.00000,0.00000
216.41000,1.98000,1.00000,0.00000,0.00000
216.61000,1.98000,1.00000,0.00000,0.00000
216.81000,1.98000,1.00000,0.00000,0.00000
217.00999,1.98001,1.00000,0.00000,0.00000
217.21001,1.98000,1.00000,0.00000,0.00000
217.41000,1.98000,1.00000,0.00000,0.00000
217.61000,1.98000,1.00000,0.00000,0.00000
217.81000,1.98000,1.00000,0.00000,0.00000
218.00999,1.98001,1.00000,0.00000,0.00000
218.21001,1.98000,1.00000,0.00000,0.00000
218.41000,1.98000,1.00000,0.00000,0.00000
218.61000,1.98000,1.00000,0.00000,0.00000
218.81000,1.98000,1.00000,0.00000,0.00000
219.00999,1.98001,1.00000,0.00000,0.00000
219.21001,1.98000,1.00000,0.00000,0.00000
219.41000,1.98000,1.00000,0.00000,0.00000
219.61000,1.98000,1.00000,0.00000,0.00000
219.81000,1.98000,1.00000,0.00000,0.00000
220.00999,1.98001,1.00000,0.00000,0.00000
220.21001,1.98000,1.00000,0.00000,0.00000
220.41000,1.98000,1.00000,0.00000,0.00000
220.61000,1.98000,1.00000,0.00000,0.00000
220.81000,1.98000,1.00000,0.00000,0.00000
221.00999,1.98001,1.00000,0.00000,0.00000
221.21001,1.98000,1.00000,0.00000,0.00000
221.41000,1.98000,1.00000,0.00000,0.00000
221.61000,1.98000,1.00000,0.00000,0.00000
221.81000,1.98000,1.00000,0.00000,0.00000
222.00999,1.98001,1.00000,0.00000,0.00000
222.21001,1.98000,1.00000,0.00000,0.00000
222.41000,1.98000,1.00000,0.00000,0.00000
222.61000,1.98000,1.00000,0.00000,0.00000
222.81000,1.98000,1.00000,0.00000,0.00000
223.00999,1.98001,1.00000,0.00000,0.00000
223.21001,1.98000,1.00000,0.00000,0.00000
223.41000,1.98000,1.00000,0.00000,0.00000
223.61000,1.98000,1.00000,0.00000,0.00000
223.81000,1.98000,1.00000,0.00000,0.00000
224.00999,1.98001,1.00000,0.00000,0.00000
224.21001,1.98000,1.00000,0.00000,0.00000
224.41000,1.98000,1.00000,0.00000,0.00000
224.61000,1.98000,1.00000,0.00000,0.00000
224.81000,1.98000,1.00000,0.00000,0.00000
225.00999,1.98001,0.99997,0.00003,0.00000
225.21001,1.98000,0.99994,0.00006,0.00000
225.41000,1.98000,0.99992,0.00008,0.00000
225.61000,1.98000,0.99988,0.00012,0.00000
225.81000,1.98000,0.99988,0.00012,0.00000
226.00999,1.98001,0.99978,0.00022,0.00000
226.21001,1.98000,0.99968,0.00032,0.00000
226.41000,1.98000,0.99955,0.00045,0.00000
226.61000,1.98000,0.99986,0.00014,0.00000
226.81000,1.98000,0.99996,0.00004,0.00000
227.00999,1.98001,0.99999,0.00001,0.00000
227.21001,1.98000,0.99999,0.00001,0.00000
227.41000,1.98000,0.99999,0.00001,0.00000
227.61000,1.98000,0.99999,0.00001,0.00000
227.81000,1.98000,0.99999,0.00001,0.00000
228.00999,1.98001,1.00000,0.00000,0.00000
228.21001,1.98000,1.00000,0.00000,0.00000
228.41000,1.98000,1.00000,0.00000,0.00000
228.61000,1.98000,1.00000,0.00000,0.00000
228.81000,1.98000,1.00000,0.00000,0.00000
229.00999,1.98001,1.00000,0.00000,0.00000
229.21001,1.98000,1.00000,0.00000,0.00000
229.41000,1.98000,1.00000,0.00000,0.00000
229.61000,1.98000,1.00000,0.00000,0.00000
229.81000,1.98000,1.00000,0.00000,0.00000
230.00999,1.98001,1.00000,0.00000,0.00000
230.21001,1.98000,1.00000,0.00000,0.00000
230.41000,1.98000,1.00000,0.00000,0.00000
230.61000,1.98000,1.00000,0.00000,0.00000
230.81000,1.98000,1.00000,0.00000,0.00000
231.00999,1.98001,1.00000,0.00000,0.00000
231.21001,1.98000,1.00000,0.00000,0.00000
231.41000,1.98000,1.00000,0.00000,0.00000
231.61000,1.98000,1.00000,0.00000,0.00000
231.81000,1.98000,1.00000,0.00000,0.00000
