Time (seconds), Duration (seconds),pred_(unlabeled),pred_On,pred_Off,pred_Dimmer,pred_Lighter
0.01000,1.98000,0.91867,0.00537,0.00215,0.07359,0.00023
0.21000,1.98000,0.94533,0.00380,0.00352,0.04721,0.00014
0.41000,1.98000,0.94173,0.00171,0.00127,0.05523,0.00006
0.61000,1.98000,0.90945,0.00235,0.00336,0.08465,0.00019
0.81000,1.98000,0.96304,0.00152,0.00233,0.03302,0.00008
1.01000,1.98000,0.95192,0.00231,0.00358,0.04183,0.00036
1.21000,1.98000,0.94406,0.00199,0.00394,0.04979,0.00022
1.41000,1.98000,0.97073,0.00122,0.00263,0.02528,0.00014
1.61000,1.98000,0.90446,0.00215,0.00368,0.08904,0.00067
1.81000,1.98000,0.92365,0.00370,0.00290,0.06919,0.00056
2.01000,1.98000,0.97188,0.00165,0.00120,0.02509,0.00019
2.21000,1.98000,0.94218,0.00311,0.00200,0.05197,0.00074
2.41000,1.98000,0.97707,0.00505,0.00111,0.01602,0.00075
2.61000,1.98000,0.96900,0.00749,0.00055,0.02213,0.00084
2.81000,1.98000,0.99535,0.00251,0.00020,0.00187,0.00008
3.01000,1.98000,0.98616,0.00776,0.00027,0.00548,0.00032
3.21000,1.98000,0.98415,0.00990,0.00021,0.00536,0.00038
3.41000,1.98000,0.99025,0.00580,0.00035,0.00332,0.00028
3.61000,1.98000,0.98056,0.01107,0.00052,0.00750,0.00035
3.81000,1.98000,0.98828,0.00707,0.00033,0.00413,0.00019
4.01000,1.98000,0.99229,0.00165,0.00031,0.00560,0.00015
4.21000,1.98000,0.99486,0.00294,0.00032,0.00184,0.00004
4.41000,1.98000,0.99512,0.00149,0.00038,0.00299,0.00002
4.61000,1.98000,0.99393,0.00226,0.00047,0.00333,0.00001
4.81000,1.98000,0.98400,0.00108,0.00073,0.01415,0.00004
5.01000,1.98000,0.98066,0.00111,0.00156,0.01661,0.00006
5.21000,1.98000,0.97583,0.00045,0.00182,0.02181,0.00008
5.41000,1.98000,0.98463,0.00031,0.00149,0.01353,0.00004
5.61000,1.98000,0.99125,0.00013,0.00101,0.00757,0.00004
5.81000,1.98000,0.98029,0.00030,0.00209,0.01724,0.00007
6.01000,1.98000,0.98845,0.00030,0.00141,0.00979,0.00004
6.21000,1.98000,0.98917,0.00022,0.00139,0.00918,0.00005
6.41000,1.98000,0.98683,0.00019,0.00140,0.01148,0.00009
6.61000,1.98000,0.99051,0.00007,0.00129,0.00804,0.00008
6.81000,1.98000,0.99085,0.00007,0.00162,0.00734,0.00012
7.01000,1.98000,0.99330,0.00005,0.00106,0.00548,0.00010
7.21000,1.98000,0.99508,0.00008,0.00086,0.00389,0.00009
7.41000,1.98000,0.99376,0.00011,0.00119,0.00482,0.00011
7.61000,1.98000,0.99700,0.00008,0.00055,0.00227,0.00009
7.81000,1.98000,0.99648,0.00008,0.00071,0.00260,0.00014
8.01000,1.98000,0.99693,0.00007,0.00058,0.00230,0.00013
8.21000,1.98000,0.99778,0.00005,0.00045,0.00164,0.00008
8.41000,1.98000,0.99792,0.00004,0.00041,0.00153,0.00009
8.61000,1.98000,0.99751,0.00004,0.00050,0.00184,0.00011
8.81000,1.98000,0.99763,0.00004,0.00048,0.00171,0.00014
9.01000,1.98000,0.99710,0.00006,0.00058,0.00211,0.00015
9.21000,1.98000,0.99764,0.00004,0.00045,0.00172,0.00014
9.41000,1.98000,0.99770,0.00004,0.00043,0.00173,0.00011
9.61000,1.98000,0.99771,0.00005,0.00049,0.00165,0.00011
9.81000,1.98000,0.99819,0.00004,0.00034,0.00136,0.00008
10.01000,1.98000,0.99921,0.00003,0.00020,0.00050,0.00006
10.21000,1.98000,0.99909,0.00003,0.00044,0.00032,0.00012
10.41000,1.98000,0.99892,0.00002,0.00077,0.00018,0.00011
10.61000,1.98000,0.99923,0.00002,0.00053,0.00008,0.00014
10.81000,1.98000,0.99915,0.00002,0.00035,0.00018,0.00031
11.01000,1.98000,0.99533,0.00008,0.00078,0.00152,0.00228
11.21000,1.98000,0.90398,0.00081,0.00546,0.06534,0.02441
11.41000,1.98000,0.78036,0.00240,0.00916,0.13872,0.06936
11.61000,1.98000,0.77438,0.00225,0.01062,0.16333,0.04941
11.81000,1.98000,0.82640,0.00165,0.01211,0.11156,0.04828
12.01000,1.98000,0.85405,0.00104,0.01025,0.12348,0.01118
12.21000,1.98000,0.92599,0.00202,0.00377,0.06209,0.00612
12.41000,1.98000,0.92428,0.00041,0.00271,0.06804,0.00456
12.61000,1.98000,0.99025,0.00006,0.00631,0.00187,0.00152
12.81000,1.98000,0.98948,0.00001,0.01016,0.00010,0.00026
13.01000,1.98000,0.99044,0.00001,0.00937,0.00003,0.00015
13.21000,1.98000,0.98706,0.00002,0.01199,0.00008,0.00085
13.41000,1.98000,0.97277,0.00001,0.02279,0.00013,0.00431
13.61000,1.98000,0.98131,0.00001,0.01679,0.00011,0.00178
13.81000,1.98000,0.97771,0.00001,0.01838,0.00013,0.00378
14.01000,1.98000,0.98490,0.00001,0.01319,0.00007,0.00183
14.21000,1.98000,0.98111,0.00001,0.01667,0.00010,0.00211
14.41000,1.98000,0.99214,0.00001,0.00732,0.00010,0.00043
14.61000,1.98000,0.99613,0.00001,0.00310,0.00034,0.00041
14.81000,1.98000,0.99776,0.00002,0.00109,0.00096,0.00017
15.01000,1.98000,0.99819,0.00001,0.00062,0.00106,0.00011
15.21000,1.98000,0.99714,0.00006,0.00060,0.00210,0.00011
15.41000,1.98000,0.99762,0.00007,0.00041,0.00182,0.00008
15.61000,1.98000,0.99809,0.00007,0.00033,0.00143,0.00008
15.81000,1.98000,0.99852,0.00007,0.00026,0.00108,0.00006
16.01000,1.98000,0.99816,0.00007,0.00032,0.00134,0.00011
16.21000,1.98000,0.99823,0.00007,0.00030,0.00129,0.00011
16.41000,1.98000,0.99804,0.00008,0.00033,0.00141,0.00013
16.61000,1.98000,0.99824,0.00007,0.00028,0.00129,0.00012
16.81000,1.98000,0.99828,0.00007,0.00028,0.00125,0.00012
17.01000,1.98000,0.99822,0.00007,0.00029,0.00129,0.00012
17.21000,1.98000,0.99822,0.00008,0.00029,0.00128,0.00013
17.41000,1.98000,0.99807,0.00008,0.00033,0.00137,0.00015
17.61000,1.98000,0.99820,0.00008,0.00029,0.00130,0.00013
17.81000,1.98000,0.99807,0.00008,0.00034,0.00138,0.00013
18.01000,1.98000,0.99843,0.00007,0.00026,0.00113,0.00010
18.21000,1.98000,0.99919,0.00006,0.00034,0.00036,0.00006
18.41000,1.98000,0.99980,0.00001,0.00011,0.00004,0.00004
18.61000,1.98000,0.99913,0.00003,0.00018,0.00039,0.00027
18.81000,1.98000,0.99221,0.00013,0.00035,0.00413,0.00317
19.01000,1.98000,0.90308,0.00111,0.00089,0.08433,0.01059
19.21000,1.98000,0.85768,0.00154,0.00131,0.12459,0.01488
19.41000,1.98000,0.78395,0.00154,0.00165,0.19789,0.01498
19.61000,1.98000,0.80141,0.00175,0.00205,0.17597,0.01882
19.81000,1.98000,0.75702,0.00172,0.00195,0.22376,0.01556
20.01000,1.98000,0.84234,0.00228,0.00231,0.14268,0.01039
20.21000,1.98000,0.88034,0.00063,0.00112,0.11536,0.00255
20.41000,1.98000,0.99640,0.00008,0.00048,0.00298,0.00006
20.61000,1.98000,0.99678,0.00010,0.00057,0.00253,0.00002
20.81000,1.98000,0.99816,0.00009,0.00084,0.00090,0.00001
21.01000,1.98000,0.99774,0.00005,0.00137,0.00082,0.00002
21.21000,1.98000,0.99788,0.00013,0.00155,0.00042,0.00002
21.41000,1.98000,0.99869,0.00010,0.00066,0.00054,0.00002
21.61000,1.98000,0.99813,0.00005,0.00133,0.00046,0.00004
21.81000,1.98000,0.99587,0.00005,0.00263,0.00137,0.00008
22.01000,1.98000,0.99721,0.00008,0.00181,0.00084,0.00006
22.21000,1.98000,0.99744,0.00003,0.00188,0.00062,0.00004
22.41000,1.98000,0.99776,0.00003,0.00164,0.00049,0.00008
22.61000,1.98000,0.99779,0.00002,0.00148,0.00063,0.00008
22.81000,1.98000,0.99812,0.00006,0.00071,0.00106,0.00005
23.01000,1.98000,0.99742,0.00003,0.00048,0.00198,0.00009
23.21000,1.98000,0.99763,0.00004,0.00035,0.00189,0.00009
23.41000,1.98000,0.99775,0.00004,0.00060,0.00150,0.00012
23.61000,1.98000,0.99845,0.00007,0.00023,0.00119,0.00005
23.81000,1.98000,0.99856,0.00007,0.00019,0.00113,0.00006
24.01000,1.98000,0.99858,0.00006,0.00021,0.00108,0.00007
24.21000,1.98000,0.99864,0.00006,0.00022,0.00100,0.00008
24.41000,1.98000,0.99880,0.00005,0.00019,0.00088,0.00008
24.61000,1.98000,0.99881,0.00006,0.00019,0.00086,0.00009
24.81000,1.98000,0.99878,0.00006,0.00018,0.00089,0.00010
25.01000,1.98000,0.99868,0.00004,0.00023,0.00093,0.00012
25.21000,1.98000,0.99955,0.00002,0.00016,0.00022,0.00006
25.41000,1.98000,0.99973,0.00002,0.00007,0.00011,0.00006
25.61000,1.98000,0.99919,0.00003,0.00008,0.00044,0.00026
25.81000,1.98000,0.90261,0.00042,0.00070,0.08121,0.01507
26.01000,1.98000,0.81078,0.00087,0.00080,0.17404,0.01350
26.21000,1.98000,0.77531,0.00076,0.00106,0.20033,0.02254
26.41000,1.98000,0.74487,0.00060,0.00142,0.23475,0.01837
26.61000,1.98000,0.73424,0.00063,0.00127,0.24652,0.01735
26.81000,1.98000,0.74115,0.00062,0.00134,0.24548,0.01142
27.01000,1.98000,0.74178,0.00109,0.00155,0.24094,0.01464
27.21000,1.98000,0.91439,0.00023,0.00113,0.08153,0.00272
27.41000,1.98000,0.99143,0.00003,0.00072,0.00753,0.00029
27.61000,1.98000,0.99904,0.00002,0.00030,0.00063,0.00002
27.81000,1.98000,0.99887,0.00004,0.00021,0.00085,0.00004
28.01000,1.98000,0.99803,0.00002,0.00089,0.00092,0.00014
28.21000,1.98000,0.99829,0.00001,0.00110,0.00039,0.00021
28.41000,1.98000,0.99655,0.00000,0.00265,0.00033,0.00046
28.61000,1.98000,0.99697,0.00000,0.00260,0.00016,0.00026
28.81000,1.98000,0.99857,0.00000,0.00133,0.00003,0.00007
29.01000,1.98000,0.99489,0.00003,0.00435,0.00036,0.00037
29.21000,1.98000,0.99163,0.00001,0.00767,0.00026,0.00043
29.41000,1.98000,0.97329,0.00005,0.02452,0.00106,0.00108
29.61000,1.98000,0.96573,0.00002,0.03240,0.00055,0.00130
29.81000,1.98000,0.97285,0.00005,0.02564,0.00074,0.00072
30.01000,1.98000,0.97304,0.00017,0.02299,0.00290,0.00090
30.21000,1.98000,0.98250,0.00032,0.01287,0.00407,0.00024
30.41000,1.98000,0.97321,0.00215,0.01432,0.00943,0.00090
30.61000,1.98000,0.97501,0.00182,0.01041,0.01180,0.00097
30.81000,1.98000,0.96742,0.00069,0.01139,0.01868,0.00183
31.01000,1.98000,0.97454,0.00095,0.01272,0.01027,0.00152
31.21000,1.98000,0.98287,0.00093,0.00393,0.01044,0.00183
31.41000,1.98000,0.98796,0.00064,0.00325,0.00683,0.00132
31.61000,1.98000,0.99005,0.00072,0.00192,0.00610,0.00121
31.81000,1.98000,0.99253,0.00052,0.00166,0.00424,0.00105
32.01000,1.98000,0.99508,0.00031,0.00099,0.00280,0.00081
32.21000,1.98000,0.99930,0.00019,0.00017,0.00021,0.00012
32.41000,1.98000,0.99727,0.00010,0.00022,0.00127,0.00113
32.61000,1.98000,0.83278,0.00082,0.00114,0.14899,0.01628
32.81000,1.98000,0.83477,0.00130,0.00105,0.15406,0.00882
33.01000,1.98000,0.76230,0.00108,0.00149,0.22667,0.00847
33.21000,1.98000,0.73112,0.00175,0.00175,0.25449,0.01089
33.41000,1.98000,0.75002,0.00131,0.00156,0.23620,0.01091
33.61000,1.98000,0.70603,0.00215,0.00185,0.27848,0.01149
33.81000,1.98000,0.71564,0.00164,0.00179,0.26756,0.01338
34.01000,1.98000,0.76884,0.00209,0.00239,0.21516,0.01153
34.21000,1.98000,0.98439,0.00007,0.00116,0.01359,0.00079
34.41000,1.98000,0.99380,0.00050,0.00092,0.00457,0.00022
34.61000,1.98000,0.99541,0.00035,0.00077,0.00316,0.00031
34.81000,1.98000,0.99734,0.00018,0.00036,0.00190,0.00023
35.01000,1.98000,0.99822,0.00020,0.00016,0.00126,0.00015
35.21000,1.98000,0.99825,0.00010,0.00015,0.00132,0.00018
35.41000,1.98000,0.99889,0.00011,0.00018,0.00068,0.00015
35.61000,1.98000,0.99887,0.00010,0.00028,0.00050,0.00024
35.81000,1.98000,0.99835,0.00007,0.00046,0.00081,0.00032
36.01000,1.98000,0.99653,0.00006,0.00108,0.00172,0.00060
36.21000,1.98000,0.99711,0.00007,0.00097,0.00144,0.00041
36.41000,1.98000,0.99483,0.00012,0.00105,0.00343,0.00056
36.61000,1.98000,0.99553,0.00014,0.00091,0.00263,0.00079
36.81000,1.98000,0.99269,0.00015,0.00111,0.00447,0.00158
37.01000,1.98000,0.99470,0.00011,0.00234,0.00180,0.00105
37.21000,1.98000,0.99442,0.00010,0.00172,0.00293,0.00084
37.41000,1.98000,0.99480,0.00010,0.00105,0.00368,0.00037
37.61000,1.98000,0.99363,0.00009,0.00090,0.00515,0.00023
37.81000,1.98000,0.99152,0.00016,0.00102,0.00706,0.00024
38.01000,1.98000,0.98966,0.00016,0.00078,0.00908,0.00032
38.21000,1.98000,0.99845,0.00012,0.00023,0.00110,0.00009
38.41000,1.98000,0.99886,0.00003,0.00023,0.00076,0.00013
38.61000,1.98000,0.95541,0.00008,0.00106,0.03891,0.00453
38.81000,1.98000,0.50181,0.00027,0.00216,0.48662,0.00915
39.01000,1.98000,0.48928,0.00025,0.00246,0.49655,0.01147
39.21000,1.98000,0.48495,0.00019,0.00253,0.50135,0.01099
39.41000,1.98000,0.47024,0.00022,0.00279,0.51191,0.01483
39.61000,1.98000,0.57490,0.00025,0.00197,0.41267,0.01020
39.81000,1.98000,0.61919,0.00040,0.00145,0.36542,0.01354
40.01000,1.98000,0.69787,0.00051,0.00160,0.28626,0.01376
40.21000,1.98000,0.93036,0.00005,0.00232,0.06381,0.00346
40.41000,1.98000,0.99402,0.00001,0.00140,0.00431,0.00026
40.61000,1.98000,0.99499,0.00013,0.00100,0.00365,0.00024
40.81000,1.98000,0.99629,0.00016,0.00073,0.00261,0.00021
41.01000,1.98000,0.99652,0.00017,0.00060,0.00248,0.00023
41.21000,1.98000,0.99626,0.00018,0.00063,0.00273,0.00020
41.41000,1.98000,0.99683,0.00014,0.00053,0.00232,0.00018
41.61000,1.98000,0.99718,0.00013,0.00046,0.00210,0.00013
41.81000,1.98000,0.99694,0.00005,0.00071,0.00211,0.00019
42.01000,1.98000,0.99819,0.00004,0.00072,0.00076,0.00029
42.21000,1.98000,0.99692,0.00002,0.00142,0.00099,0.00065
42.41000,1.98000,0.99742,0.00003,0.00159,0.00044,0.00051
42.61000,1.98000,0.99611,0.00003,0.00299,0.00019,0.00068
42.81000,1.98000,0.99232,0.00007,0.00655,0.00025,0.00080
43.01000,1.98000,0.98929,0.00008,0.00907,0.00027,0.00128
43.21000,1.98000,0.98270,0.00025,0.01277,0.00068,0.00358
43.41000,1.98000,0.98756,0.00025,0.01014,0.00039,0.00166
43.61000,1.98000,0.98994,0.00029,0.00818,0.00040,0.00119
43.81000,1.98000,0.99081,0.00088,0.00626,0.00082,0.00123
44.01000,1.98000,0.99211,0.00149,0.00442,0.00141,0.00056
44.21000,1.98000,0.99104,0.00308,0.00298,0.00251,0.00039
44.41000,1.98000,0.99569,0.00069,0.00185,0.00163,0.00013
44.61000,1.98000,0.98579,0.00146,0.00242,0.01009,0.00024
44.81000,1.98000,0.98246,0.00100,0.00178,0.01440,0.00037
45.01000,1.98000,0.97855,0.00106,0.00218,0.01771,0.00051
45.21000,1.98000,0.99603,0.00064,0.00040,0.00280,0.00012
45.41000,1.98000,0.99876,0.00017,0.00019,0.00078,0.00010
45.61000,1.98000,0.98626,0.00022,0.00029,0.01124,0.00198
45.81000,1.98000,0.51930,0.00133,0.00101,0.46653,0.01182
46.01000,1.98000,0.57907,0.00089,0.00083,0.40945,0.00975
46.21000,1.98000,0.54212,0.00055,0.00092,0.44679,0.00962
46.41000,1.98000,0.65584,0.00036,0.00071,0.33539,0.00770
46.61000,1.98000,0.69001,0.00033,0.00064,0.30106,0.00796
46.81000,1.98000,0.67337,0.00034,0.00078,0.31704,0.00847
47.01000,1.98000,0.70808,0.00033,0.00075,0.28305,0.00779
47.21000,1.98000,0.90123,0.00007,0.00138,0.09532,0.00199
47.41000,1.98000,0.99543,0.00001,0.00079,0.00366,0.00011
47.61000,1.98000,0.99632,0.00004,0.00054,0.00305,0.00006
47.81000,1.98000,0.99822,0.00003,0.00034,0.00137,0.00005
48.01000,1.98000,0.99913,0.00004,0.00040,0.00040,0.00004
48.21000,1.98000,0.99837,0.00010,0.00116,0.00027,0.00010
48.41000,1.98000,0.99498,0.00011,0.00403,0.00037,0.00051
48.61000,1.98000,0.98695,0.00012,0.01011,0.00081,0.00201
48.81000,1.98000,0.98714,0.00006,0.01007,0.00056,0.00217
49.01000,1.98000,0.98554,0.00008,0.01123,0.00090,0.00224
49.21000,1.98000,0.98374,0.00012,0.01288,0.00109,0.00217
49.41000,1.98000,0.98774,0.00016,0.00973,0.00109,0.00127
49.61000,1.98000,0.98420,0.00016,0.01210,0.00130,0.00224
49.81000,1.98000,0.98472,0.00008,0.01330,0.00073,0.00118
50.01000,1.98000,0.99381,0.00002,0.00527,0.00053,0.00037
50.21000,1.98000,0.99546,0.00003,0.00267,0.00163,0.00022
50.41000,1.98000,0.99573,0.00010,0.00068,0.00339,0.00009
50.61000,1.98000,0.99367,0.00028,0.00070,0.00528,0.00008
50.81000,1.98000,0.99284,0.00034,0.00071,0.00603,0.00008
51.01000,1.98000,0.99504,0.00025,0.00065,0.00398,0.00008
51.21000,1.98000,0.99505,0.00016,0.00069,0.00399,0.00010
51.41000,1.98000,0.99937,0.00011,0.00017,0.00033,0.00002
51.61000,1.98000,0.99761,0.00007,0.00022,0.00193,0.00016
51.81000,1.98000,0.94550,0.00039,0.00061,0.05126,0.00224
52.01000,1.98000,0.60875,0.00067,0.00125,0.38281,0.00653
52.21000,1.98000,0.66850,0.00052,0.00156,0.32142,0.00800
52.41000,1.98000,0.59104,0.00045,0.00216,0.39380,0.01254
52.61000,1.98000,0.66354,0.00049,0.00242,0.32061,0.01295
52.81000,1.98000,0.62563,0.00039,0.00213,0.35980,0.01205
53.01000,1.98000,0.64902,0.00037,0.00280,0.33705,0.01076
53.21000,1.98000,0.79403,0.00027,0.00202,0.19749,0.00619
53.41000,1.98000,0.97041,0.00002,0.00253,0.02617,0.00086
53.61000,1.98000,0.99568,0.00002,0.00117,0.00304,0.00008
53.81000,1.98000,0.99591,0.00003,0.00138,0.00260,0.00009
54.01000,1.98000,0.99684,0.00002,0.00146,0.00154,0.00013
54.21000,1.98000,0.99726,0.00003,0.00191,0.00064,0.00016
54.41000,1.98000,0.99688,0.00003,0.00235,0.00049,0.00025
54.61000,1.98000,0.99549,0.00002,0.00394,0.00019,0.00037
54.81000,1.98000,0.99402,0.00002,0.00513,0.00015,0.00069
55.01000,1.98000,0.99132,0.00003,0.00652,0.00019,0.00195
55.21000,1.98000,0.99296,0.00002,0.00548,0.00022,0.00131
55.41000,1.98000,0.99071,0.00004,0.00707,0.00036,0.00181
55.61000,1.98000,0.99507,0.00003,0.00349,0.00017,0.00124
55.81000,1.98000,0.99377,0.00016,0.00472,0.00030,0.00107
56.01000,1.98000,0.99878,0.00006,0.00093,0.00013,0.00011
56.21000,1.98000,0.99860,0.00007,0.00097,0.00026,0.00010
56.41000,1.98000,0.99756,0.00009,0.00091,0.00130,0.00014
56.61000,1.98000,0.99542,0.00035,0.00083,0.00327,0.00012
56.81000,1.98000,0.99797,0.00018,0.00032,0.00150,0.00002
57.01000,1.98000,0.99780,0.00042,0.00019,0.00156,0.00003
57.21000,1.98000,0.99851,0.00020,0.00013,0.00111,0.00005
57.41000,1.98000,0.95385,0.00049,0.00039,0.04417,0.00110
57.61000,1.98000,0.88538,0.00029,0.00197,0.11060,0.00177
57.81000,1.98000,0.74268,0.00022,0.00503,0.24837,0.00370
58.01000,1.98000,0.89636,0.00022,0.00376,0.09778,0.00188
58.21000,1.98000,0.69348,0.00032,0.00445,0.29894,0.00281
58.41000,1.98000,0.83586,0.00023,0.00300,0.15828,0.00263
58.61000,1.98000,0.84821,0.00013,0.00373,0.14521,0.00271
58.81000,1.98000,0.93242,0.00005,0.00334,0.06294,0.00125
59.01000,1.98000,0.97414,0.00002,0.00357,0.02175,0.00054
59.21000,1.98000,0.99746,0.00000,0.00166,0.00086,0.00002
59.41000,1.98000,0.99662,0.00003,0.00161,0.00171,0.00004
59.61000,1.98000,0.99777,0.00003,0.00126,0.00089,0.00005
59.81000,1.98000,0.99862,0.00002,0.00101,0.00028,0.00007
60.01000,1.98000,0.99861,0.00005,0.00116,0.00011,0.00007
60.21000,1.98000,0.99709,0.00015,0.00246,0.00011,0.00019
60.41000,1.98000,0.99767,0.00009,0.00194,0.00009,0.00021
60.61000,1.98000,0.99176,0.00031,0.00682,0.00030,0.00080
60.81000,1.98000,0.97947,0.00041,0.01639,0.00088,0.00285
61.01000,1.98000,0.98837,0.00036,0.00926,0.00057,0.00145
61.21000,1.98000,0.95954,0.00067,0.03165,0.00164,0.00649
61.41000,1.98000,0.97611,0.00083,0.01938,0.00128,0.00241
61.61000,1.98000,0.97692,0.00125,0.01707,0.00343,0.00133
61.81000,1.98000,0.98375,0.00112,0.00908,0.00559,0.00046
62.01000,1.98000,0.98117,0.00057,0.00754,0.01019,0.00053
62.21000,1.98000,0.99608,0.00052,0.00080,0.00248,0.00012
62.41000,1.98000,0.99793,0.00008,0.00084,0.00096,0.00019
62.61000,1.98000,0.88142,0.00085,0.00168,0.11221,0.00384
62.81000,1.98000,0.43022,0.00171,0.00350,0.55392,0.01065
63.01000,1.98000,0.42432,0.00184,0.00180,0.56610,0.00594
63.21000,1.98000,0.43358,0.00130,0.00197,0.55708,0.00606
63.41000,1.98000,0.49187,0.00103,0.00207,0.49738,0.00766
63.61000,1.98000,0.49744,0.00064,0.00254,0.48717,0.01221
63.81000,1.98000,0.73921,0.00068,0.00239,0.25160,0.00612
64.01000,1.98000,0.88553,0.00034,0.00435,0.10447,0.00531
64.21000,1.98000,0.97680,0.00002,0.01460,0.00729,0.00129
64.41000,1.98000,0.98804,0.00001,0.01177,0.00010,0.00008
64.61000,1.98000,0.98209,0.00002,0.01757,0.00010,0.00022
64.81000,1.98000,0.96436,0.00002,0.03467,0.00024,0.00070
65.01000,1.98000,0.97123,0.00002,0.02759,0.00030,0.00086
65.21000,1.98000,0.98344,0.00001,0.01610,0.00009,0.00037
65.41000,1.98000,0.95832,0.00003,0.03994,0.00031,0.00140
65.61000,1.98000,0.98278,0.00002,0.01672,0.00014,0.00034
65.81000,1.98000,0.98919,0.00003,0.01041,0.00015,0.00022
66.01000,1.98000,0.99390,0.00003,0.00551,0.00046,0.00009
66.21000,1.98000,0.99498,0.00006,0.00387,0.00103,0.00007
66.41000,1.98000,0.99426,0.00004,0.00192,0.00372,0.00006
66.61000,1.98000,0.97854,0.00034,0.00412,0.01669,0.00031
66.81000,1.98000,0.98431,0.00034,0.00153,0.01375,0.00008
67.01000,1.98000,0.97010,0.00083,0.00530,0.02353,0.00025
67.21000,1.98000,0.99686,0.00035,0.00046,0.00229,0.00003
67.41000,1.98000,0.99839,0.00010,0.00037,0.00105,0.00009
67.61000,1.98000,0.87162,0.00044,0.00191,0.12214,0.00388
67.81000,1.98000,0.53058,0.00104,0.00430,0.45608,0.00801
68.01000,1.98000,0.58628,0.00071,0.00393,0.39822,0.01085
68.21000,1.98000,0.69466,0.00044,0.00544,0.29071,0.00876
68.41000,1.98000,0.50741,0.00032,0.00398,0.48084,0.00745
68.61000,1.98000,0.55895,0.00020,0.00584,0.42572,0.00929
68.81000,1.98000,0.56496,0.00010,0.00714,0.41587,0.01193
69.01000,1.98000,0.79225,0.00009,0.00747,0.19128,0.00891
69.21000,1.98000,0.91851,0.00001,0.00640,0.07226,0.00281
69.41000,1.98000,0.99442,0.00003,0.00402,0.00139,0.00014
69.61000,1.98000,0.99322,0.00020,0.00441,0.00171,0.00046
69.81000,1.98000,0.99081,0.00021,0.00545,0.00305,0.00048
70.01000,1.98000,0.98145,0.00027,0.01261,0.00498,0.00069
70.21000,1.98000,0.97780,0.00013,0.01768,0.00366,0.00073
70.41000,1.98000,0.98771,0.00011,0.01012,0.00151,0.00054
70.61000,1.98000,0.98780,0.00009,0.00950,0.00181,0.00080
70.81000,1.98000,0.99011,0.00002,0.00929,0.00045,0.00014
71.01000,1.98000,0.99509,0.00001,0.00475,0.00010,0.00004
71.21000,1.98000,0.99348,0.00003,0.00639,0.00009,0.00001
71.41000,1.98000,0.99239,0.00005,0.00662,0.00093,0.00001
71.61000,1.98000,0.99277,0.00004,0.00655,0.00063,0.00001
71.81000,1.98000,0.98231,0.00007,0.01418,0.00342,0.00002
72.01000,1.98000,0.98323,0.00013,0.01444,0.00218,0.00001
72.21000,1.98000,0.99675,0.00016,0.00243,0.00065,0.00000
72.41000,1.98000,0.99867,0.00013,0.00079,0.00040,0.00000
72.61000,1.98000,0.88550,0.00459,0.00402,0.10574,0.00014
72.81000,1.98000,0.90314,0.01254,0.00276,0.08149,0.00006
73.01000,1.98000,0.54919,0.00619,0.00100,0.44347,0.00015
73.21000,1.98000,0.49321,0.00709,0.00317,0.49619,0.00033
73.41000,1.98000,0.57579,0.00458,0.00210,0.41688,0.00065
73.61000,1.98000,0.74236,0.00484,0.00299,0.24902,0.00079
73.81000,1.98000,0.73894,0.00631,0.00187,0.25113,0.00175
74.01000,1.98000,0.83283,0.00459,0.00139,0.15984,0.00135
74.21000,1.98000,0.97301,0.00076,0.00157,0.02433,0.00033
74.41000,1.98000,0.99148,0.00079,0.00109,0.00659,0.00005
74.61000,1.98000,0.98831,0.00084,0.00224,0.00837,0.00024
74.81000,1.98000,0.99234,0.00048,0.00142,0.00556,0.00019
75.01000,1.98000,0.99447,0.00036,0.00084,0.00422,0.00011
75.21000,1.98000,0.99565,0.00068,0.00033,0.00326,0.00009
75.41000,1.98000,0.99389,0.00110,0.00062,0.00417,0.00022
75.61000,1.98000,0.98859,0.00052,0.00148,0.00856,0.00086
75.81000,1.98000,0.98811,0.00035,0.00251,0.00789,0.00114
76.01000,1.98000,0.98341,0.00042,0.00296,0.01269,0.00051
76.21000,1.98000,0.98881,0.00018,0.00344,0.00718,0.00038
76.41000,1.98000,0.96397,0.00052,0.00667,0.02777,0.00107
76.61000,1.98000,0.95849,0.00081,0.00982,0.03039,0.00049
76.81000,1.98000,0.99128,0.00020,0.00354,0.00478,0.00021
77.01000,1.98000,0.99847,0.00002,0.00114,0.00030,0.00006
77.21000,1.98000,0.91292,0.00024,0.01466,0.06781,0.00437
77.41000,1.98000,0.68489,0.00107,0.00720,0.30456,0.00227
77.61000,1.98000,0.61081,0.00185,0.00537,0.37936,0.00261
77.81000,1.98000,0.60215,0.00361,0.00349,0.38906,0.00169
78.01000,1.98000,0.71829,0.00282,0.00354,0.27046,0.00489
78.21000,1.98000,0.87788,0.00117,0.00249,0.11676,0.00170
78.41000,1.98000,0.87006,0.00224,0.00135,0.12360,0.00275
78.61000,1.98000,0.89146,0.00194,0.00140,0.10126,0.00395
78.81000,1.98000,0.97160,0.00021,0.00115,0.02625,0.00079
79.01000,1.98000,0.99486,0.00051,0.00054,0.00400,0.00009
79.21000,1.98000,0.99451,0.00047,0.00083,0.00406,0.00014
79.41000,1.98000,0.99687,0.00024,0.00050,0.00228,0.00010
79.61000,1.98000,0.99768,0.00016,0.00027,0.00180,0.00008
79.81000,1.98000,0.99804,0.00035,0.00035,0.00114,0.00012
80.01000,1.98000,0.99814,0.00011,0.00074,0.00072,0.00029
80.21000,1.98000,0.99700,0.00010,0.00104,0.00114,0.00072
80.41000,1.98000,0.99683,0.00005,0.00118,0.00104,0.00091
80.61000,1.98000,0.99338,0.00008,0.00220,0.00252,0.00182
80.81000,1.98000,0.99117,0.00004,0.00326,0.00342,0.00211
81.01000,1.98000,0.99151,0.00007,0.00320,0.00352,0.00170
81.21000,1.98000,0.99376,0.00003,0.00295,0.00196,0.00129
81.41000,1.98000,0.99781,0.00002,0.00095,0.00049,0.00073
81.61000,1.98000,0.99316,0.00002,0.00135,0.00276,0.00271
81.81000,1.98000,0.81353,0.00021,0.00327,0.16583,0.01716
82.01000,1.98000,0.71905,0.00037,0.00178,0.27298,0.00582
82.21000,1.98000,0.61307,0.00097,0.00162,0.37860,0.00574
82.41000,1.98000,0.68158,0.00152,0.00150,0.31231,0.00309
82.61000,1.98000,0.65979,0.00225,0.00142,0.33176,0.00478
82.81000,1.98000,0.73320,0.00257,0.00112,0.25916,0.00396
83.01000,1.98000,0.75561,0.00191,0.00103,0.23559,0.00586
83.21000,1.98000,0.92869,0.00068,0.00096,0.06828,0.00140
83.41000,1.98000,0.99277,0.00008,0.00066,0.00629,0.00021
83.61000,1.98000,0.99487,0.00017,0.00075,0.00410,0.00011
83.81000,1.98000,0.99506,0.00015,0.00111,0.00346,0.00021
84.01000,1.98000,0.99706,0.00015,0.00051,0.00217,0.00011
84.21000,1.98000,0.99747,0.00011,0.00040,0.00192,0.00010
84.41000,1.98000,0.99785,0.00006,0.00038,0.00158,0.00013
84.61000,1.98000,0.99786,0.00004,0.00063,0.00128,0.00019
84.81000,1.98000,0.99681,0.00001,0.00164,0.00110,0.00044
85.01000,1.98000,0.99445,0.00002,0.00318,0.00177,0.00058
85.21000,1.98000,0.99364,0.00001,0.00330,0.00230,0.00074
85.41000,1.98000,0.99342,0.00002,0.00366,0.00216,0.00074
85.61000,1.98000,0.99408,0.00001,0.00288,0.00247,0.00055
85.81000,1.98000,0.99381,0.00002,0.00342,0.00223,0.00052
86.01000,1.98000,0.99322,0.00001,0.00337,0.00273,0.00067
86.21000,1.98000,0.99657,0.00001,0.00223,0.00093,0.00026
86.41000,1.98000,0.99866,0.00000,0.00122,0.00007,0.00005
86.61000,1.98000,0.97715,0.00014,0.00466,0.01713,0.00091
86.81000,1.98000,0.95530,0.00044,0.00298,0.04035,0.00093
87.01000,1.98000,0.97169,0.00036,0.00173,0.02548,0.00073
87.21000,1.98000,0.96270,0.00048,0.00246,0.03335,0.00101
87.41000,1.98000,0.97488,0.00028,0.00156,0.02259,0.00068
87.61000,1.98000,0.96907,0.00044,0.00202,0.02743,0.00104
87.81000,1.98000,0.97163,0.00040,0.00186,0.02508,0.00102
88.01000,1.98000,0.96867,0.00047,0.00198,0.02765,0.00122
88.21000,1.98000,0.98080,0.00023,0.00142,0.01697,0.00058
88.41000,1.98000,0.99850,0.00004,0.00040,0.00102,0.00004
88.61000,1.98000,0.99534,0.00005,0.00081,0.00358,0.00023
88.81000,1.98000,0.99410,0.00003,0.00117,0.00445,0.00025
89.01000,1.98000,0.99226,0.00001,0.00209,0.00515,0.00048
89.21000,1.98000,0.99046,0.00001,0.00246,0.00646,0.00061
89.41000,1.98000,0.98484,0.00001,0.00385,0.01052,0.00078
89.61000,1.98000,0.98511,0.00001,0.00323,0.01111,0.00053
89.81000,1.98000,0.99871,0.00000,0.00056,0.00063,0.00009
90.01000,1.98000,0.94323,0.00003,0.00174,0.05342,0.00157
90.21000,1.98000,0.86393,0.00010,0.00240,0.13121,0.00237
90.41000,1.98000,0.89053,0.00018,0.00189,0.10590,0.00150
90.61000,1.98000,0.90005,0.00019,0.00164,0.09671,0.00140
90.81000,1.98000,0.87514,0.00049,0.00141,0.12182,0.00115
91.01000,1.98000,0.90386,0.00110,0.00105,0.09315,0.00084
91.21000,1.98000,0.96694,0.00091,0.00027,0.03162,0.00025
91.41000,1.98000,0.84215,0.00103,0.00161,0.15225,0.00296
91.61000,1.98000,0.92251,0.00045,0.00225,0.07310,0.00169
91.81000,1.98000,0.99147,0.00005,0.00215,0.00617,0.00017
92.01000,1.98000,0.96622,0.00031,0.00574,0.02623,0.00149
92.21000,1.98000,0.98021,0.00019,0.00346,0.01515,0.00099
92.41000,1.98000,0.98898,0.00013,0.00177,0.00847,0.00065
92.61000,1.98000,0.98237,0.00023,0.00131,0.01485,0.00124
92.81000,1.98000,0.95802,0.00039,0.00202,0.03723,0.00233
93.01000,1.98000,0.96909,0.00033,0.00308,0.02632,0.00118
93.21000,1.98000,0.97041,0.00031,0.00672,0.02178,0.00078
93.41000,1.98000,0.99464,0.00057,0.00044,0.00424,0.00011
93.61000,1.98000,0.97678,0.00061,0.00064,0.02127,0.00071
93.81000,1.98000,0.65569,0.00162,0.00085,0.34097,0.00087
94.01000,1.98000,0.66214,0.00071,0.00099,0.33524,0.00092
94.21000,1.98000,0.35599,0.00063,0.00149,0.64080,0.00109
94.41000,1.98000,0.64428,0.00024,0.00204,0.35270,0.00073
94.61000,1.98000,0.64557,0.00033,0.00238,0.35106,0.00067
94.81000,1.98000,0.68640,0.00034,0.00382,0.30807,0.00136
95.01000,1.98000,0.77501,0.00033,0.00230,0.22144,0.00093
95.21000,1.98000,0.91495,0.00013,0.00136,0.08317,0.00039
95.41000,1.98000,0.99865,0.00001,0.00058,0.00076,0.00000
95.61000,1.98000,0.99766,0.00001,0.00175,0.00056,0.00002
95.81000,1.98000,0.99655,0.00004,0.00270,0.00066,0.00006
96.01000,1.98000,0.99383,0.00004,0.00478,0.00122,0.00012
96.21000,1.98000,0.99851,0.00004,0.00113,0.00028,0.00004
96.41000,1.98000,0.99823,0.00003,0.00115,0.00043,0.00016
96.61000,1.98000,0.96019,0.00031,0.00338,0.03400,0.00212
96.81000,1.98000,0.92514,0.00050,0.00647,0.06416,0.00373
97.01000,1.98000,0.94297,0.00026,0.00486,0.04938,0.00253
97.21000,1.98000,0.91413,0.00045,0.00810,0.07181,0.00551
97.41000,1.98000,0.91056,0.00041,0.00478,0.08169,0.00256
97.61000,1.98000,0.78288,0.00070,0.00302,0.21083,0.00258
97.81000,1.98000,0.78585,0.00105,0.00149,0.20914,0.00247
98.01000,1.98000,0.85356,0.00142,0.00114,0.14203,0.00185
98.21000,1.98000,0.98875,0.00023,0.00036,0.01048,0.00018
98.41000,1.98000,0.99754,0.00015,0.00044,0.00183,0.00004
98.61000,1.98000,0.99914,0.00014,0.00046,0.00023,0.00003
98.81000,1.98000,0.99837,0.00010,0.00127,0.00019,0.00007
99.01000,1.98000,0.99737,0.00008,0.00205,0.00030,0.00021
99.21000,1.98000,0.99331,0.00017,0.00523,0.00101,0.00028
99.41000,1.98000,0.99732,0.00012,0.00213,0.00031,0.00013
99.61000,1.98000,0.99816,0.00010,0.00132,0.00023,0.00020
99.81000,1.98000,0.99748,0.00007,0.00118,0.00056,0.00072
100.01000,1.98000,0.94362,0.00042,0.00833,0.04371,0.00393
100.21000,1.98000,0.89826,0.00034,0.01437,0.07960,0.00743
100.41000,1.98000,0.73777,0.00080,0.01097,0.24631,0.00415
100.61000,1.98000,0.75134,0.00022,0.00498,0.24127,0.00218
100.81000,1.98000,0.41331,0.00055,0.00232,0.58261,0.00122
101.01000,1.98000,0.58769,0.00063,0.00134,0.40856,0.00178
101.21000,1.98000,0.77940,0.00045,0.00128,0.21726,0.00161
101.41000,1.98000,0.98244,0.00003,0.00195,0.01484,0.00074
101.61000,1.98000,0.99659,0.00000,0.00262,0.00071,0.00007
101.81000,1.98000,0.99674,0.00001,0.00293,0.00023,0.00009
102.01000,1.98000,0.99278,0.00001,0.00634,0.00033,0.00054
102.21000,1.98000,0.99186,0.00001,0.00701,0.00043,0.00069
102.41000,1.98000,0.98886,0.00002,0.00933,0.00065,0.00115
102.61000,1.98000,0.99342,0.00001,0.00557,0.00027,0.00073
102.81000,1.98000,0.99794,0.00001,0.00169,0.00004,0.00032
103.01000,1.98000,0.98856,0.00003,0.00409,0.00143,0.00589
103.21000,1.98000,0.92337,0.00025,0.01168,0.04357,0.02114
103.41000,1.98000,0.92935,0.00033,0.00447,0.05482,0.01103
103.61000,1.98000,0.88160,0.00050,0.00267,0.10855,0.00668
103.81000,1.98000,0.81668,0.00041,0.00204,0.17559,0.00528
104.01000,1.98000,0.82237,0.00079,0.00111,0.17323,0.00249
104.21000,1.98000,0.81435,0.00115,0.00120,0.18002,0.00327
104.41000,1.98000,0.81188,0.00124,0.00126,0.18288,0.00273
104.61000,1.98000,0.92296,0.00037,0.00110,0.07456,0.00101
104.81000,1.98000,0.99618,0.00004,0.00048,0.00325,0.00005
105.01000,1.98000,0.99827,0.00005,0.00050,0.00113,0.00006
105.21000,1.98000,0.99730,0.00005,0.00134,0.00108,0.00023
105.41000,1.98000,0.99645,0.00004,0.00254,0.00058,0.00039
105.61000,1.98000,0.99599,0.00003,0.00268,0.00064,0.00065
105.81000,1.98000,0.99690,0.00003,0.00250,0.00014,0.00043
106.01000,1.98000,0.98931,0.00003,0.00728,0.00082,0.00256
106.21000,1.98000,0.98481,0.00002,0.00996,0.00101,0.00420
106.41000,1.98000,0.98226,0.00002,0.01265,0.00147,0.00360
106.61000,1.98000,0.98491,0.00002,0.01089,0.00103,0.00315
106.81000,1.98000,0.99687,0.00001,0.00255,0.00005,0.00052
107.01000,1.98000,0.97473,0.00002,0.00975,0.00723,0.00826
107.21000,1.98000,0.88232,0.00019,0.01167,0.09341,0.01240
107.41000,1.98000,0.82427,0.00025,0.00410,0.16569,0.00570
107.61000,1.98000,0.77804,0.00045,0.00262,0.21572,0.00318
107.81000,1.98000,0.65451,0.00053,0.00244,0.34040,0.00212
108.01000,1.98000,0.67962,0.00099,0.00195,0.31602,0.00142
108.21000,1.98000,0.67539,0.00147,0.00188,0.31958,0.00169
108.41000,1.98000,0.68002,0.00144,0.00206,0.31392,0.00256
108.61000,1.98000,0.78625,0.00072,0.00345,0.20761,0.00196
108.81000,1.98000,0.98836,0.00006,0.00143,0.01005,0.00010
109.01000,1.98000,0.99164,0.00014,0.00141,0.00671,0.00011
109.21000,1.98000,0.99311,0.00014,0.00223,0.00426,0.00026
109.41000,1.98000,0.99117,0.00008,0.00523,0.00296,0.00056
109.61000,1.98000,0.98782,0.00003,0.00857,0.00194,0.00164
109.81000,1.98000,0.97643,0.00005,0.01629,0.00393,0.00330
110.01000,1.98000,0.97766,0.00003,0.01509,0.00390,0.00332
110.21000,1.98000,0.98009,0.00004,0.01336,0.00328,0.00322
110.41000,1.98000,0.98893,0.00002,0.00761,0.00222,0.00123
110.61000,1.98000,0.98585,0.00002,0.01017,0.00264,0.00132
110.81000,1.98000,0.99079,0.00002,0.00683,0.00178,0.00059
111.01000,1.98000,0.99814,0.00002,0.00130,0.00035,0.00019
111.21000,1.98000,0.99895,0.00001,0.00045,0.00044,0.00015
111.41000,1.98000,0.96640,0.00013,0.00081,0.03154,0.00112
111.61000,1.98000,0.79418,0.00082,0.00060,0.20312,0.00127
111.81000,1.98000,0.74402,0.00123,0.00078,0.25213,0.00185
112.01000,1.98000,0.68037,0.00073,0.00118,0.31510,0.00262
112.21000,1.98000,0.71773,0.00079,0.00107,0.27793,0.00248
112.41000,1.98000,0.76026,0.00056,0.00096,0.23535,0.00287
112.61000,1.98000,0.76344,0.00096,0.00111,0.23138,0.00311
112.81000,1.98000,0.84386,0.00055,0.00099,0.15235,0.00225
113.01000,1.98000,0.97174,0.00007,0.00083,0.02704,0.00033
113.21000,1.98000,0.99704,0.00002,0.00056,0.00235,0.00003
113.41000,1.98000,0.99749,0.00003,0.00087,0.00148,0.00013
113.61000,1.98000,0.99650,0.00002,0.00160,0.00148,0.00041
113.81000,1.98000,0.99658,0.00002,0.00175,0.00109,0.00056
114.01000,1.98000,0.99580,0.00002,0.00224,0.00110,0.00084
114.21000,1.98000,0.99162,0.00002,0.00471,0.00158,0.00207
114.41000,1.98000,0.98774,0.00001,0.00688,0.00227,0.00310
114.61000,1.98000,0.98268,0.00001,0.01020,0.00284,0.00427
114.81000,1.98000,0.98196,0.00002,0.01100,0.00368,0.00335
115.01000,1.98000,0.98205,0.00002,0.01097,0.00366,0.00331
115.21000,1.98000,0.98813,0.00002,0.00775,0.00236,0.00174
115.41000,1.98000,0.99246,0.00002,0.00449,0.00226,0.00077
115.61000,1.98000,0.99353,0.00003,0.00343,0.00257,0.00043
115.81000,1.98000,0.99303,0.00006,0.00278,0.00368,0.00046
116.01000,1.98000,0.99366,0.00006,0.00166,0.00440,0.00022
116.21000,1.98000,0.99792,0.00015,0.00048,0.00134,0.00011
116.41000,1.98000,0.99871,0.00014,0.00013,0.00091,0.00011
116.61000,1.98000,0.99390,0.00028,0.00014,0.00504,0.00063
116.81000,1.98000,0.89064,0.00199,0.00025,0.10160,0.00552
117.01000,1.98000,0.75160,0.00276,0.00022,0.23946,0.00596
117.21000,1.98000,0.62382,0.00251,0.00028,0.36730,0.00608
117.41000,1.98000,0.66585,0.00163,0.00028,0.32753,0.00470
117.61000,1.98000,0.62057,0.00157,0.00031,0.37331,0.00424
117.81000,1.98000,0.65019,0.00094,0.00024,0.34511,0.00352
118.01000,1.98000,0.55040,0.00052,0.00040,0.44239,0.00629
118.21000,1.98000,0.88491,0.00012,0.00053,0.11278,0.00167
118.41000,1.98000,0.99546,0.00001,0.00038,0.00394,0.00021
118.61000,1.98000,0.99615,0.00002,0.00085,0.00292,0.00006
118.81000,1.98000,0.99562,0.00002,0.00141,0.00281,0.00014
119.01000,1.98000,0.99598,0.00003,0.00146,0.00217,0.00035
119.21000,1.98000,0.99670,0.00004,0.00091,0.00192,0.00043
119.41000,1.98000,0.99715,0.00006,0.00071,0.00157,0.00051
119.61000,1.98000,0.99729,0.00008,0.00063,0.00128,0.00072
119.81000,1.98000,0.99691,0.00013,0.00068,0.00109,0.00119
120.01000,1.98000,0.99697,0.00031,0.00069,0.00107,0.00096
120.21000,1.98000,0.99601,0.00049,0.00057,0.00177,0.00117
120.41000,1.98000,0.99611,0.00044,0.00032,0.00136,0.00177
120.61000,1.98000,0.99638,0.00034,0.00023,0.00116,0.00189
120.81000,1.98000,0.99597,0.00038,0.00031,0.00136,0.00199
121.01000,1.98000,0.99584,0.00034,0.00033,0.00157,0.00191
121.21000,1.98000,0.99604,0.00032,0.00040,0.00161,0.00164
