Time (seconds), Duration (seconds),pred_(unlabeled),pred_On,pred_Off,pred_Dimmer,pred_Lighter
0.01000,1.98000,0.99990,0.00000,0.00010,0.00000,0.00000
0.21000,1.98000,0.99970,0.00000,0.00030,0.00000,0.00000
0.41000,1.98000,0.99995,0.00000,0.00005,0.00000,0.00000
0.61000,1.98000,0.99995,0.00000,0.00005,0.00000,0.00000
0.81000,1.98000,0.99997,0.00000,0.00003,0.00000,0.00000
1.01000,1.98000,0.99998,0.00000,0.00002,0.00000,0.00000
1.21000,1.98000,0.99998,0.00000,0.00002,0.00000,0.00000
1.41000,1.98000,1.00000,0.00000,0.00000,0.00000,0.00000
1.61000,1.98000,0.99998,0.00000,0.00002,0.00000,0.00000
1.81000,1.98000,1.00000,0.00000,0.00000,0.00000,0.00000
2.01000,1.98000,1.00000,0.00000,0.00000,0.00000,0.00000
2.21000,1.98000,1.00000,0.00000,0.00000,0.00000,0.00000
2.41000,1.98000,0.99999,0.00000,0.00001,0.00000,0.00000
2.61000,1.98000,0.99991,0.00000,0.00009,0.00000,0.00000
2.81000,1.98000,0.99989,0.00000,0.00011,0.00000,0.00000
3.01000,1.98000,0.99970,0.00000,0.00030,0.00000,0.00000
3.21000,1.98000,0.99462,0.00000,0.00537,0.00000,0.00001
3.41000,1.98000,0.99994,0.00000,0.00006,0.00000,0.00000
3.61000,1.98000,0.99996,0.00000,0.00004,0.00000,0.00001
3.81000,1.98000,0.99997,0.00000,0.00002,0.00000,0.00001
4.01000,1.98000,1.00000,0.00000,0.00000,0.00000,0.00000
4.21000,1.98000,1.00000,0.00000,0.00000,0.00000,0.00000
4.41000,1.98000,0.99998,0.00000,0.00002,0.00000,0.00000
4.61000,1.98000,0.99995,0.00001,0.00003,0.00000,0.00001
4.81000,1.98000,0.99971,0.00004,0.00023,0.00000,0.00003
5.01000,1.98000,0.99891,0.00001,0.00078,0.00000,0.00030
5.21000,1.98000,0.99999,0.00001,0.00000,0.00000,0.00000
5.41000,1.98000,0.99999,0.00000,0.00001,0.00000,0.00000
5.61000,1.98000,0.99999,0.00000,0.00001,0.00000,0.00000
5.81000,1.98000,0.99999,0.00000,0.00001,0.00000,0.00000
6.01000,1.98000,0.99998,0.00000,0.00002,0.00000,0.00000
6.21000,1.98000,0.99265,0.00000,0.00719,0.00000,0.00016
6.41000,1.98000,0.99948,0.00000,0.00027,0.00000,0.00025
6.61000,1.98000,1.00000,0.00000,0.00000,0.00000,0.00000
6.81000,1.98000,0.99993,0.00000,0.00005,0.00000,0.00002
7.01000,1.98000,0.99999,0.00000,0.00001,0.00000,0.00000
7.21000,1.98000,0.99998,0.00000,0.00002,0.00000,0.00000
7.41000,1.98000,1.00000,0.00000,0.00000,0.00000,0.00000
7.61000,1.98000,0.99998,0.00000,0.00002,0.00000,0.00000
7.81000,1.98000,0.99973,0.00000,0.00026,0.00000,0.00001
8.01000,1.98000,0.99993,0.00000,0.00007,0.00000,0.00000
8.21000,1.98000,1.00000,0.00000,0.00000,0.00000,0.00000
8.41000,1.98000,1.00000,0.00000,0.00000,0.00000,0.00000
8.61000,1.98000,1.00000,0.00000,0.00000,0.00000,0.00000
8.81000,1.98000,0.99983,0.00000,0.00007,0.00000,0.00010
9.01000,1.98000,0.99997,0.00000,0.00000,0.00000,0.00003
9.21000,1.98000,0.99992,0.00000,0.00001,0.00000,0.00006
9.41000,1.98000,0.99983,0.00000,0.00001,0.00002,0.00014
9.61000,1.98000,0.99991,0.00000,0.00000,0.00002,0.00007
9.81000,1.98000,0.99367,0.00001,0.00001,0.00057,0.00573
10.01000,1.98000,0.99173,0.00001,0.00025,0.00394,0.00407
10.21000,1.98000,0.08990,0.00006,0.02215,0.73397,0.15393
10.41000,1.98000,0.99093,0.00000,0.00003,0.00567,0.00337
10.61000,1.98000,0.99881,0.00000,0.00001,0.00049,0.00069
10.81000,1.98000,0.99929,0.00000,0.00009,0.00018,0.00044
11.01000,1.98000,0.99996,0.00000,0.00002,0.00000,0.00002
11.21000,1.98000,0.99998,0.00000,0.00001,0.00000,0.00002
11.41000,1.98000,0.99997,0.00000,0.00001,0.00000,0.00002
11.61000,1.98000,0.99999,0.00000,0.00000,0.00000,0.00000
11.81000,1.98000,0.99998,0.00000,0.00001,0.00000,0.00000
12.01000,1.98000,0.99999,0.00000,0.00001,0.00000,0.00000
12.21000,1.98000,0.99999,0.00000,0.00001,0.00000,0.00000
12.41000,1.98000,0.99999,0.00000,0.00001,0.00000,0.00000
12.61000,1.98000,0.99999,0.00000,0.00001,0.00000,0.00000
12.81000,1.98000,1.00000,0.00000,0.00000,0.00000,0.00000
13.01000,1.98000,0.99999,0.00000,0.00000,0.00000,0.00000
13.21000,1.98000,0.99999,0.00001,0.00000,0.00000,0.00000
13.41000,1.98000,0.99739,0.00261,0.00000,0.00000,0.00000
13.61000,1.98000,0.98782,0.01215,0.00001,0.00000,0.00002
13.81000,1.98000,0.99560,0.00428,0.00001,0.00001,0.00010
14.01000,1.98000,0.99378,0.00619,0.00000,0.00001,0.00001
14.21000,1.98000,0.98330,0.01669,0.00000,0.00000,0.00001
14.41000,1.98000,0.99797,0.00198,0.00000,0.00000,0.00005
14.61000,1.98000,0.99108,0.00831,0.00000,0.00000,0.00061
14.81000,1.98000,0.32258,0.00693,0.00986,0.00019,0.66044
15.01000,1.98000,0.99890,0.00010,0.00001,0.00000,0.00100
15.21000,1.98000,0.99995,0.00000,0.00003,0.00000,0.00003
15.41000,1.98000,0.99969,0.00000,0.00028,0.00000,0.00003
15.61000,1.98000,0.99984,0.00000,0.00016,0.00000,0.00000
15.81000,1.98000,0.99753,0.00000,0.00247,0.00000,0.00000
16.01000,1.98000,0.99977,0.00000,0.00023,0.00000,0.00000
16.21000,1.98000,0.99977,0.00000,0.00023,0.00000,0.00000
16.41000,1.98000,0.99998,0.00000,0.00002,0.00000,0.00000
16.61000,1.98000,0.99987,0.00000,0.00013,0.00000,0.00000
16.81000,1.98000,1.00000,0.00000,0.00000,0.00000,0.00000
17.01000,1.98000,1.00000,0.00000,0.00000,0.00000,0.00000
17.21000,1.98000,1.00000,0.00000,0.00000,0.00000,0.00000
17.41000,1.98000,1.00000,0.00000,0.00000,0.00000,0.00000
17.61000,1.98000,1.00000,0.00000,0.00000,0.00000,0.00000
17.81000,1.98000,0.99999,0.00000,0.00000,0.00000,0.00001
18.01000,1.98000,1.00000,0.00000,0.00000,0.00000,0.00000
18.21000,1.98000,0.99999,0.00000,0.00001,0.00000,0.00000
18.41000,1.98000,1.00000,0.00000,0.00000,0.00000,0.00000
18.61000,1.98000,0.99986,0.00000,0.00013,0.00000,0.00000
18.81000,1.98000,0.99999,0.00000,0.00000,0.00000,0.00000
19.01000,1.98000,0.99999,0.00000,0.00000,0.00000,0.00001
19.21000,1.98000,1.00000,0.00000,0.00000,0.00000,0.00000
19.41000,1.98000,1.00000,0.00000,0.00000,0.00000,0.00000
19.61000,1.98000,0.99961,0.00034,0.00000,0.00000,0.00004
19.81000,1.98000,0.62176,0.03241,0.01363,0.03197,0.30023
20.01000,1.98000,0.97727,0.00014,0.00003,0.00019,0.02237
20.21000,1.98000,0.99716,0.00000,0.00000,0.00001,0.00282
20.41000,1.98000,0.99643,0.00000,0.00001,0.00000,0.00355
20.61000,1.98000,0.98857,0.00000,0.00040,0.00001,0.01102
20.81000,1.98000,0.99798,0.00000,0.00004,0.00000,0.00198
21.01000,1.98000,0.99944,0.00000,0.00000,0.00000,0.00055
21.21000,1.98000,0.99399,0.00000,0.00006,0.00001,0.00594
21.41000,1.98000,0.99971,0.00000,0.00001,0.00000,0.00027
21.61000,1.98000,0.99992,0.00000,0.00001,0.00000,0.00006
21.81000,1.98000,0.99988,0.00000,0.00012,0.00000,0.00000
22.01000,1.98000,0.99945,0.00000,0.00051,0.00000,0.00004
22.21000,1.98000,0.99914,0.00000,0.00082,0.00001,0.00003
22.41000,1.98000,0.99982,0.00000,0.00016,0.00000,0.00001
22.61000,1.98000,0.99987,0.00000,0.00010,0.00000,0.00002
22.81000,1.98000,0.99992,0.00000,0.00004,0.00000,0.00004
23.01000,1.98000,0.99969,0.00000,0.00013,0.00000,0.00018
23.21000,1.98000,0.99997,0.00000,0.00000,0.00000,0.00002
23.41000,1.98000,0.99992,0.00000,0.00000,0.00000,0.00008
23.61000,1.98000,0.99956,0.00000,0.00000,0.00001,0.00042
23.81000,1.98000,0.99984,0.00000,0.00000,0.00003,0.00013
24.01000,1.98000,0.99992,0.00000,0.00000,0.00000,0.00008
24.21000,1.98000,0.99999,0.00000,0.00000,0.00000,0.00001
24.41000,1.98000,0.99993,0.00000,0.00000,0.00000,0.00007
24.61000,1.98000,0.99953,0.00000,0.00000,0.00018,0.00029
24.81000,1.98000,0.98320,0.00014,0.00012,0.01047,0.00607
25.01000,1.98000,0.99972,0.00005,0.00001,0.00008,0.00015
25.21000,1.98000,0.99999,0.00000,0.00000,0.00000,0.00000
25.41000,1.98000,0.99993,0.00000,0.00007,0.00000,0.00000
25.61000,1.98000,0.99998,0.00000,0.00002,0.00000,0.00000
25.81000,1.98000,0.99997,0.00000,0.00003,0.00000,0.00000
26.01000,1.98000,1.00000,0.00000,0.00000,0.00000,0.00000
26.21000,1.98000,1.00000,0.00000,0.00000,0.00000,0.00000
26.41000,1.98000,1.00000,0.00000,0.00000,0.00000,0.00000
26.61000,1.98000,1.00000,0.00000,0.00000,0.00000,0.00000
26.81000,1.98000,0.99999,0.00000,0.00001,0.00000,0.00000
27.01000,1.98000,1.00000,0.00000,0.00000,0.00000,0.00000
27.21000,1.98000,1.00000,0.00000,0.00000,0.00000,0.00000
27.41000,1.98000,0.99999,0.00000,0.00001,0.00000,0.00000
27.61000,1.98000,1.00000,0.00000,0.00000,0.00000,0.00000
27.81000,1.98000,0.99975,0.00000,0.00024,0.00000,0.00001
28.01000,1.98000,0.99925,0.00000,0.00074,0.00000,0.00001
28.21000,1.98000,0.99998,0.00000,0.00002,0.00000,0.00000
28.41000,1.98000,1.00000,0.00000,0.00000,0.00000,0.00000
28.61000,1.98000,1.00000,0.00000,0.00000,0.00000,0.00000
28.81000,1.98000,1.00000,0.00000,0.00000,0.00000,0.00000
29.01000,1.98000,0.99982,0.00000,0.00000,0.00001,0.00017
29.21000,1.98000,0.52928,0.00146,0.00028,0.06912,0.39986
29.41000,1.98000,0.05779,0.00002,0.00103,0.00735,0.93381
29.61000,1.98000,0.99876,0.00000,0.00000,0.00000,0.00123
29.81000,1.98000,0.99994,0.00000,0.00001,0.00000,0.00005
30.01000,1.98000,0.99950,0.00000,0.00040,0.00000,0.00010
30.21000,1.98000,0.99997,0.00000,0.00003,0.00000,0.00000
30.41000,1.98000,1.00000,0.00000,0.00000,0.00000,0.00000
30.61000,1.98000,0.99999,0.00000,0.00001,0.00000,0.00000
30.81000,1.98000,1.00000,0.00000,0.00000,0.00000,0.00000
31.01000,1.98000,1.00000,0.00000,0.00000,0.00000,0.00000
31.21000,1.98000,1.00000,0.00000,0.00000,0.00000,0.00000
31.41000,1.98000,0.99999,0.00001,0.00000,0.00000,0.00000
31.61000,1.98000,0.99765,0.00006,0.00000,0.00000,0.00230
31.81000,1.98000,0.99351,0.00006,0.00000,0.00000,0.00643
32.01000,1.98000,0.97988,0.00006,0.00003,0.00001,0.02001
32.21000,1.98000,0.98856,0.00001,0.00001,0.00003,0.01140
32.41000,1.98000,0.97741,0.00000,0.00008,0.00002,0.02249
32.61000,1.98000,0.97827,0.00000,0.00007,0.00006,0.02160
32.81000,1.98000,0.98856,0.00000,0.00008,0.00002,0.01133
33.01000,1.98000,0.99752,0.00000,0.00003,0.00007,0.00238
33.21000,1.98000,0.99934,0.00000,0.00005,0.00005,0.00057
33.41000,1.98000,0.99976,0.00000,0.00001,0.00004,0.00019
33.61000,1.98000,0.99999,0.00000,0.00000,0.00000,0.00000
33.81000,1.98000,1.00000,0.00000,0.00000,0.00000,0.00000
34.01000,1.98000,0.99999,0.00000,0.00000,0.00001,0.00000
34.21000,1.98000,0.99938,0.00000,0.00000,0.00004,0.00058
34.41000,1.98000,0.96371,0.00003,0.00005,0.00103,0.03519
34.61000,1.98000,0.91080,0.00060,0.00882,0.00075,0.07903
34.81000,1.98000,0.99997,0.00001,0.00000,0.00000,0.00002
35.01000,1.98000,0.99999,0.00000,0.00001,0.00000,0.00000
35.21000,1.98000,0.99996,0.00000,0.00004,0.00000,0.00000
35.41000,1.98000,0.99991,0.00000,0.00009,0.00000,0.00000
35.61000,1.98000,0.99932,0.00000,0.00068,0.00000,0.00000
35.81000,1.98000,1.00000,0.00000,0.00000,0.00000,0.00000
36.01000,1.98000,0.99998,0.00000,0.00002,0.00000,0.00000
36.21000,1.98000,0.99995,0.00001,0.00004,0.00000,0.00000
36.41000,1.98000,1.00000,0.00000,0.00000,0.00000,0.00000
36.61000,1.98000,0.99998,0.00001,0.00001,0.00000,0.00000
36.81000,1.98000,1.00000,0.00000,0.00000,0.00000,0.00000
37.01000,1.98000,0.99996,0.00004,0.00000,0.00000,0.00000
37.21000,1.98000,0.99996,0.00002,0.00002,0.00000,0.00000
37.41000,1.98000,1.00000,0.00000,0.00000,0.00000,0.00000
37.61000,1.98000,0.99999,0.00001,0.00000,0.00000,0.00000
37.81000,1.98000,1.00000,0.00000,0.00000,0.00000,0.00000
38.01000,1.98000,0.99999,0.00000,0.00000,0.00000,0.00000
38.21000,1.98000,0.99999,0.00000,0.00000,0.00000,0.00001
38.41000,1.98000,0.99999,0.00000,0.00000,0.00000,0.00001
38.61000,1.98000,0.99996,0.00000,0.00000,0.00000,0.00003
38.81000,1.98000,0.99997,0.00000,0.00000,0.00000,0.00003
39.01000,1.98000,0.99977,0.00000,0.00000,0.00001,0.00022
39.21000,1.98000,0.15960,0.00008,0.00461,0.03036,0.80535
39.41000,1.98000,0.97144,0.00000,0.00002,0.00036,0.02817
39.61000,1.98000,0.99974,0.00000,0.00000,0.00001,0.00025
39.81000,1.98000,0.99980,0.00000,0.00002,0.00000,0.00018
40.01000,1.98000,0.99948,0.00000,0.00014,0.00000,0.00038
40.21000,1.98000,0.99948,0.00000,0.00019,0.00000,0.00033
40.41000,1.98000,0.99855,0.00000,0.00098,0.00000,0.00047
40.61000,1.98000,0.99998,0.00000,0.00000,0.00000,0.00001
40.81000,1.98000,1.00000,0.00000,0.00000,0.00000,0.00000
41.01000,1.98000,0.99979,0.00000,0.00001,0.00000,0.00020
41.21000,1.98000,0.99910,0.00000,0.00014,0.00000,0.00075
41.41000,1.98000,0.99999,0.00000,0.00000,0.00000,0.00001
41.61000,1.98000,1.00000,0.00000,0.00000,0.00000,0.00000
41.81000,1.98000,1.00000,0.00000,0.00000,0.00000,0.00000
42.01000,1.98000,1.00000,0.00000,0.00000,0.00000,0.00000
42.21000,1.98000,0.99996,0.00000,0.00004,0.00000,0.00000
42.41000,1.98000,1.00000,0.00000,0.00000,0.00000,0.00000
42.61000,1.98000,0.99953,0.00000,0.00047,0.00000,0.00000
42.81000,1.98000,0.99998,0.00000,0.00002,0.00000,0.00000
43.01000,1.98000,1.00000,0.00000,0.00000,0.00000,0.00000
43.21000,1.98000,0.99999,0.00000,0.00001,0.00000,0.00000
43.41000,1.98000,1.00000,0.00000,0.00000,0.00000,0.00000
43.61000,1.98000,1.00000,0.00000,0.00000,0.00000,0.00000
43.81000,1.98000,1.00000,0.00000,0.00000,0.00000,0.00000
44.01000,1.98000,0.99995,0.00000,0.00000,0.00000,0.00005
44.21000,1.98000,0.97688,0.00175,0.00015,0.00387,0.01735
44.41000,1.98000,0.47036,0.00021,0.00309,0.00364,0.52270
44.61000,1.98000,0.99198,0.00001,0.00000,0.00009,0.00793
44.81000,1.98000,0.99951,0.00000,0.00000,0.00000,0.00049
45.01000,1.98000,0.99415,0.00000,0.00037,0.00010,0.00537
45.21000,1.98000,0.99985,0.00000,0.00000,0.00000,0.00014
45.41000,1.98000,0.99981,0.00000,0.00000,0.00000,0.00019
45.61000,1.98000,0.99988,0.00000,0.00000,0.00000,0.00012
45.81000,1.98000,0.99995,0.00000,0.00001,0.00000,0.00004
46.01000,1.98000,0.99999,0.00000,0.00000,0.00000,0.00001
46.21000,1.98000,1.00000,0.00000,0.00000,0.00000,0.00000
46.41000,1.98000,0.99999,0.00000,0.00001,0.00000,0.00000
46.61000,1.98000,0.99997,0.00000,0.00003,0.00000,0.00000
46.81000,1.98000,0.99997,0.00000,0.00003,0.00000,0.00000
47.01000,1.98000,0.99997,0.00000,0.00003,0.00000,0.00000
47.21000,1.98000,0.99994,0.00000,0.00006,0.00000,0.00000
47.41000,1.98000,0.99984,0.00000,0.00013,0.00000,0.00003
47.61000,1.98000,1.00000,0.00000,0.00000,0.00000,0.00000
47.81000,1.98000,0.99999,0.00000,0.00000,0.00000,0.00000
48.01000,1.98000,0.99999,0.00000,0.00000,0.00000,0.00001
48.21000,1.98000,0.99982,0.00000,0.00000,0.00001,0.00016
48.41000,1.98000,0.99294,0.00001,0.00001,0.00470,0.00233
48.61000,1.98000,0.02932,0.00006,0.00008,0.95774,0.01280
48.81000,1.98000,0.86616,0.00016,0.00003,0.11753,0.01612
49.01000,1.98000,0.99798,0.00000,0.00002,0.00106,0.00094
49.21000,1.98000,0.99930,0.00000,0.00009,0.00013,0.00048
49.41000,1.98000,0.99987,0.00000,0.00006,0.00001,0.00006
49.61000,1.98000,0.99996,0.00000,0.00003,0.00000,0.00001
49.81000,1.98000,0.99999,0.00000,0.00001,0.00000,0.00000
50.01000,1.98000,1.00000,0.00000,0.00000,0.00000,0.00000
50.21000,1.98000,1.00000,0.00000,0.00000,0.00000,0.00000
50.41000,1.98000,1.00000,0.00000,0.00000,0.00000,0.00000
50.61000,1.98000,1.00000,0.00000,0.00000,0.00000,0.00000
50.81000,1.98000,1.00000,0.00000,0.00000,0.00000,0.00000
51.01000,1.98000,1.00000,0.00000,0.00000,0.00000,0.00000
51.21000,1.98000,1.00000,0.00000,0.00000,0.00000,0.00000
51.41000,1.98000,1.00000,0.00000,0.00000,0.00000,0.00000
51.61000,1.98000,1.00000,0.00000,0.00000,0.00000,0.00000
51.81000,1.98000,0.99995,0.00000,0.00002,0.00000,0.00003
52.01000,1.98000,1.00000,0.00000,0.00000,0.00000,0.00000
52.21000,1.98000,0.99999,0.00000,0.00000,0.00000,0.00001
52.41000,1.98000,0.99982,0.00000,0.00005,0.00001,0.00012
52.61000,1.98000,0.99985,0.00000,0.00008,0.00000,0.00006
52.81000,1.98000,0.99991,0.00000,0.00002,0.00000,0.00006
53.01000,1.98000,0.99994,0.00000,0.00001,0.00000,0.00005
53.21000,1.98000,0.99996,0.00000,0.00000,0.00000,0.00003
53.41000,1.98000,0.99998,0.00000,0.00000,0.00001,0.00001
53.61000,1.98000,0.99999,0.00000,0.00000,0.00000,0.00000
53.81000,1.98000,0.99993,0.00000,0.00000,0.00003,0.00004
54.01000,1.98000,0.99768,0.00002,0.00000,0.00210,0.00019
54.21000,1.98000,0.05498,0.00013,0.00076,0.86262,0.08151
54.41000,1.98000,0.91929,0.00014,0.00006,0.01387,0.06665
54.61000,1.98000,0.99870,0.00001,0.00000,0.00025,0.00104
54.81000,1.98000,0.99840,0.00001,0.00002,0.00014,0.00144
55.01000,1.98000,0.99657,0.00001,0.00006,0.00006,0.00330
55.21000,1.98000,0.99975,0.00000,0.00000,0.00000,0.00025
55.41000,1.98000,0.99983,0.00000,0.00000,0.00000,0.00017
55.61000,1.98000,0.99982,0.00000,0.00000,0.00000,0.00018
55.81000,1.98000,0.99747,0.00000,0.00000,0.00000,0.00253
56.01000,1.98000,0.99980,0.00000,0.00000,0.00000,0.00020
56.21000,1.98000,0.99994,0.00000,0.00000,0.00000,0.00005
56.41000,1.98000,0.99938,0.00000,0.00001,0.00002,0.00059
56.61000,1.98000,0.99754,0.00000,0.00003,0.00009,0.00234
56.81000,1.98000,0.99937,0.00000,0.00001,0.00000,0.00061
57.01000,1.98000,0.99996,0.00000,0.00001,0.00000,0.00003
57.21000,1.98000,0.99995,0.00000,0.00002,0.00000,0.00003
57.41000,1.98000,0.99991,0.00000,0.00003,0.00000,0.00006
57.61000,1.98000,0.99996,0.00000,0.00001,0.00000,0.00003
57.81000,1.98000,0.99979,0.00000,0.00002,0.00009,0.00010
58.01000,1.98000,0.99938,0.00000,0.00005,0.00026,0.00032
58.21000,1.98000,0.99996,0.00000,0.00000,0.00001,0.00003
58.41000,1.98000,1.00000,0.00000,0.00000,0.00000,0.00000
58.61000,1.98000,0.99999,0.00000,0.00000,0.00001,0.00001
58.81000,1.98000,0.99972,0.00000,0.00001,0.00005,0.00023
59.01000,1.98000,0.89087,0.00012,0.00167,0.05526,0.05208
59.21000,1.98000,0.57337,0.00011,0.00071,0.39192,0.03389
59.41000,1.98000,0.99763,0.00000,0.00000,0.00113,0.00123
59.61000,1.98000,0.99907,0.00000,0.00001,0.00020,0.00071
59.81000,1.98000,0.99963,0.00000,0.00010,0.00002,0.00025
60.01000,1.98000,0.99996,0.00000,0.00002,0.00000,0.00002
60.21000,1.98000,0.99998,0.00000,0.00000,0.00000,0.00001
60.41000,1.98000,0.99999,0.00000,0.00000,0.00000,0.00001
60.61000,1.98000,0.99998,0.00001,0.00000,0.00000,0.00001
60.81000,1.98000,0.99998,0.00001,0.00000,0.00000,0.00001
61.01000,1.98000,0.99999,0.00000,0.00000,0.00000,0.00000
61.21000,1.98000,1.00000,0.00000,0.00000,0.00000,0.00000
61.41000,1.98000,1.00000,0.00000,0.00000,0.00000,0.00000
61.61000,1.98000,1.00000,0.00000,0.00000,0.00000,0.00000
61.81000,1.98000,1.00000,0.00000,0.00000,0.00000,0.00000
62.01000,1.98000,1.00000,0.00000,0.00000,0.00000,0.00000
62.21000,1.98000,1.00000,0.00000,0.00000,0.00000,0.00000
62.41000,1.98000,1.00000,0.00000,0.00000,0.00000,0.00000
62.61000,1.98000,1.00000,0.00000,0.00000,0.00000,0.00000
62.81000,1.98000,0.99971,0.00000,0.00028,0.00000,0.00000
63.01000,1.98000,1.00000,0.00000,0.00000,0.00000,0.00000
63.21000,1.98000,0.99999,0.00000,0.00000,0.00000,0.00000
63.41000,1.98000,1.00000,0.00000,0.00000,0.00000,0.00000
63.61000,1.98000,0.99999,0.00000,0.00000,0.00000,0.00001
63.81000,1.98000,0.99993,0.00000,0.00000,0.00000,0.00006
64.01000,1.98000,0.99980,0.00000,0.00001,0.00000,0.00018
64.21000,1.98000,0.63121,0.00092,0.04298,0.07046,0.25442
64.41000,1.98000,0.48126,0.00103,0.04961,0.10602,0.36208
64.61000,1.98000,0.99788,0.00001,0.00001,0.00021,0.00188
64.81000,1.98000,0.99498,0.00000,0.00017,0.00006,0.00479
65.01000,1.98000,0.99087,0.00000,0.00329,0.00013,0.00571
65.21000,1.98000,0.99986,0.00000,0.00011,0.00000,0.00003
65.41000,1.98000,0.99984,0.00000,0.00009,0.00002,0.00005
65.61000,1.98000,0.99984,0.00000,0.00009,0.00001,0.00006
65.81000,1.98000,0.99997,0.00000,0.00002,0.00000,0.00001
66.01000,1.98000,0.99999,0.00000,0.00001,0.00000,0.00000
66.21000,1.98000,0.99997,0.00000,0.00003,0.00000,0.00000
66.41000,1.98000,0.99998,0.00000,0.00002,0.00000,0.00000
66.61000,1.98000,0.99983,0.00000,0.00017,0.00000,0.00000
66.81000,1.98000,0.99991,0.00000,0.00008,0.00000,0.00000
67.01000,1.98000,0.99981,0.00000,0.00019,0.00000,0.00000
67.21000,1.98000,0.99994,0.00000,0.00006,0.00000,0.00000
67.41000,1.98000,0.99998,0.00000,0.00002,0.00000,0.00000
67.61000,1.98000,0.99995,0.00000,0.00005,0.00000,0.00000
67.81000,1.98000,0.99979,0.00000,0.00021,0.00000,0.00000
68.01000,1.98000,0.14271,0.00000,0.85720,0.00000,0.00008
68.21000,1.98000,0.99963,0.00000,0.00037,0.00000,0.00000
68.41000,1.98000,0.99987,0.00000,0.00013,0.00000,0.00000
68.61000,1.98000,0.99980,0.00000,0.00020,0.00000,0.00000
68.81000,1.98000,0.99999,0.00000,0.00001,0.00000,0.00000
69.01000,1.98000,1.00000,0.00000,0.00000,0.00000,0.00000
69.21000,1.98000,1.00000,0.00000,0.00000,0.00000,0.00000
69.41000,1.98000,0.99998,0.00000,0.00000,0.00000,0.00002
69.61000,1.98000,0.99992,0.00000,0.00000,0.00001,0.00007
69.81000,1.98000,0.45422,0.00031,0.00409,0.24814,0.29324
70.01000,1.98000,0.96641,0.00002,0.00012,0.01370,0.01975
70.21000,1.98000,0.99958,0.00000,0.00000,0.00004,0.00038
70.41000,1.98000,0.99936,0.00000,0.00001,0.00001,0.00062
70.61000,1.98000,0.99993,0.00000,0.00004,0.00000,0.00004
70.81000,1.98000,0.99998,0.00000,0.00000,0.00000,0.00001
71.01000,1.98000,1.00000,0.00000,0.00000,0.00000,0.00000
71.21000,1.98000,0.99992,0.00000,0.00000,0.00000,0.00008
71.41000,1.98000,0.99995,0.00000,0.00000,0.00000,0.00005
71.61000,1.98000,0.99980,0.00000,0.00000,0.00000,0.00020
71.81000,1.98000,0.99904,0.00000,0.00001,0.00001,0.00093
72.01000,1.98000,0.99848,0.00000,0.00002,0.00002,0.00148
72.21000,1.98000,0.99920,0.00000,0.00003,0.00000,0.00078
72.41000,1.98000,0.99834,0.00000,0.00002,0.00004,0.00160
72.61000,1.98000,0.99926,0.00000,0.00002,0.00002,0.00070
72.81000,1.98000,0.99367,0.00000,0.00012,0.00011,0.00610
73.01000,1.98000,0.99810,0.00000,0.00025,0.00010,0.00155
73.21000,1.98000,0.99881,0.00000,0.00011,0.00016,0.00092
73.41000,1.98000,0.99941,0.00000,0.00007,0.00001,0.00052
73.61000,1.98000,0.99949,0.00000,0.00003,0.00001,0.00047
73.81000,1.98000,0.99977,0.00000,0.00000,0.00000,0.00022
74.01000,1.98000,0.99998,0.00000,0.00000,0.00000,0.00002
74.21000,1.98000,0.99996,0.00000,0.00000,0.00000,0.00004
74.41000,1.98000,0.99679,0.00000,0.00000,0.00045,0.00275
74.61000,1.98000,0.99139,0.00030,0.00001,0.00442,0.00388
74.81000,1.98000,0.28763,0.00042,0.00171,0.30250,0.40775
75.01000,1.98000,0.97351,0.00029,0.00001,0.01910,0.00709
75.21000,1.98000,0.99925,0.00000,0.00000,0.00032,0.00043
75.41000,1.98000,0.99917,0.00000,0.00027,0.00006,0.00050
75.61000,1.98000,0.99997,0.00000,0.00003,0.00000,0.00000
75.81000,1.98000,0.99998,0.00000,0.00002,0.00000,0.00000
76.01000,1.98000,0.99988,0.00007,0.00000,0.00002,0.00002
76.21000,1.98000,0.99997,0.00003,0.00000,0.00000,0.00001
76.41000,1.98000,0.99990,0.00007,0.00001,0.00000,0.00001
76.61000,1.98000,0.99998,0.00001,0.00000,0.00000,0.00000
76.81000,1.98000,0.99996,0.00003,0.00000,0.00000,0.00001
77.01000,1.98000,1.00000,0.00000,0.00000,0.00000,0.00000
77.21000,1.98000,1.00000,0.00000,0.00000,0.00000,0.00000
77.41000,1.98000,1.00000,0.00000,0.00000,0.00000,0.00000
77.61000,1.98000,0.99999,0.00001,0.00000,0.00000,0.00000
77.81000,1.98000,1.00000,0.00000,0.00000,0.00000,0.00000
78.01000,1.98000,1.00000,0.00000,0.00000,0.00000,0.00000
78.21000,1.98000,1.00000,0.00000,0.00000,0.00000,0.00000
78.41000,1.98000,0.99998,0.00000,0.00000,0.00000,0.00001
78.61000,1.98000,0.99908,0.00035,0.00000,0.00013,0.00044
78.81000,1.98000,0.01493,0.00008,0.00051,0.00933,0.97515
79.01000,1.98000,0.99596,0.00000,0.00000,0.00001,0.00403
79.21000,1.98000,0.99088,0.00000,0.00001,0.00001,0.00910
79.41000,1.98000,0.98926,0.00000,0.00016,0.00002,0.01056
79.61000,1.98000,0.99553,0.00000,0.00050,0.00001,0.00396
79.81000,1.98000,0.98987,0.00000,0.00206,0.00000,0.00807
80.01000,1.98000,0.99927,0.00000,0.00005,0.00001,0.00068
80.21000,1.98000,0.99971,0.00000,0.00009,0.00000,0.00020
80.41000,1.98000,0.99995,0.00000,0.00004,0.00000,0.00001
80.61000,1.98000,0.99997,0.00000,0.00003,0.00000,0.00000
80.81000,1.98000,0.99997,0.00000,0.00003,0.00000,0.00000
81.01000,1.98000,0.99998,0.00000,0.00001,0.00000,0.00001
81.21000,1.98000,0.99990,0.00000,0.00007,0.00000,0.00003
81.41000,1.98000,0.99988,0.00000,0.00008,0.00000,0.00004
81.61000,1.98000,0.99994,0.00000,0.00002,0.00000,0.00003
81.81000,1.98000,0.99983,0.00000,0.00004,0.00000,0.00013
82.01000,1.98000,0.99979,0.00000,0.00003,0.00000,0.00019
82.21000,1.98000,0.99955,0.00000,0.00002,0.00004,0.00040
82.41000,1.98000,0.99918,0.00000,0.00001,0.00020,0.00061
82.61000,1.98000,0.99791,0.00001,0.00003,0.00096,0.00110
82.81000,1.98000,0.99942,0.00000,0.00001,0.00022,0.00035
83.01000,1.98000,0.99979,0.00000,0.00000,0.00004,0.00017
83.21000,1.98000,0.99987,0.00000,0.00000,0.00004,0.00009
83.41000,1.98000,0.99996,0.00000,0.00000,0.00003,0.00001
83.61000,1.98000,0.99999,0.00000,0.00000,0.00001,0.00000
83.81000,1.98000,0.99995,0.00000,0.00000,0.00002,0.00003
84.01000,1.98000,0.99892,0.00004,0.00000,0.00081,0.00023
84.21000,1.98000,0.62512,0.00145,0.00302,0.22883,0.14158
84.41000,1.98000,0.99970,0.00007,0.00002,0.00001,0.00020
84.61000,1.98000,0.99998,0.00000,0.00001,0.00000,0.00001
84.81000,1.98000,0.99990,0.00000,0.00009,0.00000,0.00000
85.01000,1.98000,0.99999,0.00000,0.00001,0.00000,0.00000
85.21000,1.98000,0.99998,0.00000,0.00002,0.00000,0.00000
85.41000,1.98000,1.00000,0.00000,0.00000,0.00000,0.00000
85.61000,1.98000,1.00000,0.00000,0.00000,0.00000,0.00000
85.81000,1.98000,1.00000,0.00000,0.00000,0.00000,0.00000
86.01000,1.98000,0.99997,0.00000,0.00003,0.00000,0.00000
86.21000,1.98000,1.00000,0.00000,0.00000,0.00000,0.00000
86.41000,1.98000,1.00000,0.00000,0.00000,0.00000,0.00000
86.61000,1.98000,1.00000,0.00000,0.00000,0.00000,0.00000
86.81000,1.98000,0.99997,0.00000,0.00000,0.00000,0.00003
87.01000,1.98000,0.99997,0.00001,0.00000,0.00000,0.00002
87.21000,1.98000,0.99999,0.00000,0.00000,0.00000,0.00001
87.41000,1.98000,0.99997,0.00000,0.00001,0.00000,0.00002
87.61000,1.98000,0.99974,0.00005,0.00001,0.00001,0.00020
87.81000,1.98000,0.99988,0.00011,0.00000,0.00000,0.00001
88.01000,1.98000,0.99987,0.00012,0.00000,0.00000,0.00001
88.21000,1.98000,0.99998,0.00001,0.00000,0.00000,0.00000
88.41000,1.98000,0.99944,0.00004,0.00001,0.00012,0.00039
88.61000,1.98000,0.99517,0.00016,0.00004,0.00257,0.00205
88.81000,1.98000,0.26815,0.00056,0.02136,0.14192,0.56801
89.01000,1.98000,0.93540,0.00078,0.00007,0.01588,0.04788
89.21000,1.98000,0.99752,0.00001,0.00001,0.00015,0.00231
89.41000,1.98000,0.99719,0.00001,0.00006,0.00007,0.00268
89.61000,1.98000,0.99980,0.00000,0.00004,0.00000,0.00016
89.81000,1.98000,0.99988,0.00000,0.00001,0.00000,0.00011
90.01000,1.98000,0.99998,0.00000,0.00000,0.00000,0.00002
90.21000,1.98000,0.99998,0.00000,0.00000,0.00000,0.00002
90.41000,1.98000,1.00000,0.00000,0.00000,0.00000,0.00000
90.61000,1.98000,1.00000,0.00000,0.00000,0.00000,0.00000
90.81000,1.98000,1.00000,0.00000,0.00000,0.00000,0.00000
91.01000,1.98000,1.00000,0.00000,0.00000,0.00000,0.00000
91.21000,1.98000,1.00000,0.00000,0.00000,0.00000,0.00000
91.41000,1.98000,1.00000,0.00000,0.00000,0.00000,0.00000
91.61000,1.98000,1.00000,0.00000,0.00000,0.00000,0.00000
91.81000,1.98000,1.00000,0.00000,0.00000,0.00000,0.00000
92.01000,1.98000,1.00000,0.00000,0.00000,0.00000,0.00000
92.21000,1.98000,0.99994,0.00001,0.00000,0.00000,0.00005
92.41000,1.98000,0.99988,0.00002,0.00000,0.00000,0.00010
92.61000,1.98000,0.99975,0.00000,0.00000,0.00000,0.00025
92.81000,1.98000,0.99799,0.00016,0.00000,0.00006,0.00179
93.01000,1.98000,0.99577,0.00007,0.00000,0.00015,0.00401
93.21000,1.98000,0.99382,0.00011,0.00000,0.00016,0.00591
93.41000,1.98000,0.99969,0.00000,0.00000,0.00010,0.00021
93.61000,1.98000,0.99979,0.00001,0.00000,0.00003,0.00017
93.81000,1.98000,0.99850,0.00003,0.00000,0.00012,0.00135
94.01000,1.98000,0.98180,0.00121,0.00001,0.00717,0.00980
94.21000,1.98000,0.11288,0.00037,0.00280,0.50776,0.37618
94.41000,1.98000,0.93525,0.00015,0.00012,0.04020,0.02429
94.61000,1.98000,0.99880,0.00001,0.00001,0.00045,0.00074
94.81000,1.98000,0.99984,0.00000,0.00002,0.00001,0.00012
95.01000,1.98000,0.99988,0.00000,0.00001,0.00000,0.00010
95.21000,1.98000,0.99999,0.00000,0.00001,0.00000,0.00000
95.41000,1.98000,0.99999,0.00000,0.00000,0.00000,0.00000
95.61000,1.98000,0.99997,0.00002,0.00000,0.00000,0.00000
95.81000,1.98000,0.99998,0.00002,0.00000,0.00000,0.00000
96.01000,1.98000,0.99976,0.00022,0.00000,0.00000,0.00002
96.21000,1.98000,0.99987,0.00012,0.00000,0.00000,0.00000
96.41000,1.98000,0.99986,0.00014,0.00000,0.00000,0.00000
96.61000,1.98000,0.99999,0.00001,0.00000,0.00000,0.00000
96.81000,1.98000,0.99994,0.00005,0.00000,0.00000,0.00002
97.01000,1.98000,0.99970,0.00024,0.00000,0.00000,0.00006
97.21000,1.98000,0.99962,0.00010,0.00001,0.00001,0.00026
97.41000,1.98000,0.99975,0.00002,0.00000,0.00001,0.00022
97.61000,1.98000,0.99969,0.00001,0.00000,0.00001,0.00028
97.81000,1.98000,0.99986,0.00000,0.00000,0.00001,0.00013
98.01000,1.98000,0.99997,0.00000,0.00000,0.00000,0.00003
98.21000,1.98000,1.00000,0.00000,0.00000,0.00000,0.00000
98.41000,1.98000,1.00000,0.00000,0.00000,0.00000,0.00000
98.61000,1.98000,0.99969,0.00000,0.00000,0.00007,0.00024
98.81000,1.98000,0.98304,0.00038,0.00006,0.01381,0.00271
99.01000,1.98000,0.00502,0.00002,0.02468,0.10193,0.86836
99.21000,1.98000,0.90712,0.00040,0.00031,0.00967,0.08250
99.41000,1.98000,0.99574,0.00000,0.00003,0.00004,0.00419
99.61000,1.98000,0.98770,0.00000,0.00348,0.00003,0.00879
99.81000,1.98000,0.99963,0.00000,0.00023,0.00000,0.00014
100.01000,1.98000,0.99795,0.00000,0.00156,0.00000,0.00049
100.21000,1.98000,0.99932,0.00000,0.00031,0.00002,0.00035
100.41000,1.98000,0.99973,0.00000,0.00017,0.00001,0.00009
100.61000,1.98000,0.99985,0.00000,0.00013,0.00000,0.00002
100.81000,1.98000,0.99996,0.00000,0.00004,0.00000,0.00000
101.01000,1.98000,0.99993,0.00000,0.00007,0.00000,0.00000
101.21000,1.98000,0.99991,0.00000,0.00008,0.00000,0.00000
101.41000,1.98000,0.99984,0.00000,0.00016,0.00000,0.00000
101.61000,1.98000,0.99997,0.00000,0.00003,0.00000,0.00000
101.81000,1.98000,0.99999,0.00000,0.00001,0.00000,0.00000
102.01000,1.98000,0.99999,0.00000,0.00001,0.00000,0.00000
102.21000,1.98000,0.99999,0.00000,0.00001,0.00000,0.00000
102.41000,1.98000,0.99996,0.00000,0.00003,0.00000,0.00001
102.61000,1.98000,0.99993,0.00000,0.00005,0.00000,0.00002
102.81000,1.98000,0.99988,0.00000,0.00007,0.00000,0.00005
103.01000,1.98000,0.99998,0.00000,0.00001,0.00000,0.00002
103.21000,1.98000,1.00000,0.00000,0.00000,0.00000,0.00000
103.41000,1.98000,1.00000,0.00000,0.00000,0.00000,0.00000
103.61000,1.98000,0.99999,0.00000,0.00000,0.00000,0.00000
103.81000,1.98000,0.99949,0.00000,0.00000,0.00016,0.00035
104.01000,1.98000,0.78788,0.00012,0.00002,0.20797,0.00400
104.21000,1.98000,0.29959,0.00013,0.00122,0.49691,0.20216
104.41000,1.98000,0.99286,0.00006,0.00001,0.00471,0.00236
104.61000,1.98000,0.99947,0.00000,0.00001,0.00005,0.00047
104.81000,1.98000,0.99984,0.00000,0.00009,0.00001,0.00007
105.01000,1.98000,0.99998,0.00000,0.00001,0.00000,0.00000
105.21000,1.98000,0.99999,0.00000,0.00001,0.00000,0.00000
105.41000,1.98000,1.00000,0.00000,0.00000,0.00000,0.00000
105.61000,1.98000,1.00000,0.00000,0.00000,0.00000,0.00000
105.81000,1.98000,1.00000,0.00000,0.00000,0.00000,0.00000
106.01000,1.98000,1.00000,0.00000,0.00000,0.00000,0.00000
106.21000,1.98000,1.00000,0.00000,0.00000,0.00000,0.00000
106.41000,1.98000,1.00000,0.00000,0.00000,0.00000,0.00000
106.61000,1.98000,1.00000,0.00000,0.00000,0.00000,0.00000
106.81000,1.98000,1.00000,0.00000,0.00000,0.00000,0.00000
107.01000,1.98000,1.00000,0.00000,0.00000,0.00000,0.00000
107.21000,1.98000,1.00000,0.00000,0.00000,0.00000,0.00000
107.41000,1.98000,0.99997,0.00002,0.00000,0.00000,0.00001
107.61000,1.98000,0.99995,0.00001,0.00000,0.00000,0.00005
107.81000,1.98000,0.99993,0.00001,0.00000,0.00000,0.00006
108.01000,1.98000,0.99978,0.00000,0.00000,0.00000,0.00021
108.21000,1.98000,0.99906,0.00006,0.00001,0.00001,0.00086
108.41000,1.98000,0.10558,0.00008,0.04917,0.00188,0.84328
108.61000,1.98000,0.68892,0.00012,0.00067,0.00067,0.30962
108.81000,1.98000,0.99903,0.00001,0.00001,0.00000,0.00095
109.01000,1.98000,0.99969,0.00000,0.00010,0.00000,0.00021
109.21000,1.98000,0.99971,0.00000,0.00012,0.00000,0.00017
109.41000,1.98000,0.99995,0.00000,0.00005,0.00000,0.00001
109.61000,1.98000,1.00000,0.00000,0.00000,0.00000,0.00000
109.81000,1.98000,1.00000,0.00000,0.00000,0.00000,0.00000
110.01000,1.98000,1.00000,0.00000,0.00000,0.00000,0.00000
110.21000,1.98000,1.00000,0.00000,0.00000,0.00000,0.00000
110.41000,1.98000,1.00000,0.00000,0.00000,0.00000,0.00000
110.61000,1.98000,0.99999,0.00001,0.00000,0.00000,0.00000
110.81000,1.98000,0.99996,0.00001,0.00000,0.00000,0.00002
111.01000,1.98000,0.99990,0.00001,0.00000,0.00000,0.00009
111.21000,1.98000,0.99942,0.00002,0.00000,0.00001,0.00055
111.41000,1.98000,0.99450,0.00004,0.00001,0.00013,0.00532
111.61000,1.98000,0.99441,0.00001,0.00002,0.00006,0.00551
111.81000,1.98000,0.99713,0.00000,0.00002,0.00002,0.00283
112.01000,1.98000,0.99871,0.00000,0.00002,0.00001,0.00126
112.21000,1.98000,0.99948,0.00000,0.00002,0.00005,0.00046
112.41000,1.98000,0.99971,0.00001,0.00001,0.00014,0.00014
112.61000,1.98000,0.99987,0.00000,0.00001,0.00008,0.00004
112.81000,1.98000,0.99992,0.00000,0.00000,0.00003,0.00004
113.01000,1.98000,0.99987,0.00000,0.00001,0.00008,0.00005
113.21000,1.98000,0.99981,0.00000,0.00001,0.00011,0.00007
113.41000,1.98000,0.99997,0.00000,0.00000,0.00001,0.00001
113.61000,1.98000,0.99999,0.00000,0.00000,0.00001,0.00000
113.81000,1.98000,1.00000,0.00000,0.00000,0.00000,0.00000
114.01000,1.98000,0.99979,0.00000,0.00000,0.00010,0.00010
114.21000,1.98000,0.99024,0.00001,0.00000,0.00914,0.00061
114.41000,1.98000,0.03431,0.00001,0.00163,0.86767,0.09637
114.61000,1.98000,0.97384,0.00001,0.00001,0.01772,0.00841
114.81000,1.98000,0.99922,0.00000,0.00000,0.00032,0.00046
115.01000,1.98000,0.99851,0.00000,0.00006,0.00004,0.00139
115.21000,1.98000,0.99986,0.00000,0.00004,0.00000,0.00010
115.41000,1.98000,0.99998,0.00000,0.00001,0.00000,0.00001
115.61000,1.98000,0.99998,0.00000,0.00001,0.00001,0.00001
115.81000,1.98000,0.99992,0.00000,0.00002,0.00004,0.00002
116.01000,1.98000,0.99955,0.00000,0.00017,0.00018,0.00010
116.21000,1.98000,0.99894,0.00000,0.00033,0.00058,0.00014
116.41000,1.98000,0.99991,0.00000,0.00005,0.00001,0.00003
116.61000,1.98000,0.99994,0.00000,0.00006,0.00000,0.00000
116.81000,1.98000,0.99998,0.00000,0.00001,0.00000,0.00000
117.01000,1.98000,0.99997,0.00000,0.00003,0.00000,0.00000
117.21000,1.98000,0.99995,0.00000,0.00004,0.00000,0.00001
117.41000,1.98000,0.99993,0.00000,0.00005,0.00000,0.00002
117.61000,1.98000,0.99995,0.00000,0.00003,0.00000,0.00002
117.81000,1.98000,0.99982,0.00000,0.00005,0.00000,0.00013
118.01000,1.98000,0.99997,0.00000,0.00000,0.00000,0.00003
118.21000,1.98000,0.99991,0.00000,0.00000,0.00001,0.00008
118.41000,1.98000,0.99992,0.00000,0.00000,0.00002,0.00006
118.61000,1.98000,0.99960,0.00000,0.00000,0.00004,0.00036
118.81000,1.98000,0.99767,0.00009,0.00001,0.00134,0.00089
119.01000,1.98000,0.26905,0.00107,0.01301,0.39483,0.32205
119.21000,1.98000,0.97233,0.00060,0.00010,0.02339,0.00358
119.41000,1.98000,0.99786,0.00159,0.00001,0.00025,0.00029
119.61000,1.98000,0.99920,0.00071,0.00004,0.00001,0.00005
119.81000,1.98000,0.99992,0.00006,0.00002,0.00000,0.00000
120.01000,1.98000,0.99885,0.00109,0.00006,0.00000,0.00000
120.21000,1.98000,0.99630,0.00370,0.00000,0.00000,0.00000
120.41000,1.98000,0.99766,0.00233,0.00001,0.00000,0.00000
120.61000,1.98000,0.99978,0.00019,0.00004,0.00000,0.00000
120.81000,1.98000,0.99998,0.00002,0.00000,0.00000,0.00000
121.01000,1.98000,0.99998,0.00002,0.00000,0.00000,0.00000
121.21000,1.98000,0.99907,0.00015,0.00076,0.00000,0.00001
121.41000,1.98000,0.99991,0.00005,0.00003,0.00000,0.00000
121.61000,1.98000,0.99987,0.00010,0.00003,0.00000,0.00000
121.81000,1.98000,0.99822,0.00000,0.00166,0.00001,0.00011
