Time (seconds), Duration (seconds),pred_(unlabeled),pred_On,pred_Off,pred_Dimmer,pred_Lighter
0.01000,1.98000,0.99047,0.00004,0.00949,0.00000,0.00000
0.21000,1.98000,0.96912,0.00013,0.03075,0.00000,0.00000
0.41000,1.98000,0.98584,0.00005,0.01411,0.00000,0.00000
0.61000,1.98000,0.98516,0.00008,0.01475,0.00000,0.00001
0.81000,1.98000,0.97799,0.00012,0.02189,0.00000,0.00001
1.01000,1.98000,0.99551,0.00013,0.00434,0.00000,0.00001
1.21000,1.98000,0.95604,0.00040,0.04353,0.00000,0.00002
1.41000,1.98000,0.95250,0.00053,0.04669,0.00003,0.00025
1.61000,1.98000,0.99482,0.00021,0.00493,0.00001,0.00003
1.81000,1.98000,0.96817,0.00292,0.02597,0.00051,0.00243
2.01000,1.98000,0.97171,0.00252,0.02173,0.00105,0.00298
2.21000,1.98000,0.97170,0.00185,0.01937,0.00126,0.00582
2.41000,1.98000,0.99372,0.00072,0.00386,0.00043,0.00128
2.61000,1.98000,0.98892,0.00169,0.00509,0.00127,0.00304
2.81000,1.98000,0.99802,0.00022,0.00088,0.00027,0.00061
3.01000,1.98000,0.99541,0.00007,0.00274,0.00019,0.00159
3.21000,1.98000,0.99790,0.00000,0.00174,0.00004,0.00032
3.41000,1.98000,0.99591,0.00000,0.00334,0.00005,0.00070
3.61000,1.98000,0.99754,0.00000,0.00213,0.00001,0.00032
3.81000,1.98000,0.98363,0.00000,0.01552,0.00004,0.00081
4.01000,1.98000,0.99886,0.00000,0.00097,0.00000,0.00016
4.21000,1.98000,0.97523,0.00000,0.02400,0.00007,0.00071
4.41000,1.98000,0.99751,0.00000,0.00212,0.00001,0.00036
4.61000,1.98000,0.99908,0.00000,0.00067,0.00002,0.00023
4.81000,1.98000,0.99779,0.00000,0.00171,0.00012,0.00038
5.01000,1.98000,0.99811,0.00000,0.00119,0.00017,0.00053
5.21000,1.98000,0.99824,0.00000,0.00128,0.00012,0.00036
5.41000,1.98000,0.99893,0.00000,0.00074,0.00013,0.00021
5.61000,1.98000,0.99285,0.00000,0.00534,0.00109,0.00072
5.81000,1.98000,0.99780,0.00000,0.00113,0.00070,0.00037
6.01000,1.98000,0.99608,0.00000,0.00272,0.00071,0.00049
6.21000,1.98000,0.99918,0.00000,0.00062,0.00016,0.00005
6.41000,1.98000,0.99755,0.00000,0.00183,0.00055,0.00008
6.61000,1.98000,0.99934,0.00000,0.00058,0.00007,0.00001
6.81000,1.98000,0.99901,0.00000,0.00084,0.00014,0.00001
7.01000,1.98000,0.99975,0.00000,0.00018,0.00007,0.00000
7.21000,1.98000,0.99982,0.00000,0.00011,0.00006,0.00000
7.41000,1.98000,0.99986,0.00000,0.00005,0.00008,0.00000
7.61000,1.98000,0.99994,0.00000,0.00002,0.00004,0.00000
7.81000,1.98000,0.99999,0.00000,0.00000,0.00001,0.00000
8.01000,1.98000,0.99999,0.00000,0.00000,0.00001,0.00000
8.21000,1.98000,0.99999,0.00000,0.00000,0.00000,0.00000
8.41000,1.98000,0.99998,0.00000,0.00001,0.00001,0.00000
8.61000,1.98000,0.99998,0.00000,0.00001,0.00001,0.00000
8.81000,1.98000,0.99997,0.00000,0.00001,0.00002,0.00000
9.01000,1.98000,0.99997,0.00000,0.00001,0.00002,0.00001
9.21000,1.98000,0.99988,0.00000,0.00006,0.00004,0.00003
9.41000,1.98000,0.99934,0.00000,0.00029,0.00010,0.00027
9.61000,1.98000,0.99975,0.00000,0.00008,0.00003,0.00014
9.81000,1.98000,0.99702,0.00000,0.00186,0.00011,0.00101
10.01000,1.98000,0.99785,0.00000,0.00185,0.00001,0.00029
10.21000,1.98000,0.96992,0.00000,0.02993,0.00002,0.00014
10.41000,1.98000,0.90935,0.00003,0.09039,0.00006,0.00017
10.61000,1.98000,0.95426,0.00000,0.04572,0.00000,0.00002
10.81000,1.98000,0.64747,0.00000,0.35247,0.00000,0.00006
11.01000,1.98000,0.82585,0.00000,0.17413,0.00000,0.00001
11.21000,1.98000,0.58432,0.00006,0.41554,0.00003,0.00005
11.41000,1.98000,0.75031,0.00001,0.24967,0.00000,0.00001
11.61000,1.98000,0.80833,0.00001,0.19165,0.00001,0.00000
11.81000,1.98000,0.98081,0.00000,0.01918,0.00000,0.00000
12.01000,1.98000,0.98210,0.00002,0.01755,0.00024,0.00009
12.21000,1.98000,0.98945,0.00001,0.01039,0.00009,0.00006
12.41000,1.98000,0.99330,0.00001,0.00652,0.00014,0.00002
12.61000,1.98000,0.99609,0.00003,0.00329,0.00043,0.00015
12.81000,1.98000,0.99887,0.00021,0.00067,0.00023,0.00002
13.01000,1.98000,0.99638,0.00251,0.00059,0.00034,0.00019
13.21000,1.98000,0.99820,0.00132,0.00039,0.00005,0.00005
13.41000,1.98000,0.99518,0.00388,0.00043,0.00017,0.00035
13.61000,1.98000,0.98559,0.01108,0.00125,0.00075,0.00133
13.81000,1.98000,0.97662,0.01896,0.00079,0.00055,0.00308
14.01000,1.98000,0.99073,0.00573,0.00117,0.00066,0.00170
14.21000,1.98000,0.98832,0.00624,0.00140,0.00073,0.00331
14.41000,1.98000,0.99878,0.00071,0.00016,0.00011,0.00024
14.61000,1.98000,0.99922,0.00007,0.00016,0.00015,0.00041
14.81000,1.98000,0.99683,0.00003,0.00065,0.00117,0.00132
15.01000,1.98000,0.99847,0.00009,0.00039,0.00048,0.00056
15.21000,1.98000,0.99789,0.00001,0.00106,0.00013,0.00090
15.41000,1.98000,0.99789,0.00000,0.00173,0.00002,0.00036
15.61000,1.98000,0.95314,0.00001,0.04457,0.00017,0.00212
15.81000,1.98000,0.67690,0.00003,0.31997,0.00132,0.00178
16.01000,1.98000,0.76173,0.00001,0.23568,0.00070,0.00187
16.21000,1.98000,0.47466,0.00001,0.52343,0.00129,0.00061
16.41000,1.98000,0.86084,0.00000,0.13895,0.00009,0.00013
16.61000,1.98000,0.85876,0.00000,0.14032,0.00058,0.00034
16.81000,1.98000,0.98787,0.00000,0.01211,0.00001,0.00001
17.01000,1.98000,0.99273,0.00000,0.00719,0.00008,0.00000
17.21000,1.98000,0.99799,0.00000,0.00169,0.00032,0.00000
17.41000,1.98000,0.99944,0.00000,0.00034,0.00022,0.00000
17.61000,1.98000,0.99930,0.00000,0.00057,0.00013,0.00000
17.81000,1.98000,0.99986,0.00000,0.00009,0.00004,0.00000
18.01000,1.98000,0.99958,0.00000,0.00027,0.00014,0.00000
18.21000,1.98000,0.99991,0.00000,0.00003,0.00005,0.00000
18.41000,1.98000,0.99949,0.00000,0.00011,0.00038,0.00002
18.61000,1.98000,0.99942,0.00000,0.00016,0.00035,0.00007
18.81000,1.98000,0.99822,0.00000,0.00061,0.00091,0.00025
19.01000,1.98000,0.99884,0.00001,0.00031,0.00039,0.00045
19.21000,1.98000,0.98730,0.00012,0.00452,0.00243,0.00563
19.41000,1.98000,0.99757,0.00000,0.00115,0.00004,0.00123
19.61000,1.98000,0.99372,0.00036,0.00375,0.00012,0.00205
19.81000,1.98000,0.97868,0.00022,0.02054,0.00011,0.00046
20.01000,1.98000,0.87126,0.00079,0.12602,0.00042,0.00150
20.21000,1.98000,0.92999,0.00001,0.06987,0.00006,0.00008
20.41000,1.98000,0.65090,0.00003,0.34791,0.00055,0.00062
20.61000,1.98000,0.80484,0.00001,0.19459,0.00040,0.00015
20.81000,1.98000,0.96019,0.00001,0.03935,0.00034,0.00012
21.01000,1.98000,0.99756,0.00000,0.00241,0.00002,0.00000
21.21000,1.98000,0.99789,0.00000,0.00206,0.00005,0.00000
21.41000,1.98000,0.99957,0.00000,0.00037,0.00007,0.00000
21.61000,1.98000,0.99987,0.00000,0.00011,0.00002,0.00000
21.81000,1.98000,0.99997,0.00000,0.00003,0.00001,0.00000
22.01000,1.98000,0.99997,0.00000,0.00002,0.00001,0.00000
22.21000,1.98000,0.99963,0.00000,0.00025,0.00011,0.00001
22.41000,1.98000,0.99939,0.00000,0.00043,0.00014,0.00004
22.61000,1.98000,0.99930,0.00000,0.00062,0.00004,0.00004
22.81000,1.98000,0.99354,0.00000,0.00614,0.00004,0.00027
23.01000,1.98000,0.98174,0.00008,0.01791,0.00007,0.00021
23.21000,1.98000,0.95469,0.00006,0.04472,0.00014,0.00039
23.41000,1.98000,0.82856,0.00014,0.17079,0.00023,0.00028
23.61000,1.98000,0.69286,0.00002,0.30651,0.00035,0.00026
23.81000,1.98000,0.63626,0.00017,0.36194,0.00109,0.00054
24.01000,1.98000,0.85173,0.00001,0.14730,0.00060,0.00035
24.21000,1.98000,0.98768,0.00003,0.01212,0.00013,0.00004
24.41000,1.98000,0.98066,0.00000,0.01902,0.00030,0.00002
24.61000,1.98000,0.99868,0.00000,0.00106,0.00025,0.00001
24.81000,1.98000,0.99930,0.00000,0.00048,0.00020,0.00001
25.01000,1.98000,0.99973,0.00000,0.00020,0.00007,0.00001
25.21000,1.98000,0.99958,0.00000,0.00024,0.00017,0.00002
25.41000,1.98000,0.99940,0.00000,0.00031,0.00026,0.00003
25.61000,1.98000,0.99967,0.00000,0.00010,0.00017,0.00005
25.81000,1.98000,0.99833,0.00000,0.00141,0.00016,0.00010
26.01000,1.98000,0.99816,0.00000,0.00146,0.00010,0.00028
26.21000,1.98000,0.98448,0.00000,0.01436,0.00005,0.00111
26.41000,1.98000,0.97775,0.00003,0.02063,0.00008,0.00151
26.61000,1.98000,0.87245,0.00006,0.12582,0.00012,0.00155
26.81000,1.98000,0.71194,0.00015,0.28468,0.00054,0.00269
27.01000,1.98000,0.49106,0.00001,0.50787,0.00039,0.00066
27.21000,1.98000,0.68489,0.00001,0.31357,0.00046,0.00107
27.41000,1.98000,0.90712,0.00000,0.09252,0.00011,0.00025
27.61000,1.98000,0.98422,0.00000,0.01566,0.00007,0.00005
27.81000,1.98000,0.98757,0.00000,0.01238,0.00004,0.00001
28.01000,1.98000,0.99976,0.00000,0.00024,0.00000,0.00000
28.21000,1.98000,0.99989,0.00000,0.00009,0.00002,0.00000
28.41000,1.98000,0.99990,0.00000,0.00007,0.00002,0.00000
28.61000,1.98000,0.99997,0.00000,0.00002,0.00001,0.00000
28.81000,1.98000,0.99967,0.00000,0.00018,0.00015,0.00001
29.01000,1.98000,0.99970,0.00000,0.00013,0.00015,0.00003
29.21000,1.98000,0.99933,0.00000,0.00037,0.00028,0.00002
29.41000,1.98000,0.99975,0.00000,0.00009,0.00011,0.00005
29.61000,1.98000,0.99947,0.00000,0.00026,0.00021,0.00006
29.81000,1.98000,0.99768,0.00000,0.00071,0.00079,0.00082
30.01000,1.98000,0.99901,0.00000,0.00043,0.00039,0.00017
30.21000,1.98000,0.99936,0.00000,0.00025,0.00021,0.00019
30.41000,1.98000,0.99942,0.00000,0.00012,0.00012,0.00034
30.61000,1.98000,0.99936,0.00000,0.00010,0.00001,0.00053
30.81000,1.98000,0.99897,0.00000,0.00092,0.00000,0.00011
31.01000,1.98000,0.99817,0.00000,0.00171,0.00000,0.00012
31.21000,1.98000,0.95578,0.00001,0.04226,0.00010,0.00186
31.41000,1.98000,0.94805,0.00000,0.05040,0.00006,0.00149
31.61000,1.98000,0.79056,0.00002,0.19859,0.00043,0.01039
31.81000,1.98000,0.91445,0.00000,0.08441,0.00004,0.00111
32.01000,1.98000,0.91706,0.00002,0.07727,0.00023,0.00542
32.21000,1.98000,0.99311,0.00000,0.00678,0.00000,0.00011
32.41000,1.98000,0.99571,0.00000,0.00408,0.00000,0.00021
32.61000,1.98000,0.99552,0.00000,0.00368,0.00006,0.00074
32.81000,1.98000,0.99587,0.00000,0.00064,0.00010,0.00339
33.01000,1.98000,0.99852,0.00000,0.00021,0.00008,0.00119
33.21000,1.98000,0.99349,0.00000,0.00034,0.00025,0.00592
33.41000,1.98000,0.98866,0.00000,0.00089,0.00065,0.00981
33.61000,1.98000,0.98568,0.00000,0.00115,0.00056,0.01262
33.81000,1.98000,0.99558,0.00000,0.00087,0.00026,0.00330
34.01000,1.98000,0.99634,0.00001,0.00085,0.00014,0.00267
34.21000,1.98000,0.99838,0.00000,0.00090,0.00000,0.00071
34.41000,1.98000,0.99237,0.00000,0.00718,0.00001,0.00045
34.61000,1.98000,0.94001,0.00000,0.05965,0.00001,0.00033
34.81000,1.98000,0.50954,0.00000,0.48676,0.00028,0.00342
35.01000,1.98000,0.17442,0.00000,0.82458,0.00025,0.00074
35.21000,1.98000,0.58032,0.00000,0.41903,0.00022,0.00043
35.41000,1.98000,0.74636,0.00000,0.25341,0.00011,0.00012
35.61000,1.98000,0.95946,0.00000,0.04051,0.00001,0.00002
35.81000,1.98000,0.94057,0.00000,0.05941,0.00002,0.00000
36.01000,1.98000,0.99595,0.00000,0.00403,0.00002,0.00000
36.21000,1.98000,0.99966,0.00000,0.00024,0.00010,0.00000
36.41000,1.98000,0.99994,0.00000,0.00004,0.00002,0.00000
36.61000,1.98000,0.99987,0.00000,0.00008,0.00005,0.00001
36.81000,1.98000,0.99943,0.00001,0.00025,0.00024,0.00007
37.01000,1.98000,0.99946,0.00006,0.00025,0.00009,0.00013
37.21000,1.98000,0.99454,0.00132,0.00303,0.00044,0.00067
37.41000,1.98000,0.97845,0.00552,0.01001,0.00155,0.00447
37.61000,1.98000,0.99723,0.00158,0.00068,0.00009,0.00042
37.81000,1.98000,0.99388,0.00168,0.00313,0.00022,0.00108
38.01000,1.98000,0.99482,0.00198,0.00265,0.00004,0.00051
38.21000,1.98000,0.99320,0.00068,0.00582,0.00001,0.00029
38.41000,1.98000,0.98737,0.00073,0.01180,0.00000,0.00010
38.61000,1.98000,0.92257,0.00525,0.07175,0.00005,0.00038
38.81000,1.98000,0.78641,0.00155,0.21166,0.00018,0.00020
39.01000,1.98000,0.56324,0.00088,0.43401,0.00098,0.00089
39.21000,1.98000,0.92199,0.00006,0.07784,0.00003,0.00008
39.41000,1.98000,0.88208,0.00022,0.11706,0.00031,0.00033
39.61000,1.98000,0.97778,0.00001,0.02213,0.00004,0.00004
39.81000,1.98000,0.95396,0.00002,0.04566,0.00029,0.00007
40.01000,1.98000,0.99910,0.00000,0.00081,0.00008,0.00001
40.21000,1.98000,0.99748,0.00001,0.00147,0.00099,0.00005
40.41000,1.98000,0.99866,0.00001,0.00100,0.00031,0.00002
40.61000,1.98000,0.99873,0.00002,0.00078,0.00031,0.00016
40.81000,1.98000,0.99352,0.00017,0.00448,0.00148,0.00036
41.01000,1.98000,0.94474,0.00509,0.02211,0.02620,0.00186
41.21000,1.98000,0.89681,0.00407,0.04427,0.05386,0.00099
41.41000,1.98000,0.98711,0.00093,0.00561,0.00598,0.00036
41.61000,1.98000,0.99803,0.00013,0.00129,0.00050,0.00005
41.81000,1.98000,0.99588,0.00035,0.00230,0.00140,0.00008
42.01000,1.98000,0.98087,0.00004,0.01407,0.00484,0.00017
42.21000,1.98000,0.99443,0.00001,0.00398,0.00154,0.00005
42.41000,1.98000,0.99084,0.00002,0.00366,0.00531,0.00017
42.61000,1.98000,0.99895,0.00000,0.00057,0.00046,0.00001
42.81000,1.98000,0.99832,0.00000,0.00133,0.00032,0.00003
43.01000,1.98000,0.99932,0.00000,0.00052,0.00013,0.00003
43.21000,1.98000,0.99862,0.00000,0.00128,0.00003,0.00006
43.41000,1.98000,0.99863,0.00000,0.00132,0.00002,0.00004
43.61000,1.98000,0.99846,0.00000,0.00152,0.00000,0.00001
43.81000,1.98000,0.99407,0.00001,0.00574,0.00001,0.00017
44.01000,1.98000,0.93693,0.00002,0.06267,0.00008,0.00029
44.21000,1.98000,0.89212,0.00001,0.10677,0.00010,0.00101
44.41000,1.98000,0.81233,0.00000,0.18729,0.00011,0.00027
44.61000,1.98000,0.95577,0.00000,0.04392,0.00002,0.00029
44.81000,1.98000,0.94572,0.00000,0.05396,0.00007,0.00025
45.01000,1.98000,0.91823,0.00000,0.08140,0.00019,0.00018
45.21000,1.98000,0.97689,0.00000,0.02288,0.00017,0.00006
45.41000,1.98000,0.99928,0.00000,0.00063,0.00005,0.00004
45.61000,1.98000,0.99797,0.00000,0.00147,0.00035,0.00020
45.81000,1.98000,0.98726,0.00000,0.01157,0.00092,0.00025
46.01000,1.98000,0.99841,0.00000,0.00107,0.00018,0.00033
46.21000,1.98000,0.99768,0.00000,0.00203,0.00017,0.00013
46.41000,1.98000,0.99980,0.00000,0.00015,0.00003,0.00003
46.61000,1.98000,0.99811,0.00000,0.00122,0.00043,0.00024
46.81000,1.98000,0.99962,0.00000,0.00025,0.00002,0.00011
47.01000,1.98000,0.99925,0.00000,0.00055,0.00006,0.00014
47.21000,1.98000,0.99939,0.00000,0.00044,0.00007,0.00010
47.41000,1.98000,0.99839,0.00000,0.00087,0.00007,0.00067
47.61000,1.98000,0.99353,0.00000,0.00599,0.00003,0.00045
47.81000,1.98000,0.99668,0.00000,0.00323,0.00001,0.00009
48.01000,1.98000,0.91335,0.00002,0.08614,0.00010,0.00039
48.21000,1.98000,0.71874,0.00008,0.27924,0.00061,0.00133
48.41000,1.98000,0.33666,0.00009,0.66039,0.00159,0.00126
48.61000,1.98000,0.74470,0.00014,0.25360,0.00130,0.00026
48.81000,1.98000,0.91706,0.00005,0.08236,0.00044,0.00009
49.01000,1.98000,0.98814,0.00002,0.01176,0.00006,0.00001
49.21000,1.98000,0.97275,0.00000,0.02713,0.00012,0.00000
49.41000,1.98000,0.98980,0.00000,0.00935,0.00084,0.00001
49.61000,1.98000,0.99459,0.00000,0.00370,0.00169,0.00002
49.81000,1.98000,0.99907,0.00000,0.00035,0.00058,0.00000
50.01000,1.98000,0.99785,0.00000,0.00061,0.00151,0.00003
50.21000,1.98000,0.99918,0.00000,0.00037,0.00044,0.00001
50.41000,1.98000,0.99918,0.00000,0.00030,0.00048,0.00004
50.61000,1.98000,0.99949,0.00000,0.00023,0.00025,0.00003
50.81000,1.98000,0.99955,0.00000,0.00019,0.00020,0.00006
51.01000,1.98000,0.99963,0.00000,0.00015,0.00017,0.00005
51.21000,1.98000,0.99906,0.00001,0.00023,0.00044,0.00026
51.41000,1.98000,0.99808,0.00002,0.00025,0.00111,0.00053
51.61000,1.98000,0.99876,0.00006,0.00020,0.00055,0.00043
51.81000,1.98000,0.99851,0.00015,0.00032,0.00053,0.00050
52.01000,1.98000,0.99628,0.00080,0.00101,0.00141,0.00050
52.21000,1.98000,0.99575,0.00094,0.00083,0.00172,0.00077
52.41000,1.98000,0.99900,0.00057,0.00026,0.00007,0.00011
52.61000,1.98000,0.99312,0.00108,0.00537,0.00009,0.00034
52.81000,1.98000,0.99560,0.00095,0.00334,0.00001,0.00010
53.01000,1.98000,0.92258,0.00156,0.07568,0.00007,0.00011
53.21000,1.98000,0.78374,0.00217,0.21368,0.00025,0.00016
53.41000,1.98000,0.78234,0.00043,0.21693,0.00015,0.00016
53.61000,1.98000,0.97507,0.00021,0.02463,0.00004,0.00005
53.81000,1.98000,0.93242,0.00007,0.06723,0.00017,0.00011
54.01000,1.98000,0.98037,0.00004,0.01954,0.00003,0.00002
54.21000,1.98000,0.98665,0.00001,0.01326,0.00006,0.00001
54.41000,1.98000,0.99921,0.00000,0.00074,0.00004,0.00000
54.61000,1.98000,0.99848,0.00002,0.00071,0.00076,0.00003
54.81000,1.98000,0.99693,0.00028,0.00111,0.00141,0.00027
55.01000,1.98000,0.99830,0.00064,0.00040,0.00056,0.00009
55.21000,1.98000,0.96593,0.00953,0.00396,0.01546,0.00512
55.41000,1.98000,0.95697,0.01531,0.00512,0.02094,0.00167
55.61000,1.98000,0.99125,0.00233,0.00090,0.00323,0.00229
55.81000,1.98000,0.98377,0.00717,0.00120,0.00714,0.00071
56.01000,1.98000,0.97416,0.00414,0.00232,0.01731,0.00206
56.21000,1.98000,0.99925,0.00002,0.00034,0.00036,0.00003
56.41000,1.98000,0.99914,0.00002,0.00018,0.00062,0.00005
56.61000,1.98000,0.99928,0.00000,0.00027,0.00044,0.00001
56.81000,1.98000,0.99931,0.00000,0.00039,0.00027,0.00003
57.01000,1.98000,0.99997,0.00000,0.00002,0.00000,0.00000
57.21000,1.98000,0.99945,0.00000,0.00053,0.00002,0.00000
57.41000,1.98000,0.99896,0.00000,0.00102,0.00001,0.00001
57.61000,1.98000,0.99872,0.00000,0.00124,0.00001,0.00004
57.81000,1.98000,0.99438,0.00001,0.00554,0.00001,0.00006
58.01000,1.98000,0.98573,0.00000,0.01425,0.00000,0.00002
58.21000,1.98000,0.87634,0.00002,0.12357,0.00000,0.00007
58.41000,1.98000,0.65787,0.00009,0.34200,0.00000,0.00003
58.61000,1.98000,0.61862,0.00013,0.38116,0.00000,0.00008
58.81000,1.98000,0.45306,0.00005,0.54674,0.00001,0.00014
59.01000,1.98000,0.87366,0.00001,0.12627,0.00000,0.00005
59.21000,1.98000,0.50279,0.00003,0.49692,0.00013,0.00013
59.41000,1.98000,0.90537,0.00004,0.09446,0.00003,0.00010
59.61000,1.98000,0.89552,0.00000,0.10429,0.00012,0.00006
59.81000,1.98000,0.99562,0.00000,0.00435,0.00002,0.00001
60.01000,1.98000,0.99565,0.00000,0.00344,0.00062,0.00028
60.21000,1.98000,0.99710,0.00000,0.00243,0.00022,0.00024
60.41000,1.98000,0.98586,0.00000,0.00893,0.00088,0.00432
60.61000,1.98000,0.99680,0.00000,0.00287,0.00007,0.00026
60.81000,1.98000,0.99795,0.00000,0.00161,0.00002,0.00042
61.01000,1.98000,0.99898,0.00000,0.00094,0.00000,0.00008
61.21000,1.98000,0.98689,0.00000,0.01117,0.00010,0.00183
61.41000,1.98000,0.99696,0.00000,0.00283,0.00003,0.00018
61.61000,1.98000,0.98917,0.00000,0.01008,0.00011,0.00064
61.81000,1.98000,0.99135,0.00000,0.00821,0.00010,0.00034
62.01000,1.98000,0.99073,0.00000,0.00876,0.00001,0.00050
62.21000,1.98000,0.97581,0.00004,0.02373,0.00006,0.00036
62.41000,1.98000,0.91626,0.00003,0.08357,0.00002,0.00011
62.61000,1.98000,0.76670,0.00021,0.23188,0.00055,0.00065
62.81000,1.98000,0.57516,0.00023,0.42150,0.00163,0.00149
63.01000,1.98000,0.73702,0.00019,0.25894,0.00306,0.00079
63.21000,1.98000,0.90986,0.00003,0.08968,0.00027,0.00016
63.41000,1.98000,0.96146,0.00004,0.03815,0.00028,0.00008
63.61000,1.98000,0.99453,0.00000,0.00544,0.00002,0.00001
63.81000,1.98000,0.99929,0.00000,0.00067,0.00003,0.00000
64.01000,1.98000,0.99961,0.00000,0.00030,0.00009,0.00000
64.21000,1.98000,0.99895,0.00000,0.00071,0.00031,0.00002
64.41000,1.98000,0.99939,0.00000,0.00044,0.00015,0.00002
64.61000,1.98000,0.99895,0.00000,0.00078,0.00022,0.00005
64.81000,1.98000,0.99986,0.00000,0.00010,0.00003,0.00001
65.01000,1.98000,0.98853,0.00005,0.00810,0.00202,0.00131
65.21000,1.98000,0.99585,0.00002,0.00303,0.00038,0.00073
65.41000,1.98000,0.98693,0.00001,0.01152,0.00076,0.00078
65.61000,1.98000,0.99877,0.00000,0.00104,0.00003,0.00017
65.81000,1.98000,0.99092,0.00000,0.00855,0.00002,0.00051
66.01000,1.98000,0.97561,0.00000,0.02412,0.00001,0.00026
66.21000,1.98000,0.93437,0.00002,0.06484,0.00011,0.00065
66.41000,1.98000,0.81846,0.00023,0.17879,0.00026,0.00226
66.61000,1.98000,0.63833,0.00001,0.35957,0.00057,0.00153
66.81000,1.98000,0.63583,0.00001,0.36349,0.00021,0.00045
67.01000,1.98000,0.77784,0.00000,0.22147,0.00028,0.00040
67.21000,1.98000,0.97587,0.00000,0.02405,0.00002,0.00006
67.41000,1.98000,0.97469,0.00000,0.02524,0.00005,0.00001
67.61000,1.98000,0.99720,0.00000,0.00278,0.00002,0.00000
67.81000,1.98000,0.99352,0.00000,0.00609,0.00038,0.00002
68.01000,1.98000,0.99929,0.00000,0.00057,0.00012,0.00002
68.21000,1.98000,0.99816,0.00000,0.00124,0.00057,0.00003
68.41000,1.98000,0.99822,0.00001,0.00133,0.00032,0.00012
68.61000,1.98000,0.99531,0.00001,0.00388,0.00047,0.00033
68.81000,1.98000,0.99418,0.00001,0.00513,0.00014,0.00054
69.01000,1.98000,0.97804,0.00001,0.02022,0.00028,0.00145
69.21000,1.98000,0.99649,0.00000,0.00326,0.00002,0.00023
69.41000,1.98000,0.99426,0.00001,0.00555,0.00000,0.00017
69.61000,1.98000,0.98256,0.00000,0.01633,0.00001,0.00110
69.81000,1.98000,0.96118,0.00002,0.03806,0.00001,0.00074
70.01000,1.98000,0.72628,0.00001,0.27037,0.00005,0.00330
70.21000,1.98000,0.51769,0.00003,0.47876,0.00007,0.00345
70.41000,1.98000,0.26258,0.00003,0.73217,0.00044,0.00478
70.61000,1.98000,0.84584,0.00002,0.15358,0.00014,0.00043
70.81000,1.98000,0.93379,0.00001,0.06563,0.00020,0.00037
71.01000,1.98000,0.99338,0.00000,0.00656,0.00004,0.00002
71.21000,1.98000,0.97906,0.00000,0.02003,0.00080,0.00010
71.41000,1.98000,0.99684,0.00000,0.00244,0.00069,0.00002
71.61000,1.98000,0.99957,0.00000,0.00025,0.00017,0.00001
71.81000,1.98000,0.99972,0.00000,0.00015,0.00010,0.00003
72.01000,1.98000,0.99841,0.00000,0.00104,0.00037,0.00018
72.21000,1.98000,0.99878,0.00000,0.00077,0.00014,0.00031
72.41000,1.98000,0.99931,0.00000,0.00058,0.00001,0.00010
72.61000,1.98000,0.99870,0.00000,0.00063,0.00002,0.00065
72.81000,1.98000,0.99652,0.00000,0.00206,0.00001,0.00141
73.01000,1.98000,0.99922,0.00000,0.00047,0.00000,0.00031
73.21000,1.98000,0.99800,0.00000,0.00186,0.00000,0.00014
73.41000,1.98000,0.99057,0.00000,0.00930,0.00000,0.00013
73.61000,1.98000,0.97086,0.00000,0.02894,0.00000,0.00020
73.81000,1.98000,0.77672,0.00000,0.22236,0.00000,0.00092
74.01000,1.98000,0.55880,0.00000,0.43948,0.00000,0.00171
74.21000,1.98000,0.30875,0.00000,0.68912,0.00006,0.00207
74.41000,1.98000,0.77636,0.00000,0.22254,0.00002,0.00107
74.61000,1.98000,0.87567,0.00000,0.12377,0.00008,0.00047
74.81000,1.98000,0.97388,0.00000,0.02600,0.00001,0.00011
75.01000,1.98000,0.99822,0.00000,0.00177,0.00001,0.00001
75.21000,1.98000,0.99941,0.00000,0.00058,0.00000,0.00000
75.41000,1.98000,0.99958,0.00000,0.00031,0.00009,0.00002
75.61000,1.98000,0.99986,0.00000,0.00010,0.00003,0.00001
75.81000,1.98000,0.99994,0.00000,0.00002,0.00004,0.00000
76.01000,1.98000,0.99995,0.00000,0.00002,0.00002,0.00000
76.21000,1.98000,0.99995,0.00000,0.00002,0.00002,0.00000
76.41000,1.98000,0.99981,0.00010,0.00006,0.00003,0.00001
76.61000,1.98000,0.99973,0.00009,0.00014,0.00002,0.00002
76.81000,1.98000,0.99699,0.00264,0.00034,0.00001,0.00003
77.01000,1.98000,0.99754,0.00201,0.00043,0.00000,0.00002
77.21000,1.98000,0.99491,0.00313,0.00192,0.00000,0.00003
77.41000,1.98000,0.98665,0.00503,0.00832,0.00000,0.00001
77.61000,1.98000,0.96058,0.00910,0.03031,0.00000,0.00001
77.81000,1.98000,0.93028,0.00543,0.06428,0.00000,0.00002
78.01000,1.98000,0.48260,0.00326,0.51409,0.00001,0.00005
78.21000,1.98000,0.67413,0.00048,0.32537,0.00001,0.00001
78.41000,1.98000,0.59967,0.00031,0.39999,0.00001,0.00002
78.61000,1.98000,0.97002,0.00004,0.02994,0.00001,0.00000
78.81000,1.98000,0.81968,0.00002,0.18016,0.00010,0.00004
79.01000,1.98000,0.98619,0.00000,0.01368,0.00013,0.00000
79.21000,1.98000,0.98400,0.00000,0.01543,0.00054,0.00004
79.41000,1.98000,0.99385,0.00000,0.00577,0.00035,0.00003
79.61000,1.98000,0.99564,0.00000,0.00418,0.00016,0.00002
79.81000,1.98000,0.99875,0.00000,0.00120,0.00004,0.00001
80.01000,1.98000,0.99471,0.00000,0.00525,0.00002,0.00003
80.21000,1.98000,0.98468,0.00000,0.01516,0.00009,0.00007
80.41000,1.98000,0.99261,0.00000,0.00730,0.00001,0.00008
80.61000,1.98000,0.97929,0.00000,0.02066,0.00001,0.00004
80.81000,1.98000,0.95832,0.00000,0.04166,0.00000,0.00002
81.01000,1.98000,0.79438,0.00012,0.20533,0.00002,0.00015
81.21000,1.98000,0.71004,0.00007,0.28978,0.00004,0.00008
81.41000,1.98000,0.44701,0.00030,0.55219,0.00031,0.00019
81.61000,1.98000,0.49683,0.00005,0.50257,0.00041,0.00015
81.81000,1.98000,0.93801,0.00011,0.06144,0.00036,0.00008
82.01000,1.98000,0.99183,0.00003,0.00806,0.00007,0.00001
82.21000,1.98000,0.99757,0.00000,0.00239,0.00004,0.00000
82.41000,1.98000,0.99943,0.00001,0.00053,0.00004,0.00000
82.61000,1.98000,0.99935,0.00003,0.00014,0.00046,0.00003
82.81000,1.98000,0.99974,0.00001,0.00007,0.00017,0.00001
83.01000,1.98000,0.99977,0.00002,0.00010,0.00010,0.00002
83.21000,1.98000,0.99901,0.00006,0.00045,0.00013,0.00035
83.41000,1.98000,0.99908,0.00033,0.00043,0.00006,0.00010
83.61000,1.98000,0.99413,0.00006,0.00495,0.00001,0.00086
83.81000,1.98000,0.98367,0.00007,0.01596,0.00000,0.00030
84.01000,1.98000,0.95606,0.00008,0.04371,0.00000,0.00015
84.21000,1.98000,0.84446,0.00004,0.15512,0.00000,0.00038
84.41000,1.98000,0.59862,0.00002,0.40078,0.00002,0.00057
84.61000,1.98000,0.34176,0.00001,0.65728,0.00002,0.00093
84.81000,1.98000,0.80782,0.00000,0.19189,0.00001,0.00029
85.01000,1.98000,0.84378,0.00000,0.15595,0.00001,0.00026
85.21000,1.98000,0.96810,0.00000,0.03181,0.00001,0.00008
85.41000,1.98000,0.98965,0.00000,0.01033,0.00000,0.00001
85.61000,1.98000,0.99927,0.00000,0.00072,0.00000,0.00001
85.81000,1.98000,0.99648,0.00000,0.00336,0.00006,0.00011
86.01000,1.98000,0.99680,0.00000,0.00304,0.00005,0.00012
86.21000,1.98000,0.99723,0.00000,0.00235,0.00002,0.00040
86.41000,1.98000,0.99628,0.00000,0.00338,0.00001,0.00033
86.61000,1.98000,0.97843,0.00000,0.02076,0.00004,0.00078
86.81000,1.98000,0.99062,0.00000,0.00889,0.00001,0.00048
87.01000,1.98000,0.99636,0.00000,0.00326,0.00001,0.00038
87.21000,1.98000,0.99578,0.00000,0.00363,0.00000,0.00059
87.41000,1.98000,0.98593,0.00000,0.01358,0.00000,0.00048
87.61000,1.98000,0.97166,0.00001,0.02733,0.00001,0.00099
87.81000,1.98000,0.77926,0.00004,0.21966,0.00011,0.00093
88.01000,1.98000,0.72516,0.00030,0.27153,0.00051,0.00250
88.21000,1.98000,0.26397,0.00062,0.72972,0.00454,0.00114
88.41000,1.98000,0.97925,0.00025,0.02013,0.00022,0.00015
88.61000,1.98000,0.99289,0.00031,0.00661,0.00017,0.00002
88.81000,1.98000,0.99899,0.00010,0.00084,0.00007,0.00001
89.01000,1.98000,0.99781,0.00002,0.00195,0.00021,0.00000
89.21000,1.98000,0.99951,0.00001,0.00034,0.00013,0.00001
89.41000,1.98000,0.99962,0.00001,0.00015,0.00021,0.00002
89.61000,1.98000,0.99936,0.00001,0.00021,0.00036,0.00006
89.81000,1.98000,0.99892,0.00006,0.00035,0.00057,0.00010
90.01000,1.98000,0.99955,0.00001,0.00012,0.00013,0.00019
90.21000,1.98000,0.99926,0.00001,0.00049,0.00008,0.00017
90.41000,1.98000,0.99974,0.00000,0.00012,0.00001,0.00013
90.61000,1.98000,0.99931,0.00000,0.00055,0.00001,0.00013
90.81000,1.98000,0.98205,0.00006,0.01423,0.00032,0.00334
91.01000,1.98000,0.88769,0.00004,0.10174,0.00073,0.00980
91.21000,1.98000,0.95353,0.00027,0.03513,0.00074,0.01032
91.41000,1.98000,0.93390,0.00001,0.06116,0.00011,0.00482
91.61000,1.98000,0.85803,0.00007,0.14001,0.00003,0.00185
91.81000,1.98000,0.81972,0.00023,0.17878,0.00005,0.00122
92.01000,1.98000,0.62662,0.00014,0.37190,0.00007,0.00126
92.21000,1.98000,0.10062,0.00005,0.89433,0.00033,0.00468
92.41000,1.98000,0.11233,0.00002,0.88353,0.00042,0.00371
92.61000,1.98000,0.20439,0.00003,0.78890,0.00078,0.00590
92.81000,1.98000,0.95425,0.00000,0.04540,0.00006,0.00029
93.01000,1.98000,0.94683,0.00004,0.05292,0.00005,0.00016
93.21000,1.98000,0.96482,0.00001,0.03506,0.00006,0.00005
93.41000,1.98000,0.99553,0.00001,0.00430,0.00012,0.00004
93.61000,1.98000,0.99644,0.00000,0.00344,0.00005,0.00007
93.81000,1.98000,0.98718,0.00002,0.01234,0.00022,0.00024
94.01000,1.98000,0.97527,0.00003,0.02438,0.00015,0.00016
94.21000,1.98000,0.99326,0.00001,0.00663,0.00002,0.00009
94.41000,1.98000,0.98375,0.00000,0.01618,0.00000,0.00006
94.61000,1.98000,0.99265,0.00001,0.00727,0.00000,0.00007
94.81000,1.98000,0.97689,0.00000,0.02298,0.00000,0.00013
95.01000,1.98000,0.98579,0.00000,0.01401,0.00000,0.00020
95.21000,1.98000,0.96468,0.00000,0.03511,0.00000,0.00021
95.41000,1.98000,0.91059,0.00002,0.08871,0.00002,0.00065
95.61000,1.98000,0.92994,0.00001,0.06980,0.00000,0.00025
95.81000,1.98000,0.88227,0.00004,0.11700,0.00002,0.00067
96.01000,1.98000,0.81214,0.00033,0.18716,0.00005,0.00033
96.21000,1.98000,0.93040,0.00020,0.06903,0.00005,0.00032
96.41000,1.98000,0.88747,0.00022,0.11220,0.00002,0.00010
96.61000,1.98000,0.93550,0.00004,0.06442,0.00001,0.00002
96.81000,1.98000,0.98827,0.00004,0.01167,0.00001,0.00000
97.01000,1.98000,0.99565,0.00001,0.00430,0.00000,0.00003
97.21000,1.98000,0.98042,0.00000,0.01953,0.00000,0.00004
97.41000,1.98000,0.98697,0.00000,0.01302,0.00000,0.00001
97.61000,1.98000,0.98779,0.00000,0.01220,0.00000,0.00001
97.81000,1.98000,0.78211,0.00000,0.21779,0.00000,0.00010
98.01000,1.98000,0.76922,0.00000,0.23076,0.00000,0.00002
98.21000,1.98000,0.63159,0.00000,0.36830,0.00000,0.00010
98.41000,1.98000,0.50711,0.00000,0.49269,0.00002,0.00018
98.61000,1.98000,0.37305,0.00001,0.62647,0.00008,0.00040
98.81000,1.98000,0.75019,0.00001,0.24966,0.00009,0.00005
99.01000,1.98000,0.95831,0.00001,0.04153,0.00011,0.00004
99.21000,1.98000,0.99195,0.00000,0.00803,0.00002,0.00000
99.41000,1.98000,0.99252,0.00000,0.00722,0.00022,0.00003
99.61000,1.98000,0.99899,0.00003,0.00065,0.00030,0.00003
99.81000,1.98000,0.99343,0.00050,0.00368,0.00220,0.00020
100.01000,1.98000,0.99436,0.00057,0.00318,0.00174,0.00014
100.21000,1.98000,0.99301,0.00039,0.00506,0.00028,0.00126
100.41000,1.98000,0.98839,0.00020,0.00990,0.00018,0.00133
100.61000,1.98000,0.95622,0.00041,0.04143,0.00025,0.00168
100.81000,1.98000,0.88282,0.00015,0.11195,0.00100,0.00408
101.01000,1.98000,0.51541,0.00003,0.47940,0.00291,0.00225
101.21000,1.98000,0.73105,0.00001,0.26179,0.00138,0.00578
101.41000,1.98000,0.46612,0.00000,0.52889,0.00255,0.00244
101.61000,1.98000,0.96204,0.00000,0.03648,0.00054,0.00093
101.81000,1.98000,0.97651,0.00000,0.02325,0.00020,0.00004
102.01000,1.98000,0.99766,0.00000,0.00214,0.00019,0.00001
102.21000,1.98000,0.99978,0.00000,0.00020,0.00002,0.00000
102.41000,1.98000,0.99927,0.00000,0.00034,0.00033,0.00005
102.61000,1.98000,0.99867,0.00001,0.00081,0.00043,0.00008
102.81000,1.98000,0.99259,0.00018,0.00307,0.00384,0.00032
103.01000,1.98000,0.99845,0.00001,0.00111,0.00015,0.00028
103.21000,1.98000,0.97903,0.00094,0.01729,0.00144,0.00130
103.41000,1.98000,0.93784,0.00171,0.05568,0.00237,0.00240
103.61000,1.98000,0.66820,0.01248,0.28486,0.02431,0.01016
103.81000,1.98000,0.54891,0.00124,0.42111,0.01592,0.01281
104.01000,1.98000,0.85062,0.00012,0.14626,0.00211,0.00090
104.21000,1.98000,0.79464,0.00001,0.20123,0.00285,0.00127
104.41000,1.98000,0.96631,0.00000,0.03267,0.00087,0.00015
104.61000,1.98000,0.97939,0.00000,0.02017,0.00038,0.00006
104.81000,1.98000,0.99982,0.00000,0.00017,0.00001,0.00000
105.01000,1.98000,0.99960,0.00000,0.00036,0.00004,0.00000
105.21000,1.98000,0.99952,0.00000,0.00033,0.00014,0.00001
105.41000,1.98000,0.99951,0.00001,0.00027,0.00018,0.00003
105.61000,1.98000,0.99944,0.00000,0.00047,0.00007,0.00002
105.81000,1.98000,0.99819,0.00002,0.00150,0.00020,0.00009
106.01000,1.98000,0.99870,0.00001,0.00118,0.00005,0.00007
106.21000,1.98000,0.99918,0.00000,0.00070,0.00001,0.00011
106.41000,1.98000,0.99565,0.00000,0.00425,0.00001,0.00010
106.61000,1.98000,0.99823,0.00000,0.00164,0.00000,0.00012
106.81000,1.98000,0.99466,0.00000,0.00511,0.00000,0.00022
107.01000,1.98000,0.92735,0.00000,0.07159,0.00000,0.00105
107.21000,1.98000,0.79146,0.00000,0.20822,0.00000,0.00032
107.41000,1.98000,0.49129,0.00000,0.50699,0.00002,0.00170
107.61000,1.98000,0.24314,0.00001,0.75656,0.00012,0.00017
107.81000,1.98000,0.75268,0.00000,0.24698,0.00003,0.00030
108.01000,1.98000,0.94615,0.00000,0.05380,0.00003,0.00002
108.21000,1.98000,0.98962,0.00000,0.01036,0.00001,0.00001
108.41000,1.98000,0.98188,0.00001,0.01804,0.00007,0.00000
108.61000,1.98000,0.99683,0.00000,0.00316,0.00002,0.00000
108.81000,1.98000,0.99936,0.00000,0.00055,0.00008,0.00001
109.01000,1.98000,0.99840,0.00000,0.00145,0.00014,0.00001
109.21000,1.98000,0.99881,0.00000,0.00112,0.00004,0.00002
109.41000,1.98000,0.99876,0.00000,0.00115,0.00002,0.00006
109.61000,1.98000,0.99614,0.00001,0.00362,0.00010,0.00013
109.81000,1.98000,0.99152,0.00000,0.00821,0.00002,0.00025
110.01000,1.98000,0.99784,0.00000,0.00210,0.00000,0.00006
110.21000,1.98000,0.97580,0.00000,0.02403,0.00002,0.00015
110.41000,1.98000,0.80257,0.00001,0.19695,0.00017,0.00030
110.61000,1.98000,0.82621,0.00008,0.17188,0.00069,0.00114
110.81000,1.98000,0.74560,0.00012,0.25133,0.00257,0.00038
111.01000,1.98000,0.95344,0.00004,0.04589,0.00055,0.00008
111.21000,1.98000,0.93776,0.00014,0.05996,0.00208,0.00005
111.41000,1.98000,0.99414,0.00003,0.00538,0.00044,0.00001
111.61000,1.98000,0.99847,0.00000,0.00133,0.00019,0.00000
111.81000,1.98000,0.99939,0.00000,0.00041,0.00020,0.00000
112.01000,1.98000,0.99988,0.00000,0.00004,0.00008,0.00000
112.21000,1.98000,0.99962,0.00000,0.00014,0.00024,0.00000
112.41000,1.98000,0.99972,0.00000,0.00017,0.00010,0.00000
112.61000,1.98000,0.99913,0.00000,0.00065,0.00022,0.00000
112.81000,1.98000,0.99945,0.00000,0.00044,0.00009,0.00002
113.01000,1.98000,0.99556,0.00001,0.00382,0.00053,0.00008
113.21000,1.98000,0.99974,0.00000,0.00023,0.00001,0.00002
113.41000,1.98000,0.99719,0.00000,0.00277,0.00000,0.00003
113.61000,1.98000,0.99056,0.00000,0.00938,0.00001,0.00005
113.81000,1.98000,0.88534,0.00000,0.11428,0.00013,0.00025
114.01000,1.98000,0.77553,0.00000,0.22400,0.00016,0.00031
114.21000,1.98000,0.44551,0.00000,0.55065,0.00114,0.00269
114.41000,1.98000,0.70222,0.00000,0.29393,0.00182,0.00203
114.61000,1.98000,0.49937,0.00004,0.48255,0.01464,0.00340
114.81000,1.98000,0.95709,0.00000,0.04201,0.00069,0.00021
115.01000,1.98000,0.94975,0.00002,0.04899,0.00108,0.00016
115.21000,1.98000,0.99514,0.00001,0.00353,0.00129,0.00003
115.41000,1.98000,0.99680,0.00005,0.00191,0.00122,0.00001
115.61000,1.98000,0.99573,0.00058,0.00277,0.00089,0.00003
115.81000,1.98000,0.99378,0.00079,0.00371,0.00167,0.00004
116.01000,1.98000,0.98724,0.00200,0.01005,0.00061,0.00010
116.21000,1.98000,0.99467,0.00153,0.00339,0.00035,0.00006
116.41000,1.98000,0.99148,0.00312,0.00525,0.00010,0.00004
116.61000,1.98000,0.99436,0.00040,0.00519,0.00002,0.00003
116.81000,1.98000,0.99021,0.00004,0.00972,0.00000,0.00003
117.01000,1.98000,0.98420,0.00005,0.01572,0.00000,0.00003
117.21000,1.98000,0.89361,0.00006,0.10608,0.00000,0.00024
117.41000,1.98000,0.41584,0.00003,0.58373,0.00002,0.00038
117.61000,1.98000,0.52789,0.00001,0.47148,0.00002,0.00060
117.81000,1.98000,0.55266,0.00000,0.44709,0.00003,0.00021
118.01000,1.98000,0.74365,0.00000,0.25594,0.00010,0.00032
118.21000,1.98000,0.91072,0.00000,0.08914,0.00006,0.00008
118.41000,1.98000,0.95607,0.00000,0.04382,0.00003,0.00007
118.61000,1.98000,0.99893,0.00000,0.00101,0.00005,0.00001
118.81000,1.98000,0.99952,0.00000,0.00040,0.00006,0.00002
119.01000,1.98000,0.99957,0.00000,0.00035,0.00007,0.00001
119.21000,1.98000,0.99973,0.00000,0.00012,0.00012,0.00003
119.41000,1.98000,0.99946,0.00000,0.00028,0.00022,0.00004
119.61000,1.98000,0.99780,0.00003,0.00068,0.00101,0.00048
119.81000,1.98000,0.99754,0.00005,0.00120,0.00092,0.00029
120.01000,1.98000,0.99746,0.00012,0.00121,0.00077,0.00044
120.21000,1.98000,0.99716,0.00041,0.00161,0.00066,0.00017
120.41000,1.98000,0.99917,0.00024,0.00042,0.00010,0.00007
120.61000,1.98000,0.99530,0.00377,0.00059,0.00024,0.00009
120.81000,1.98000,0.99767,0.00102,0.00085,0.00022,0.00023
121.01000,1.98000,0.99477,0.00088,0.00417,0.00010,0.00009
121.21000,1.98000,0.99766,0.00064,0.00157,0.00002,0.00011
121.41000,1.98000,0.96310,0.01791,0.01842,0.00025,0.00032
121.61000,1.98000,0.95677,0.01690,0.02472,0.00091,0.00070
121.81000,1.98000,0.98723,0.00596,0.00653,0.00017,0.00012
122.01000,1.98000,0.99808,0.00014,0.00145,0.00021,0.00012
122.21000,1.98000,0.99943,0.00002,0.00050,0.00004,0.00001
122.41000,1.98000,0.99987,0.00000,0.00011,0.00001,0.00001
122.61000,1.98000,0.99996,0.00000,0.00004,0.00000,0.00000
122.81000,1.98000,0.99998,0.00000,0.00001,0.00001,0.00000
123.01000,1.98000,0.99999,0.00000,0.00001,0.00001,0.00000
123.21000,1.98000,1.00000,0.00000,0.00000,0.00000,0.00000
123.41000,1.98000,1.00000,0.00000,0.00000,0.00000,0.00000
