Time (seconds), Duration (seconds),pred_(unlabeled),pred_On,pred_Off,pred_Dimmer,pred_Lighter
0.01000,1.98000,0.99765,0.00011,0.00044,0.00129,0.00051
0.21000,1.98000,0.99788,0.00011,0.00039,0.00118,0.00045
0.41000,1.98000,0.99770,0.00013,0.00042,0.00126,0.00049
0.61000,1.98000,0.99794,0.00012,0.00034,0.00116,0.00045
0.81000,1.98000,0.99800,0.00011,0.00035,0.00113,0.00042
1.01000,1.98000,0.99797,0.00011,0.00035,0.00114,0.00043
1.21000,1.98000,0.99800,0.00011,0.00035,0.00113,0.00042
1.41000,1.98000,0.99803,0.00011,0.00034,0.00111,0.00041
1.61000,1.98000,0.99949,0.00006,0.00014,0.00020,0.00011
1.81000,1.98000,0.99960,0.00010,0.00010,0.00009,0.00010
2.01000,1.98000,0.99838,0.00035,0.00013,0.00044,0.00069
2.21000,1.98000,0.99859,0.00054,0.00016,0.00014,0.00057
2.41000,1.98000,0.98381,0.00550,0.00022,0.00545,0.00502
2.61000,1.98000,0.98615,0.00984,0.00011,0.00199,0.00191
2.81000,1.98000,0.96181,0.03105,0.00006,0.00358,0.00350
3.01000,1.98000,0.71989,0.23751,0.00021,0.02985,0.01255
3.21000,1.98000,0.67968,0.26580,0.00015,0.04260,0.01178
3.41000,1.98000,0.69979,0.25592,0.00022,0.03190,0.01217
3.61000,1.98000,0.89825,0.08039,0.00018,0.01699,0.00419
3.81000,1.98000,0.99011,0.00887,0.00007,0.00061,0.00034
4.01000,1.98000,0.99807,0.00182,0.00002,0.00005,0.00005
4.21000,1.98000,0.99597,0.00321,0.00008,0.00024,0.00051
4.41000,1.98000,0.99621,0.00351,0.00009,0.00004,0.00015
4.61000,1.98000,0.99534,0.00432,0.00008,0.00006,0.00020
4.81000,1.98000,0.98845,0.01075,0.00014,0.00025,0.00041
5.01000,1.98000,0.98352,0.01518,0.00008,0.00025,0.00097
5.21000,1.98000,0.79152,0.18168,0.00066,0.01015,0.01599
5.41000,1.98000,0.81877,0.15834,0.00051,0.00741,0.01497
5.61000,1.98000,0.81846,0.15321,0.00082,0.01120,0.01631
5.81000,1.98000,0.97301,0.02206,0.00053,0.00213,0.00226
6.01000,1.98000,0.98877,0.00769,0.00095,0.00157,0.00103
6.21000,1.98000,0.98090,0.00572,0.00028,0.01104,0.00206
6.41000,1.98000,0.98979,0.00229,0.00017,0.00667,0.00108
6.61000,1.98000,0.98108,0.00214,0.00098,0.01339,0.00241
6.81000,1.98000,0.99551,0.00057,0.00106,0.00235,0.00052
7.01000,1.98000,0.99885,0.00015,0.00047,0.00040,0.00013
7.21000,1.98000,0.99947,0.00009,0.00015,0.00011,0.00018
7.41000,1.98000,0.99756,0.00045,0.00027,0.00062,0.00110
7.61000,1.98000,0.99543,0.00182,0.00026,0.00093,0.00155
7.81000,1.98000,0.99342,0.00530,0.00010,0.00049,0.00069
8.01000,1.98000,0.98937,0.00876,0.00006,0.00065,0.00115
8.21000,1.98000,0.89005,0.09493,0.00033,0.00825,0.00644
8.41000,1.98000,0.88449,0.09818,0.00039,0.01164,0.00529
8.61000,1.98000,0.91362,0.07519,0.00030,0.00700,0.00389
8.81000,1.98000,0.90650,0.07748,0.00029,0.01005,0.00567
9.01000,1.98000,0.98478,0.01269,0.00021,0.00139,0.00093
9.21000,1.98000,0.99829,0.00129,0.00015,0.00015,0.00012
9.41000,1.98000,0.99755,0.00137,0.00012,0.00077,0.00019
9.61000,1.98000,0.99855,0.00052,0.00017,0.00057,0.00019
9.81000,1.98000,0.99938,0.00015,0.00019,0.00020,0.00007
10.01000,1.98000,0.99943,0.00023,0.00015,0.00012,0.00006
10.21000,1.98000,0.99943,0.00018,0.00004,0.00012,0.00022
10.41000,1.98000,0.99840,0.00025,0.00007,0.00055,0.00073
10.61000,1.98000,0.98936,0.00380,0.00008,0.00403,0.00273
10.81000,1.98000,0.99293,0.00467,0.00005,0.00108,0.00127
11.01000,1.98000,0.94400,0.03505,0.00006,0.01040,0.01048
11.21000,1.98000,0.86917,0.07542,0.00010,0.03507,0.02024
11.41000,1.98000,0.84281,0.09786,0.00011,0.03456,0.02467
11.61000,1.98000,0.82181,0.10607,0.00012,0.04402,0.02797
11.81000,1.98000,0.88272,0.06517,0.00016,0.03209,0.01986
12.01000,1.98000,0.98294,0.00812,0.00021,0.00536,0.00336
12.21000,1.98000,0.99832,0.00042,0.00022,0.00053,0.00051
12.41000,1.98000,0.99654,0.00108,0.00017,0.00159,0.00062
12.61000,1.98000,0.99835,0.00032,0.00037,0.00064,0.00030
12.81000,1.98000,0.99856,0.00020,0.00033,0.00061,0.00029
13.01000,1.98000,0.99629,0.00023,0.00062,0.00227,0.00058
13.21000,1.98000,0.99660,0.00031,0.00043,0.00221,0.00046
13.41000,1.98000,0.99957,0.00012,0.00012,0.00013,0.00006
13.61000,1.98000,0.99803,0.00095,0.00029,0.00059,0.00013
13.81000,1.98000,0.99853,0.00092,0.00027,0.00013,0.00016
14.01000,1.98000,0.99565,0.00404,0.00013,0.00008,0.00010
14.21000,1.98000,0.99473,0.00522,0.00003,0.00001,0.00001
14.41000,1.98000,0.99447,0.00549,0.00002,0.00001,0.00001
14.61000,1.98000,0.87561,0.12299,0.00015,0.00099,0.00025
14.81000,1.98000,0.82839,0.17028,0.00016,0.00089,0.00028
15.01000,1.98000,0.85407,0.14416,0.00019,0.00133,0.00025
15.21000,1.98000,0.93635,0.06267,0.00026,0.00052,0.00021
15.41000,1.98000,0.98786,0.01143,0.00026,0.00038,0.00007
15.61000,1.98000,0.99642,0.00332,0.00013,0.00010,0.00003
15.81000,1.98000,0.99832,0.00126,0.00002,0.00039,0.00002
16.01000,1.98000,0.98745,0.00644,0.00010,0.00577,0.00024
16.21000,1.98000,0.99592,0.00206,0.00015,0.00180,0.00007
16.41000,1.98000,0.99174,0.00285,0.00025,0.00488,0.00029
16.61000,1.98000,0.99133,0.00242,0.00014,0.00559,0.00052
16.81000,1.98000,0.99181,0.00211,0.00020,0.00501,0.00087
17.01000,1.98000,0.99274,0.00210,0.00011,0.00448,0.00057
17.21000,1.98000,0.99766,0.00121,0.00008,0.00081,0.00024
17.41000,1.98000,0.99962,0.00028,0.00002,0.00004,0.00004
17.61000,1.98000,0.99652,0.00209,0.00004,0.00057,0.00078
17.81000,1.98000,0.99578,0.00229,0.00010,0.00053,0.00129
18.01000,1.98000,0.98907,0.00979,0.00006,0.00030,0.00077
18.21000,1.98000,0.99406,0.00572,0.00002,0.00004,0.00016
18.41000,1.98000,0.88663,0.10864,0.00011,0.00146,0.00316
18.61000,1.98000,0.83056,0.16028,0.00025,0.00223,0.00668
18.81000,1.98000,0.78560,0.20385,0.00025,0.00368,0.00663
19.01000,1.98000,0.81557,0.17310,0.00035,0.00277,0.00821
19.21000,1.98000,0.96139,0.03551,0.00031,0.00103,0.00177
19.41000,1.98000,0.98878,0.01055,0.00022,0.00011,0.00034
19.61000,1.98000,0.99902,0.00077,0.00010,0.00003,0.00008
19.81000,1.98000,0.99798,0.00122,0.00009,0.00034,0.00036
20.01000,1.98000,0.99715,0.00062,0.00044,0.00091,0.00088
20.21000,1.98000,0.99896,0.00024,0.00032,0.00022,0.00026
20.41000,1.98000,0.99956,0.00016,0.00010,0.00008,0.00010
20.61000,1.98000,0.99853,0.00056,0.00011,0.00022,0.00058
20.81000,1.98000,0.99667,0.00239,0.00017,0.00020,0.00058
21.01000,1.98000,0.98926,0.00847,0.00010,0.00086,0.00130
21.21000,1.98000,0.99091,0.00868,0.00003,0.00017,0.00022
21.41000,1.98000,0.94016,0.05531,0.00013,0.00134,0.00306
21.61000,1.98000,0.71803,0.27159,0.00026,0.00640,0.00371
21.81000,1.98000,0.74537,0.23921,0.00034,0.00838,0.00671
22.01000,1.98000,0.74395,0.24452,0.00033,0.00678,0.00442
22.21000,1.98000,0.95319,0.04139,0.00041,0.00279,0.00221
22.41000,1.98000,0.99275,0.00647,0.00025,0.00030,0.00023
22.61000,1.98000,0.99781,0.00127,0.00022,0.00039,0.00031
22.81000,1.98000,0.99575,0.00127,0.00020,0.00209,0.00069
23.01000,1.98000,0.99707,0.00058,0.00057,0.00122,0.00056
23.21000,1.98000,0.99916,0.00019,0.00037,0.00018,0.00011
23.41000,1.98000,0.99778,0.00017,0.00031,0.00114,0.00061
23.61000,1.98000,0.99784,0.00014,0.00031,0.00114,0.00057
23.81000,1.98000,0.99759,0.00016,0.00035,0.00115,0.00075
24.01000,1.98000,0.99775,0.00015,0.00032,0.00108,0.00070
24.21000,1.98000,0.99786,0.00015,0.00029,0.00102,0.00068
24.41000,1.98000,0.99798,0.00014,0.00027,0.00096,0.00066
24.61000,1.98000,0.99817,0.00012,0.00026,0.00087,0.00059
24.81000,1.98000,0.99846,0.00009,0.00025,0.00073,0.00047
25.01000,1.98000,0.99847,0.00009,0.00027,0.00070,0.00047
25.21000,1.98000,0.99845,0.00007,0.00031,0.00072,0.00045
25.41000,1.98000,0.99756,0.00011,0.00046,0.00125,0.00062
25.61000,1.98000,0.99789,0.00010,0.00038,0.00115,0.00047
25.81000,1.98000,0.99970,0.00006,0.00012,0.00005,0.00006
26.01000,1.98000,0.99925,0.00031,0.00009,0.00014,0.00021
26.21000,1.98000,0.99907,0.00033,0.00018,0.00007,0.00035
26.41000,1.98000,0.99796,0.00125,0.00026,0.00009,0.00044
26.61000,1.98000,0.99579,0.00386,0.00008,0.00008,0.00018
26.81000,1.98000,0.96969,0.02745,0.00047,0.00064,0.00175
27.01000,1.98000,0.87199,0.12163,0.00050,0.00151,0.00437
27.21000,1.98000,0.86950,0.12680,0.00057,0.00080,0.00232
27.41000,1.98000,0.86392,0.12965,0.00053,0.00174,0.00416
27.61000,1.98000,0.90343,0.09333,0.00068,0.00075,0.00180
27.81000,1.98000,0.99299,0.00603,0.00043,0.00016,0.00039
28.01000,1.98000,0.99774,0.00158,0.00054,0.00004,0.00009
28.21000,1.98000,0.99905,0.00078,0.00005,0.00006,0.00006
28.41000,1.98000,0.99814,0.00180,0.00003,0.00001,0.00002
28.61000,1.98000,0.99944,0.00030,0.00021,0.00001,0.00004
28.81000,1.98000,0.99749,0.00228,0.00006,0.00007,0.00010
29.01000,1.98000,0.98836,0.01015,0.00007,0.00080,0.00061
29.21000,1.98000,0.98609,0.01322,0.00003,0.00023,0.00043
29.41000,1.98000,0.82282,0.16539,0.00008,0.00689,0.00482
29.61000,1.98000,0.60345,0.36563,0.00011,0.01839,0.01242
29.81000,1.98000,0.52396,0.44460,0.00011,0.01873,0.01260
30.01000,1.98000,0.75845,0.22265,0.00010,0.01151,0.00730
30.21000,1.98000,0.92903,0.05956,0.00026,0.00733,0.00382
30.41000,1.98000,0.98873,0.00627,0.00025,0.00325,0.00151
30.61000,1.98000,0.97152,0.00500,0.00018,0.02016,0.00314
30.81000,1.98000,0.98944,0.00188,0.00022,0.00703,0.00143
31.01000,1.98000,0.99654,0.00050,0.00049,0.00190,0.00057
31.21000,1.98000,0.99906,0.00024,0.00026,0.00033,0.00011
31.41000,1.98000,0.99769,0.00021,0.00028,0.00144,0.00038
31.61000,1.98000,0.99699,0.00024,0.00041,0.00177,0.00059
31.81000,1.98000,0.99718,0.00023,0.00042,0.00166,0.00051
32.01000,1.98000,0.99721,0.00020,0.00041,0.00155,0.00064
32.21000,1.98000,0.99761,0.00018,0.00032,0.00133,0.00056
32.41000,1.98000,0.99951,0.00010,0.00012,0.00018,0.00010
32.61000,1.98000,0.99944,0.00028,0.00007,0.00009,0.00011
32.81000,1.98000,0.99960,0.00017,0.00011,0.00001,0.00011
33.01000,1.98000,0.99884,0.00079,0.00013,0.00007,0.00017
33.21000,1.98000,0.99688,0.00281,0.00005,0.00011,0.00015
33.41000,1.98000,0.99855,0.00126,0.00008,0.00002,0.00009
33.61000,1.98000,0.95179,0.04331,0.00025,0.00124,0.00342
33.81000,1.98000,0.93711,0.05985,0.00067,0.00067,0.00170
34.01000,1.98000,0.77221,0.21574,0.00102,0.00617,0.00485
34.21000,1.98000,0.74128,0.24813,0.00139,0.00499,0.00420
34.41000,1.98000,0.96511,0.03106,0.00117,0.00174,0.00092
34.61000,1.98000,0.99574,0.00305,0.00064,0.00037,0.00021
34.81000,1.98000,0.98772,0.00410,0.00034,0.00685,0.00099
35.01000,1.98000,0.99100,0.00400,0.00078,0.00331,0.00090
35.21000,1.98000,0.99706,0.00098,0.00083,0.00084,0.00029
35.41000,1.98000,0.99619,0.00202,0.00046,0.00097,0.00035
35.61000,1.98000,0.99280,0.00114,0.00029,0.00511,0.00066
35.81000,1.98000,0.99715,0.00069,0.00014,0.00129,0.00072
36.01000,1.98000,0.98593,0.00204,0.00045,0.00893,0.00264
36.21000,1.98000,0.98360,0.00247,0.00057,0.00947,0.00390
36.41000,1.98000,0.98221,0.00411,0.00044,0.00904,0.00420
36.61000,1.98000,0.97347,0.00753,0.00043,0.01436,0.00421
36.81000,1.98000,0.99679,0.00268,0.00009,0.00030,0.00015
37.01000,1.98000,0.99174,0.00614,0.00008,0.00081,0.00124
37.21000,1.98000,0.98521,0.01310,0.00016,0.00051,0.00102
37.41000,1.98000,0.97766,0.02172,0.00005,0.00032,0.00025
37.61000,1.98000,0.97987,0.01977,0.00004,0.00014,0.00018
37.81000,1.98000,0.78488,0.20774,0.00012,0.00532,0.00193
38.01000,1.98000,0.65845,0.32679,0.00011,0.01075,0.00390
38.21000,1.98000,0.59469,0.38266,0.00011,0.01889,0.00365
38.41000,1.98000,0.77582,0.20929,0.00013,0.01205,0.00271
38.61000,1.98000,0.86345,0.12242,0.00031,0.01161,0.00220
38.81000,1.98000,0.99466,0.00410,0.00018,0.00079,0.00027
39.01000,1.98000,0.99659,0.00177,0.00018,0.00129,0.00016
39.21000,1.98000,0.99302,0.00199,0.00020,0.00436,0.00044
39.41000,1.98000,0.99658,0.00050,0.00093,0.00177,0.00021
39.61000,1.98000,0.99733,0.00036,0.00086,0.00131,0.00014
39.81000,1.98000,0.99628,0.00015,0.00087,0.00245,0.00025
40.01000,1.98000,0.99953,0.00012,0.00017,0.00014,0.00004
40.21000,1.98000,0.99948,0.00026,0.00015,0.00005,0.00006
40.41000,1.98000,0.99820,0.00127,0.00033,0.00005,0.00015
40.61000,1.98000,0.99388,0.00580,0.00016,0.00005,0.00011
40.81000,1.98000,0.99523,0.00467,0.00004,0.00002,0.00004
41.01000,1.98000,0.99291,0.00696,0.00006,0.00002,0.00005
41.21000,1.98000,0.80321,0.19199,0.00035,0.00174,0.00272
41.41000,1.98000,0.76058,0.23588,0.00031,0.00125,0.00197
41.61000,1.98000,0.68190,0.30992,0.00039,0.00371,0.00408
41.81000,1.98000,0.85613,0.14107,0.00036,0.00105,0.00139
42.01000,1.98000,0.98171,0.01641,0.00057,0.00068,0.00064
42.21000,1.98000,0.99721,0.00182,0.00029,0.00041,0.00026
42.41000,1.98000,0.98366,0.00301,0.00033,0.01114,0.00186
42.61000,1.98000,0.99001,0.00121,0.00121,0.00631,0.00126
42.81000,1.98000,0.99620,0.00084,0.00118,0.00146,0.00033
43.01000,1.98000,0.99764,0.00039,0.00076,0.00104,0.00017
43.21000,1.98000,0.99931,0.00024,0.00015,0.00022,0.00008
43.41000,1.98000,0.99697,0.00263,0.00018,0.00012,0.00009
43.61000,1.98000,0.99902,0.00054,0.00037,0.00001,0.00006
43.81000,1.98000,0.99138,0.00842,0.00019,0.00000,0.00002
44.01000,1.98000,0.98888,0.01106,0.00006,0.00000,0.00001
44.21000,1.98000,0.98528,0.01460,0.00011,0.00000,0.00001
44.41000,1.98000,0.91182,0.08790,0.00019,0.00001,0.00008
44.61000,1.98000,0.42433,0.57509,0.00036,0.00003,0.00019
44.81000,1.98000,0.61539,0.38376,0.00052,0.00008,0.00026
45.01000,1.98000,0.77203,0.22675,0.00101,0.00004,0.00019
45.21000,1.98000,0.96666,0.03237,0.00085,0.00003,0.00008
45.41000,1.98000,0.97602,0.02222,0.00118,0.00024,0.00034
45.61000,1.98000,0.99651,0.00283,0.00022,0.00036,0.00008
45.81000,1.98000,0.98469,0.00436,0.00118,0.00843,0.00135
46.01000,1.98000,0.99287,0.00091,0.00231,0.00333,0.00058
46.21000,1.98000,0.99752,0.00068,0.00098,0.00069,0.00014
46.41000,1.98000,0.99677,0.00041,0.00061,0.00202,0.00020
46.61000,1.98000,0.99568,0.00040,0.00037,0.00319,0.00036
46.81000,1.98000,0.99354,0.00096,0.00020,0.00485,0.00045
47.01000,1.98000,0.99304,0.00141,0.00013,0.00487,0.00055
47.21000,1.98000,0.98772,0.00187,0.00011,0.00908,0.00122
47.41000,1.98000,0.98907,0.00167,0.00010,0.00782,0.00133
47.61000,1.98000,0.99920,0.00058,0.00002,0.00015,0.00005
47.81000,1.98000,0.99440,0.00259,0.00006,0.00165,0.00131
48.01000,1.98000,0.99157,0.00574,0.00004,0.00144,0.00121
48.21000,1.98000,0.94684,0.02233,0.00007,0.02153,0.00924
48.41000,1.98000,0.98161,0.01677,0.00001,0.00108,0.00053
48.61000,1.98000,0.95234,0.04114,0.00003,0.00317,0.00332
48.81000,1.98000,0.79181,0.17539,0.00016,0.01746,0.01517
49.01000,1.98000,0.85029,0.11914,0.00029,0.01698,0.01330
49.21000,1.98000,0.83528,0.13396,0.00042,0.01785,0.01248
49.41000,1.98000,0.89498,0.08387,0.00037,0.01168,0.00911
49.61000,1.98000,0.99515,0.00409,0.00014,0.00034,0.00028
49.81000,1.98000,0.99372,0.00263,0.00011,0.00232,0.00122
50.01000,1.98000,0.99444,0.00186,0.00013,0.00262,0.00095
50.21000,1.98000,0.99816,0.00079,0.00024,0.00047,0.00034
50.41000,1.98000,0.99908,0.00019,0.00032,0.00024,0.00017
50.61000,1.98000,0.99799,0.00020,0.00042,0.00092,0.00048
50.81000,1.98000,0.99768,0.00014,0.00035,0.00123,0.00060
51.01000,1.98000,0.99803,0.00013,0.00027,0.00104,0.00053
51.21000,1.98000,0.99803,0.00013,0.00028,0.00103,0.00053
51.41000,1.98000,0.99808,0.00013,0.00027,0.00103,0.00050
51.61000,1.98000,0.99807,0.00012,0.00028,0.00103,0.00049
51.81000,1.98000,0.99990,0.00002,0.00006,0.00001,0.00001
52.01000,1.98000,0.99881,0.00057,0.00021,0.00015,0.00027
52.21000,1.98000,0.99944,0.00024,0.00023,0.00001,0.00008
52.41000,1.98000,0.99870,0.00076,0.00020,0.00006,0.00028
52.61000,1.98000,0.99107,0.00681,0.00035,0.00042,0.00135
52.81000,1.98000,0.99578,0.00360,0.00014,0.00011,0.00038
53.01000,1.98000,0.94824,0.04590,0.00047,0.00174,0.00365
53.21000,1.98000,0.84458,0.14140,0.00059,0.00623,0.00720
53.41000,1.98000,0.82404,0.15842,0.00062,0.00670,0.01021
53.61000,1.98000,0.86418,0.12353,0.00066,0.00554,0.00608
53.81000,1.98000,0.97729,0.01845,0.00038,0.00166,0.00222
54.01000,1.98000,0.98264,0.00553,0.00040,0.00785,0.00357
54.21000,1.98000,0.98236,0.00155,0.00018,0.01273,0.00318
54.41000,1.98000,0.99157,0.00145,0.00024,0.00518,0.00156
54.61000,1.98000,0.99839,0.00028,0.00026,0.00067,0.00040
54.81000,1.98000,0.99924,0.00013,0.00029,0.00023,0.00011
55.01000,1.98000,0.99931,0.00012,0.00011,0.00024,0.00022
55.21000,1.98000,0.99840,0.00029,0.00010,0.00082,0.00039
55.41000,1.98000,0.99824,0.00046,0.00009,0.00063,0.00057
55.61000,1.98000,0.99980,0.00012,0.00004,0.00001,0.00003
55.81000,1.98000,0.99756,0.00097,0.00004,0.00038,0.00105
56.01000,1.98000,0.99852,0.00096,0.00005,0.00007,0.00040
56.21000,1.98000,0.98043,0.01400,0.00009,0.00177,0.00371
56.41000,1.98000,0.99195,0.00753,0.00002,0.00017,0.00032
56.61000,1.98000,0.97632,0.02240,0.00004,0.00054,0.00070
56.81000,1.98000,0.88953,0.09882,0.00009,0.00829,0.00328
57.01000,1.98000,0.86836,0.10311,0.00037,0.01971,0.00846
57.21000,1.98000,0.94690,0.04234,0.00033,0.00683,0.00360
57.41000,1.98000,0.99501,0.00424,0.00018,0.00035,0.00022
57.61000,1.98000,0.99523,0.00339,0.00057,0.00075,0.00006
57.81000,1.98000,0.98882,0.00920,0.00031,0.00158,0.00010
58.01000,1.98000,0.99059,0.00674,0.00011,0.00251,0.00005
58.21000,1.98000,0.99708,0.00211,0.00026,0.00052,0.00002
58.41000,1.98000,0.99527,0.00354,0.00034,0.00080,0.00005
58.61000,1.98000,0.99629,0.00195,0.00045,0.00124,0.00007
58.81000,1.98000,0.99672,0.00213,0.00037,0.00072,0.00007
59.01000,1.98000,0.99161,0.00678,0.00016,0.00134,0.00012
59.21000,1.98000,0.99633,0.00288,0.00012,0.00061,0.00006
59.41000,1.98000,0.99487,0.00373,0.00022,0.00107,0.00012
59.61000,1.98000,0.99343,0.00384,0.00018,0.00189,0.00065
59.81000,1.98000,0.99331,0.00272,0.00033,0.00257,0.00107
60.01000,1.98000,0.99470,0.00107,0.00057,0.00237,0.00130
60.21000,1.98000,0.99299,0.00139,0.00084,0.00311,0.00167
60.41000,1.98000,0.99387,0.00094,0.00086,0.00270,0.00163
60.61000,1.98000,0.99841,0.00061,0.00027,0.00036,0.00034
60.81000,1.98000,0.99959,0.00027,0.00007,0.00003,0.00004
61.01000,1.98000,0.99739,0.00217,0.00012,0.00006,0.00026
61.21000,1.98000,0.99764,0.00222,0.00008,0.00001,0.00005
61.41000,1.98000,0.98531,0.01426,0.00012,0.00007,0.00024
61.61000,1.98000,0.99554,0.00441,0.00003,0.00000,0.00002
61.81000,1.98000,0.89834,0.10062,0.00020,0.00027,0.00057
62.01000,1.98000,0.84300,0.15594,0.00020,0.00034,0.00052
62.21000,1.98000,0.84395,0.15524,0.00016,0.00027,0.00038
62.41000,1.98000,0.88523,0.11407,0.00017,0.00028,0.00026
62.61000,1.98000,0.98458,0.01514,0.00018,0.00005,0.00005
62.81000,1.98000,0.99831,0.00135,0.00031,0.00002,0.00001
63.01000,1.98000,0.99950,0.00022,0.00021,0.00005,0.00001
63.21000,1.98000,0.99491,0.00092,0.00063,0.00340,0.00013
63.41000,1.98000,0.99813,0.00011,0.00116,0.00055,0.00005
63.61000,1.98000,0.99479,0.00043,0.00114,0.00353,0.00011
63.81000,1.98000,0.99571,0.00030,0.00069,0.00305,0.00025
64.01000,1.98000,0.99467,0.00034,0.00086,0.00376,0.00037
64.21000,1.98000,0.99562,0.00030,0.00076,0.00301,0.00030
64.41000,1.98000,0.99940,0.00019,0.00022,0.00014,0.00005
64.61000,1.98000,0.99931,0.00044,0.00009,0.00009,0.00007
64.81000,1.98000,0.99605,0.00231,0.00033,0.00053,0.00078
65.01000,1.98000,0.99068,0.00893,0.00010,0.00009,0.00020
65.21000,1.98000,0.99780,0.00217,0.00002,0.00000,0.00001
65.41000,1.98000,0.94582,0.05349,0.00013,0.00011,0.00045
65.61000,1.98000,0.85784,0.14040,0.00043,0.00057,0.00076
65.81000,1.98000,0.86556,0.13244,0.00051,0.00056,0.00093
66.01000,1.98000,0.87939,0.11899,0.00044,0.00055,0.00063
66.21000,1.98000,0.89302,0.10512,0.00059,0.00054,0.00073
66.41000,1.98000,0.99458,0.00503,0.00032,0.00002,0.00005
66.61000,1.98000,0.99929,0.00051,0.00019,0.00000,0.00001
66.81000,1.98000,0.99810,0.00115,0.00021,0.00034,0.00020
67.01000,1.98000,0.99528,0.00073,0.00160,0.00131,0.00108
67.21000,1.98000,0.99753,0.00041,0.00150,0.00036,0.00020
67.41000,1.98000,0.99265,0.00030,0.00118,0.00423,0.00164
67.61000,1.98000,0.99287,0.00040,0.00111,0.00373,0.00189
67.81000,1.98000,0.99916,0.00020,0.00027,0.00022,0.00015
68.01000,1.98000,0.99804,0.00103,0.00017,0.00024,0.00052
68.21000,1.98000,0.99780,0.00154,0.00025,0.00008,0.00032
68.41000,1.98000,0.99772,0.00210,0.00009,0.00003,0.00007
68.61000,1.98000,0.99921,0.00072,0.00004,0.00001,0.00002
68.81000,1.98000,0.94368,0.05336,0.00028,0.00171,0.00097
69.01000,1.98000,0.87518,0.11932,0.00029,0.00366,0.00154
69.21000,1.98000,0.90499,0.09046,0.00027,0.00313,0.00115
69.41000,1.98000,0.87182,0.12206,0.00035,0.00439,0.00138
69.61000,1.98000,0.92390,0.07231,0.00027,0.00266,0.00087
69.81000,1.98000,0.99286,0.00615,0.00035,0.00044,0.00020
70.01000,1.98000,0.99892,0.00055,0.00014,0.00032,0.00006
70.21000,1.98000,0.99079,0.00122,0.00036,0.00700,0.00063
70.41000,1.98000,0.99876,0.00015,0.00051,0.00051,0.00008
70.61000,1.98000,0.99855,0.00029,0.00043,0.00067,0.00007
70.81000,1.98000,0.99719,0.00014,0.00033,0.00214,0.00021
71.01000,1.98000,0.99947,0.00009,0.00015,0.00024,0.00005
71.21000,1.98000,0.99915,0.00040,0.00010,0.00024,0.00010
71.41000,1.98000,0.99856,0.00099,0.00013,0.00012,0.00020
71.61000,1.98000,0.99698,0.00261,0.00030,0.00001,0.00010
71.81000,1.98000,0.99066,0.00918,0.00010,0.00001,0.00005
72.01000,1.98000,0.99394,0.00594,0.00007,0.00001,0.00004
72.21000,1.98000,0.98226,0.01734,0.00017,0.00002,0.00020
72.41000,1.98000,0.81788,0.18106,0.00025,0.00012,0.00068
72.61000,1.98000,0.58841,0.40985,0.00038,0.00038,0.00098
72.81000,1.98000,0.63535,0.36272,0.00040,0.00043,0.00110
73.01000,1.98000,0.92786,0.07107,0.00054,0.00015,0.00038
73.21000,1.98000,0.98593,0.01315,0.00060,0.00012,0.00020
73.41000,1.98000,0.99812,0.00150,0.00019,0.00012,0.00008
73.61000,1.98000,0.99483,0.00263,0.00018,0.00199,0.00038
73.81000,1.98000,0.99371,0.00089,0.00081,0.00400,0.00059
74.01000,1.98000,0.99852,0.00031,0.00053,0.00053,0.00011
74.21000,1.98000,0.99815,0.00043,0.00028,0.00102,0.00011
74.41000,1.98000,0.99810,0.00017,0.00022,0.00139,0.00011
74.61000,1.98000,0.99990,0.00003,0.00006,0.00001,0.00000
74.81000,1.98000,0.99795,0.00070,0.00016,0.00073,0.00047
75.01000,1.98000,0.99800,0.00102,0.00049,0.00012,0.00037
75.21000,1.98000,0.99637,0.00339,0.00014,0.00002,0.00008
75.41000,1.98000,0.99581,0.00411,0.00005,0.00001,0.00002
75.61000,1.98000,0.99267,0.00715,0.00009,0.00001,0.00008
75.81000,1.98000,0.87163,0.12711,0.00032,0.00032,0.00061
76.01000,1.98000,0.77115,0.22789,0.00028,0.00026,0.00042
76.21000,1.98000,0.73277,0.26605,0.00025,0.00036,0.00057
76.41000,1.98000,0.87645,0.12234,0.00048,0.00024,0.00048
76.61000,1.98000,0.98480,0.01498,0.00017,0.00002,0.00004
76.81000,1.98000,0.99775,0.00213,0.00010,0.00001,0.00001
77.01000,1.98000,0.99578,0.00352,0.00007,0.00052,0.00010
77.21000,1.98000,0.99746,0.00138,0.00020,0.00086,0.00010
77.41000,1.98000,0.99819,0.00063,0.00048,0.00058,0.00012
77.61000,1.98000,0.99812,0.00054,0.00042,0.00081,0.00011
77.81000,1.98000,0.99590,0.00040,0.00046,0.00267,0.00056
78.01000,1.98000,0.99705,0.00022,0.00042,0.00183,0.00048
78.21000,1.98000,0.99722,0.00019,0.00044,0.00159,0.00056
78.41000,1.98000,0.99775,0.00019,0.00025,0.00138,0.00043
78.61000,1.98000,0.99760,0.00019,0.00027,0.00143,0.00050
78.81000,1.98000,0.99770,0.00018,0.00026,0.00139,0.00047
79.01000,1.98000,0.99977,0.00007,0.00007,0.00005,0.00004
79.21000,1.98000,0.99855,0.00092,0.00007,0.00022,0.00025
79.41000,1.98000,0.99647,0.00332,0.00013,0.00001,0.00007
79.61000,1.98000,0.99555,0.00424,0.00010,0.00002,0.00009
79.81000,1.98000,0.97241,0.02730,0.00004,0.00010,0.00015
80.01000,1.98000,0.97896,0.02089,0.00003,0.00003,0.00009
80.21000,1.98000,0.94512,0.05448,0.00005,0.00013,0.00022
80.41000,1.98000,0.64031,0.35668,0.00027,0.00057,0.00217
80.61000,1.98000,0.57625,0.41959,0.00023,0.00140,0.00252
80.81000,1.98000,0.78421,0.21339,0.00040,0.00048,0.00153
81.01000,1.98000,0.93964,0.05936,0.00034,0.00025,0.00040
81.21000,1.98000,0.99194,0.00712,0.00026,0.00036,0.00032
81.41000,1.98000,0.97106,0.00674,0.00038,0.01821,0.00362
81.61000,1.98000,0.98596,0.00404,0.00062,0.00709,0.00228
81.81000,1.98000,0.98952,0.00146,0.00127,0.00564,0.00211
82.01000,1.98000,0.99741,0.00041,0.00109,0.00065,0.00044
82.21000,1.98000,0.99830,0.00030,0.00044,0.00065,0.00031
82.41000,1.98000,0.99616,0.00021,0.00060,0.00233,0.00071
82.61000,1.98000,0.99646,0.00033,0.00051,0.00210,0.00060
82.81000,1.98000,0.99693,0.00025,0.00042,0.00174,0.00066
83.01000,1.98000,0.99731,0.00023,0.00030,0.00146,0.00069
83.21000,1.98000,0.99739,0.00026,0.00029,0.00136,0.00070
83.41000,1.98000,0.99832,0.00020,0.00021,0.00085,0.00042
83.61000,1.98000,0.99970,0.00007,0.00012,0.00005,0.00006
83.81000,1.98000,0.99763,0.00139,0.00019,0.00025,0.00054
84.01000,1.98000,0.99879,0.00062,0.00030,0.00005,0.00024
84.21000,1.98000,0.99546,0.00335,0.00024,0.00022,0.00073
84.41000,1.98000,0.99007,0.00798,0.00022,0.00065,0.00107
84.61000,1.98000,0.98395,0.01529,0.00014,0.00020,0.00043
84.81000,1.98000,0.89264,0.10292,0.00030,0.00099,0.00314
85.01000,1.98000,0.59640,0.40092,0.00026,0.00120,0.00122
85.21000,1.98000,0.72067,0.27632,0.00035,0.00121,0.00145
85.41000,1.98000,0.86182,0.13621,0.00037,0.00076,0.00084
85.61000,1.98000,0.94848,0.05097,0.00022,0.00014,0.00019
85.81000,1.98000,0.98951,0.00979,0.00013,0.00039,0.00017
86.01000,1.98000,0.99318,0.00526,0.00013,0.00115,0.00029
86.21000,1.98000,0.99251,0.00637,0.00022,0.00072,0.00018
86.41000,1.98000,0.99824,0.00122,0.00036,0.00012,0.00006
86.61000,1.98000,0.99813,0.00094,0.00039,0.00043,0.00011
86.81000,1.98000,0.99631,0.00044,0.00059,0.00230,0.00036
87.01000,1.98000,0.99608,0.00034,0.00057,0.00225,0.00076
87.21000,1.98000,0.99645,0.00032,0.00050,0.00198,0.00075
87.41000,1.98000,0.99906,0.00014,0.00021,0.00040,0.00019
87.61000,1.98000,0.99951,0.00016,0.00012,0.00010,0.00011
87.81000,1.98000,0.99874,0.00035,0.00012,0.00029,0.00050
88.01000,1.98000,0.99854,0.00075,0.00015,0.00012,0.00043
88.21000,1.98000,0.99465,0.00437,0.00014,0.00022,0.00062
88.41000,1.98000,0.98536,0.01382,0.00005,0.00026,0.00050
88.61000,1.98000,0.98998,0.00981,0.00002,0.00006,0.00012
88.81000,1.98000,0.85521,0.14093,0.00007,0.00134,0.00245
89.01000,1.98000,0.62615,0.36823,0.00011,0.00152,0.00398
89.21000,1.98000,0.51294,0.47890,0.00008,0.00270,0.00537
89.41000,1.98000,0.85286,0.14450,0.00016,0.00081,0.00167
89.61000,1.98000,0.96853,0.03061,0.00011,0.00029,0.00046
89.81000,1.98000,0.99609,0.00366,0.00007,0.00007,0.00012
90.01000,1.98000,0.99497,0.00392,0.00002,0.00077,0.00032
90.21000,1.98000,0.98946,0.00858,0.00008,0.00120,0.00069
90.41000,1.98000,0.99667,0.00196,0.00021,0.00065,0.00050
90.61000,1.98000,0.99814,0.00102,0.00027,0.00030,0.00027
90.81000,1.98000,0.99866,0.00017,0.00016,0.00071,0.00030
91.01000,1.98000,0.99745,0.00014,0.00028,0.00164,0.00049
91.21000,1.98000,0.99724,0.00019,0.00031,0.00140,0.00085
91.41000,1.98000,0.99840,0.00029,0.00026,0.00052,0.00052
91.61000,1.98000,0.99635,0.00084,0.00018,0.00079,0.00183
91.81000,1.98000,0.99802,0.00072,0.00038,0.00009,0.00079
92.01000,1.98000,0.98083,0.00701,0.00058,0.00419,0.00739
92.21000,1.98000,0.99295,0.00476,0.00048,0.00046,0.00135
92.41000,1.98000,0.94436,0.02912,0.00077,0.01186,0.01389
92.61000,1.98000,0.84278,0.11882,0.00163,0.02152,0.01526
92.81000,1.98000,0.70754,0.21515,0.00243,0.04305,0.03183
93.01000,1.98000,0.77044,0.19689,0.00112,0.01976,0.01179
93.21000,1.98000,0.91049,0.06564,0.00152,0.01443,0.00793
93.41000,1.98000,0.97861,0.01610,0.00071,0.00319,0.00139
93.61000,1.98000,0.99317,0.00249,0.00060,0.00280,0.00094
93.81000,1.98000,0.98968,0.00213,0.00035,0.00685,0.00100
94.01000,1.98000,0.99586,0.00068,0.00093,0.00198,0.00056
94.21000,1.98000,0.99735,0.00057,0.00059,0.00125,0.00024
94.41000,1.98000,0.99551,0.00059,0.00069,0.00272,0.00049
94.61000,1.98000,0.99642,0.00032,0.00048,0.00214,0.00064
94.81000,1.98000,0.99952,0.00017,0.00015,0.00010,0.00005
95.01000,1.98000,0.99908,0.00053,0.00010,0.00015,0.00015
95.21000,1.98000,0.99780,0.00102,0.00015,0.00036,0.00067
95.41000,1.98000,0.99640,0.00316,0.00015,0.00008,0.00020
95.61000,1.98000,0.99333,0.00655,0.00005,0.00003,0.00004
95.81000,1.98000,0.99459,0.00522,0.00006,0.00003,0.00010
96.01000,1.98000,0.93348,0.06531,0.00012,0.00033,0.00077
96.21000,1.98000,0.76243,0.23396,0.00022,0.00168,0.00170
96.41000,1.98000,0.63299,0.36301,0.00021,0.00266,0.00113
96.61000,1.98000,0.65592,0.33813,0.00031,0.00336,0.00227
96.81000,1.98000,0.95005,0.04900,0.00022,0.00049,0.00024
97.01000,1.98000,0.99414,0.00535,0.00027,0.00013,0.00011
97.21000,1.98000,0.99759,0.00209,0.00008,0.00019,0.00005
97.41000,1.98000,0.99544,0.00229,0.00022,0.00171,0.00035
97.61000,1.98000,0.99689,0.00087,0.00031,0.00170,0.00022
97.81000,1.98000,0.99693,0.00060,0.00086,0.00142,0.00020
98.01000,1.98000,0.99632,0.00031,0.00058,0.00259,0.00020
98.21000,1.98000,0.99568,0.00022,0.00085,0.00274,0.00050
98.41000,1.98000,0.99650,0.00018,0.00068,0.00218,0.00045
98.61000,1.98000,0.99562,0.00022,0.00093,0.00270,0.00053
98.81000,1.98000,0.99620,0.00021,0.00070,0.00240,0.00050
99.01000,1.98000,0.99947,0.00012,0.00020,0.00016,0.00005
99.21000,1.98000,0.99903,0.00052,0.00022,0.00011,0.00013
99.41000,1.98000,0.99753,0.00165,0.00066,0.00002,0.00013
99.61000,1.98000,0.99853,0.00128,0.00016,0.00001,0.00003
99.81000,1.98000,0.99264,0.00707,0.00020,0.00002,0.00007
100.01000,1.98000,0.99498,0.00484,0.00012,0.00001,0.00005
100.21000,1.98000,0.87084,0.12633,0.00075,0.00093,0.00114
100.41000,1.98000,0.81861,0.18045,0.00035,0.00031,0.00028
100.61000,1.98000,0.74973,0.24781,0.00067,0.00084,0.00094
100.81000,1.98000,0.84536,0.15343,0.00045,0.00039,0.00036
101.01000,1.98000,0.98300,0.01621,0.00045,0.00017,0.00017
101.21000,1.98000,0.99848,0.00122,0.00016,0.00010,0.00004
101.41000,1.98000,0.99401,0.00216,0.00020,0.00322,0.00041
101.61000,1.98000,0.99681,0.00109,0.00038,0.00148,0.00024
101.81000,1.98000,0.99906,0.00018,0.00045,0.00025,0.00006
102.01000,1.98000,0.99893,0.00034,0.00035,0.00033,0.00005
102.21000,1.98000,0.99787,0.00015,0.00038,0.00131,0.00028
102.41000,1.98000,0.99755,0.00014,0.00041,0.00141,0.00049
102.61000,1.98000,0.99767,0.00014,0.00037,0.00132,0.00049
102.81000,1.98000,0.99932,0.00007,0.00019,0.00028,0.00015
103.01000,1.98000,0.99968,0.00009,0.00010,0.00006,0.00006
103.21000,1.98000,0.99894,0.00032,0.00010,0.00023,0.00041
103.41000,1.98000,0.99743,0.00172,0.00033,0.00008,0.00044
103.61000,1.98000,0.99571,0.00371,0.00015,0.00007,0.00035
103.81000,1.98000,0.99095,0.00881,0.00006,0.00005,0.00013
104.01000,1.98000,0.97938,0.01986,0.00009,0.00019,0.00047
104.21000,1.98000,0.89919,0.10002,0.00009,0.00025,0.00045
104.41000,1.98000,0.65930,0.33903,0.00011,0.00057,0.00100
104.61000,1.98000,0.60459,0.39388,0.00013,0.00059,0.00081
104.81000,1.98000,0.86692,0.13224,0.00017,0.00025,0.00041
105.01000,1.98000,0.97551,0.02424,0.00011,0.00006,0.00007
105.21000,1.98000,0.99570,0.00413,0.00007,0.00006,0.00005
105.41000,1.98000,0.99491,0.00390,0.00005,0.00097,0.00017
105.61000,1.98000,0.99524,0.00352,0.00013,0.00089,0.00022
105.81000,1.98000,0.99911,0.00055,0.00017,0.00012,0.00005
106.01000,1.98000,0.99884,0.00046,0.00029,0.00030,0.00011
106.21000,1.98000,0.99905,0.00023,0.00013,0.00048,0.00011
106.41000,1.98000,0.99974,0.00012,0.00005,0.00006,0.00004
106.61000,1.98000,0.99919,0.00058,0.00004,0.00005,0.00013
106.81000,1.98000,0.99737,0.00250,0.00006,0.00001,0.00005
107.01000,1.98000,0.98852,0.01136,0.00004,0.00002,0.00006
107.21000,1.98000,0.97817,0.02154,0.00008,0.00005,0.00015
107.41000,1.98000,0.96115,0.03874,0.00003,0.00002,0.00006
107.61000,1.98000,0.69178,0.30673,0.00016,0.00041,0.00092
107.81000,1.98000,0.56468,0.43481,0.00008,0.00022,0.00020
108.01000,1.98000,0.43501,0.56372,0.00014,0.00069,0.00043
108.21000,1.98000,0.73739,0.26210,0.00018,0.00020,0.00014
108.41000,1.98000,0.95217,0.04712,0.00045,0.00015,0.00010
108.61000,1.98000,0.99727,0.00252,0.00010,0.00008,0.00003
108.81000,1.98000,0.98940,0.00646,0.00025,0.00342,0.00048
109.01000,1.98000,0.99573,0.00226,0.00050,0.00126,0.00024
109.21000,1.98000,0.99659,0.00111,0.00053,0.00152,0.00024
109.41000,1.98000,0.99795,0.00056,0.00046,0.00089,0.00014
109.61000,1.98000,0.99712,0.00031,0.00033,0.00189,0.00034
109.81000,1.98000,0.99827,0.00018,0.00026,0.00093,0.00036
110.01000,1.98000,0.99969,0.00007,0.00010,0.00007,0.00007
110.21000,1.98000,0.99817,0.00057,0.00013,0.00048,0.00064
110.41000,1.98000,0.99836,0.00102,0.00029,0.00004,0.00029
110.61000,1.98000,0.99798,0.00150,0.00015,0.00008,0.00029
110.81000,1.98000,0.99614,0.00367,0.00005,0.00003,0.00010
111.01000,1.98000,0.98670,0.01281,0.00008,0.00007,0.00034
111.21000,1.98000,0.87646,0.12008,0.00028,0.00064,0.00254
111.41000,1.98000,0.83185,0.16393,0.00033,0.00074,0.00315
111.61000,1.98000,0.83064,0.16450,0.00048,0.00098,0.00340
111.81000,1.98000,0.91843,0.07895,0.00038,0.00044,0.00179
112.01000,1.98000,0.99045,0.00893,0.00032,0.00006,0.00024
112.21000,1.98000,0.99570,0.00382,0.00018,0.00009,0.00021
112.41000,1.98000,0.99663,0.00143,0.00011,0.00122,0.00061
112.61000,1.98000,0.99750,0.00164,0.00018,0.00036,0.00032
112.81000,1.98000,0.99939,0.00015,0.00029,0.00007,0.00009
113.01000,1.98000,0.99838,0.00025,0.00052,0.00049,0.00037
113.21000,1.98000,0.99610,0.00030,0.00039,0.00231,0.00090
113.41000,1.98000,0.99640,0.00029,0.00034,0.00202,0.00095
113.61000,1.98000,0.99981,0.00008,0.00006,0.00003,0.00002
113.81000,1.98000,0.99841,0.00120,0.00008,0.00007,0.00024
114.01000,1.98000,0.99883,0.00089,0.00011,0.00002,0.00014
114.21000,1.98000,0.99345,0.00599,0.00008,0.00012,0.00035
114.41000,1.98000,0.99752,0.00239,0.00004,0.00001,0.00004
114.61000,1.98000,0.93062,0.06434,0.00041,0.00154,0.00308
114.81000,1.98000,0.82016,0.17636,0.00025,0.00180,0.00143
115.01000,1.98000,0.87764,0.11953,0.00018,0.00160,0.00105
115.21000,1.98000,0.85962,0.13658,0.00036,0.00219,0.00126
115.41000,1.98000,0.92980,0.06791,0.00037,0.00116,0.00075
115.61000,1.98000,0.99444,0.00493,0.00029,0.00022,0.00012
115.81000,1.98000,0.99780,0.00086,0.00017,0.00093,0.00024
116.01000,1.98000,0.99654,0.00081,0.00021,0.00217,0.00027
116.21000,1.98000,0.99890,0.00014,0.00051,0.00038,0.00008
116.41000,1.98000,0.99846,0.00054,0.00032,0.00064,0.00004
116.61000,1.98000,0.99179,0.00101,0.00027,0.00667,0.00027
116.81000,1.98000,0.99344,0.00071,0.00043,0.00505,0.00036
117.01000,1.98000,0.99146,0.00093,0.00054,0.00660,0.00046
117.21000,1.98000,0.99321,0.00068,0.00051,0.00516,0.00044
117.41000,1.98000,0.99095,0.00093,0.00062,0.00699,0.00051
117.61000,1.98000,0.99356,0.00063,0.00049,0.00489,0.00044
117.81000,1.98000,0.99158,0.00083,0.00060,0.00654,0.00046
118.01000,1.98000,0.99291,0.00064,0.00057,0.00541,0.00047
118.21000,1.98000,0.99742,0.00025,0.00038,0.00175,0.00020
118.41000,1.98000,0.99728,0.00011,0.00048,0.00186,0.00027
118.61000,1.98000,0.99864,0.00008,0.00040,0.00072,0.00015
118.81000,1.98000,0.99977,0.00008,0.00008,0.00004,0.00002
119.01000,1.98000,0.99881,0.00105,0.00012,0.00001,0.00002
119.21000,1.98000,0.99880,0.00116,0.00003,0.00000,0.00000
119.41000,1.98000,0.99641,0.00351,0.00007,0.00000,0.00001
119.61000,1.98000,0.99536,0.00454,0.00008,0.00001,0.00002
119.81000,1.98000,0.97398,0.02585,0.00010,0.00002,0.00006
120.01000,1.98000,0.83977,0.15936,0.00035,0.00031,0.00021
120.21000,1.98000,0.72852,0.27088,0.00018,0.00024,0.00018
120.41000,1.98000,0.77048,0.22848,0.00025,0.00050,0.00029
120.61000,1.98000,0.94007,0.05967,0.00015,0.00008,0.00004
120.81000,1.98000,0.99091,0.00857,0.00029,0.00018,0.00005
121.01000,1.98000,0.99899,0.00085,0.00003,0.00011,0.00001
121.21000,1.98000,0.99043,0.00719,0.00008,0.00219,0.00013
121.41000,1.98000,0.98670,0.01230,0.00007,0.00088,0.00004
121.61000,1.98000,0.96039,0.03866,0.00011,0.00078,0.00006
121.81000,1.98000,0.95475,0.04122,0.00011,0.00372,0.00021
122.01000,1.98000,0.97428,0.02449,0.00007,0.00103,0.00013
122.21000,1.98000,0.97720,0.02044,0.00014,0.00198,0.00024
122.41000,1.98000,0.97726,0.02152,0.00009,0.00096,0.00017
122.61000,1.98000,0.98601,0.01273,0.00012,0.00093,0.00021
122.81000,1.98000,0.99168,0.00784,0.00010,0.00026,0.00011
123.01000,1.98000,0.99746,0.00134,0.00015,0.00074,0.00030
123.21000,1.98000,0.99976,0.00015,0.00006,0.00002,0.00002
123.41000,1.98000,0.99958,0.00033,0.00003,0.00002,0.00003
123.61000,1.98000,0.99884,0.00099,0.00009,0.00002,0.00006
123.81000,1.98000,0.99883,0.00099,0.00008,0.00002,0.00007
124.01000,1.98000,0.99581,0.00393,0.00005,0.00008,0.00013
124.21000,1.98000,0.99542,0.00436,0.00006,0.00004,0.00011
124.41000,1.98000,0.96302,0.03526,0.00014,0.00065,0.00093
124.61000,1.98000,0.84704,0.14689,0.00042,0.00389,0.00176
124.81000,1.98000,0.87386,0.12232,0.00025,0.00249,0.00108
125.01000,1.98000,0.86369,0.13120,0.00037,0.00357,0.00117
125.21000,1.98000,0.99040,0.00889,0.00019,0.00039,0.00013
125.41000,1.98000,0.99758,0.00205,0.00011,0.00022,0.00005
125.61000,1.98000,0.97273,0.00832,0.00015,0.01791,0.00090
125.81000,1.98000,0.99694,0.00180,0.00012,0.00095,0.00019
126.01000,1.98000,0.99648,0.00150,0.00056,0.00133,0.00014
126.21000,1.98000,0.99706,0.00135,0.00034,0.00113,0.00013
126.41000,1.98000,0.99518,0.00390,0.00014,0.00063,0.00016
126.61000,1.98000,0.99378,0.00541,0.00015,0.00045,0.00021
126.81000,1.98000,0.99316,0.00600,0.00015,0.00044,0.00025
127.01000,1.98000,0.99773,0.00217,0.00006,0.00001,0.00003
127.21000,1.98000,0.98964,0.00970,0.00007,0.00022,0.00037
127.41000,1.98000,0.97936,0.01889,0.00015,0.00043,0.00118
127.61000,1.98000,0.94583,0.05104,0.00013,0.00152,0.00148
127.81000,1.98000,0.94258,0.05658,0.00005,0.00031,0.00048
128.00999,1.98001,0.76155,0.23253,0.00005,0.00368,0.00218
128.21001,1.98000,0.53956,0.44849,0.00008,0.00882,0.00305
128.41000,1.98000,0.73794,0.21907,0.00025,0.03459,0.00814
128.61000,1.98000,0.78935,0.15501,0.00030,0.04927,0.00606
128.81000,1.98000,0.86449,0.08160,0.00031,0.04876,0.00485
129.00999,1.98001,0.98567,0.00825,0.00019,0.00526,0.00064
129.21001,1.98000,0.99734,0.00149,0.00019,0.00083,0.00014
129.41000,1.98000,0.99424,0.00166,0.00015,0.00369,0.00026
129.61000,1.98000,0.99590,0.00093,0.00055,0.00240,0.00022
129.81000,1.98000,0.99818,0.00019,0.00075,0.00078,0.00011
130.00999,1.98001,0.99723,0.00023,0.00054,0.00173,0.00028
130.21001,1.98000,0.99751,0.00017,0.00039,0.00157,0.00037
130.41000,1.98000,0.99914,0.00011,0.00016,0.00044,0.00014
130.61000,1.98000,0.99960,0.00018,0.00006,0.00010,0.00005
130.81000,1.98000,0.99933,0.00053,0.00004,0.00003,0.00007
131.00999,1.98001,0.99871,0.00115,0.00004,0.00003,0.00007
131.21001,1.98000,0.99712,0.00282,0.00003,0.00001,0.00002
131.41000,1.98000,0.99186,0.00771,0.00006,0.00013,0.00024
131.61000,1.98000,0.86924,0.12729,0.00033,0.00128,0.00187
131.81000,1.98000,0.78571,0.20598,0.00029,0.00454,0.00349
132.00999,1.98001,0.84741,0.14899,0.00031,0.00152,0.00177
132.21001,1.98000,0.80669,0.18369,0.00041,0.00521,0.00400
132.41000,1.98000,0.94791,0.05044,0.00035,0.00060,0.00070
132.61000,1.98000,0.99467,0.00419,0.00040,0.00043,0.00032
132.81000,1.98000,0.99740,0.00099,0.00029,0.00096,0.00036
133.00999,1.98001,0.99433,0.00134,0.00040,0.00315,0.00077
133.21001,1.98000,0.99843,0.00042,0.00039,0.00056,0.00019
133.41000,1.98000,0.99781,0.00032,0.00059,0.00100,0.00027
133.61000,1.98000,0.99752,0.00016,0.00034,0.00157,0.00042
133.81000,1.98000,0.99746,0.00014,0.00041,0.00150,0.00049
134.00999,1.98001,0.99782,0.00014,0.00034,0.00129,0.00041
134.21001,1.98000,0.99779,0.00014,0.00034,0.00127,0.00046
134.41000,1.98000,0.99782,0.00014,0.00034,0.00126,0.00044
134.61000,1.98000,0.99967,0.00007,0.00013,0.00008,0.00006
134.81000,1.98000,0.99920,0.00040,0.00006,0.00016,0.00018
135.00999,1.98001,0.99846,0.00087,0.00022,0.00011,0.00035
135.21001,1.98000,0.99751,0.00190,0.00018,0.00012,0.00029
135.41000,1.98000,0.99507,0.00459,0.00006,0.00009,0.00019
135.61000,1.98000,0.98518,0.01386,0.00010,0.00031,0.00056
135.81000,1.98000,0.93275,0.06476,0.00015,0.00114,0.00120
136.00999,1.98001,0.74884,0.24312,0.00029,0.00471,0.00304
136.21001,1.98000,0.71327,0.27743,0.00028,0.00594,0.00308
136.41000,1.98000,0.76069,0.23143,0.00037,0.00435,0.00316
136.61000,1.98000,0.97800,0.02068,0.00024,0.00065,0.00043
136.81000,1.98000,0.99497,0.00422,0.00025,0.00035,0.00021
137.00999,1.98001,0.98887,0.00407,0.00012,0.00637,0.00057
137.21001,1.98000,0.99394,0.00223,0.00018,0.00313,0.00051
137.41000,1.98000,0.99847,0.00055,0.00026,0.00062,0.00010
137.61000,1.98000,0.99955,0.00027,0.00010,0.00006,0.00003
137.81000,1.98000,0.99879,0.00084,0.00008,0.00013,0.00015
138.00999,1.98001,0.99847,0.00122,0.00013,0.00004,0.00014
138.21001,1.98000,0.99682,0.00289,0.00006,0.00006,0.00016
138.41000,1.98000,0.98877,0.01078,0.00007,0.00013,0.00026
138.61000,1.98000,0.98167,0.01773,0.00004,0.00021,0.00034
138.81000,1.98000,0.75718,0.23694,0.00019,0.00282,0.00287
139.00999,1.98001,0.70638,0.28511,0.00014,0.00492,0.00346
139.21001,1.98000,0.70332,0.28983,0.00020,0.00358,0.00308
139.41000,1.98000,0.86736,0.12737,0.00016,0.00295,0.00216
139.61000,1.98000,0.98153,0.01740,0.00021,0.00047,0.00038
139.81000,1.98000,0.99366,0.00462,0.00014,0.00115,0.00043
140.00999,1.98001,0.98535,0.00429,0.00020,0.00879,0.00137
140.21001,1.98000,0.99440,0.00118,0.00035,0.00337,0.00069
140.41000,1.98000,0.99832,0.00048,0.00034,0.00068,0.00018
140.61000,1.98000,0.99876,0.00020,0.00031,0.00057,0.00016
140.81000,1.98000,0.99913,0.00010,0.00017,0.00047,0.00013
141.00999,1.98001,0.99982,0.00005,0.00008,0.00002,0.00002
141.21001,1.98000,0.99920,0.00027,0.00014,0.00011,0.00028
141.41000,1.98000,0.99872,0.00101,0.00013,0.00003,0.00012
141.61000,1.98000,0.99725,0.00267,0.00003,0.00002,0.00003
141.81000,1.98000,0.99303,0.00672,0.00006,0.00005,0.00014
142.00999,1.98001,0.95854,0.04047,0.00007,0.00053,0.00039
142.21001,1.98000,0.87274,0.12497,0.00030,0.00091,0.00108
142.41000,1.98000,0.79397,0.20162,0.00025,0.00245,0.00171
142.61000,1.98000,0.82071,0.17613,0.00038,0.00130,0.00147
142.81000,1.98000,0.94194,0.05658,0.00028,0.00074,0.00046
143.00999,1.98001,0.99161,0.00792,0.00027,0.00011,0.00010
143.21001,1.98000,0.99723,0.00217,0.00007,0.00044,0.00009
143.41000,1.98000,0.99327,0.00214,0.00030,0.00366,0.00063
143.61000,1.98000,0.99827,0.00044,0.00053,0.00064,0.00013
143.81000,1.98000,0.99858,0.00021,0.00059,0.00050,0.00012
144.00999,1.98001,0.99767,0.00021,0.00053,0.00128,0.00031
144.21001,1.98000,0.99775,0.00014,0.00034,0.00137,0.00039
144.41000,1.98000,0.99771,0.00015,0.00035,0.00133,0.00045
144.61000,1.98000,0.99983,0.00004,0.00008,0.00003,0.00002
144.81000,1.98000,0.99929,0.00035,0.00014,0.00008,0.00014
145.00999,1.98001,0.99852,0.00103,0.00030,0.00003,0.00013
145.21001,1.98000,0.99652,0.00301,0.00020,0.00006,0.00021
145.41000,1.98000,0.99411,0.00552,0.00016,0.00005,0.00016
145.61000,1.98000,0.99161,0.00790,0.00011,0.00009,0.00030
145.81000,1.98000,0.81200,0.18059,0.00076,0.00271,0.00394
146.00999,1.98001,0.80465,0.18776,0.00064,0.00292,0.00403
146.21001,1.98000,0.75680,0.23566,0.00074,0.00331,0.00349
146.41000,1.98000,0.83862,0.15413,0.00085,0.00313,0.00328
146.61000,1.98000,0.97952,0.01893,0.00063,0.00044,0.00047
146.81000,1.98000,0.99420,0.00347,0.00032,0.00137,0.00064
147.00999,1.98001,0.98387,0.00299,0.00027,0.01134,0.00154
147.21001,1.98000,0.99571,0.00079,0.00055,0.00234,0.00060
147.41000,1.98000,0.99830,0.00043,0.00035,0.00073,0.00019
147.61000,1.98000,0.99846,0.00023,0.00048,0.00067,0.00017
147.81000,1.98000,0.99765,0.00016,0.00032,0.00150,0.00035
148.00999,1.98001,0.99786,0.00013,0.00035,0.00127,0.00040
148.21001,1.98000,0.99792,0.00012,0.00035,0.00119,0.00042
148.41000,1.98000,0.99788,0.00012,0.00035,0.00121,0.00044
148.61000,1.98000,0.99795,0.00012,0.00033,0.00116,0.00044
148.81000,1.98000,0.99798,0.00012,0.00032,0.00114,0.00044
149.00999,1.98001,0.99798,0.00012,0.00032,0.00114,0.00044
149.21001,1.98000,0.99789,0.00012,0.00035,0.00119,0.00045
149.41000,1.98000,0.99792,0.00012,0.00035,0.00117,0.00044
149.61000,1.98000,0.99793,0.00011,0.00035,0.00116,0.00045
149.81000,1.98000,0.99795,0.00011,0.00035,0.00116,0.00043
150.00999,1.98001,0.99791,0.00011,0.00036,0.00117,0.00044
150.21001,1.98000,0.99794,0.00011,0.00036,0.00115,0.00044
150.41000,1.98000,0.99793,0.00011,0.00035,0.00116,0.00044
150.61000,1.98000,0.99792,0.00011,0.00036,0.00118,0.00043
150.81000,1.98000,0.99790,0.00011,0.00037,0.00119,0.00043
151.00999,1.98001,0.99788,0.00011,0.00038,0.00119,0.00044
151.21001,1.98000,0.99795,0.00011,0.00037,0.00115,0.00042
151.41000,1.98000,0.99978,0.00005,0.00010,0.00004,0.00004
151.61000,1.98000,0.99951,0.00024,0.00010,0.00006,0.00010
151.81000,1.98000,0.99895,0.00077,0.00010,0.00006,0.00012
152.00999,1.98001,0.99456,0.00480,0.00010,0.00022,0.00031
152.21001,1.98000,0.99707,0.00283,0.00002,0.00004,0.00005
152.41000,1.98000,0.95996,0.03793,0.00010,0.00094,0.00106
152.61000,1.98000,0.89443,0.10058,0.00016,0.00264,0.00219
152.81000,1.98000,0.88419,0.10890,0.00027,0.00342,0.00323
153.00999,1.98001,0.87872,0.11483,0.00020,0.00357,0.00268
153.21001,1.98000,0.92857,0.06688,0.00026,0.00222,0.00208
153.41000,1.98000,0.99306,0.00633,0.00015,0.00025,0.00021
153.61000,1.98000,0.99790,0.00077,0.00010,0.00088,0.00034
153.81000,1.98000,0.99582,0.00107,0.00015,0.00228,0.00067
154.00999,1.98001,0.99715,0.00029,0.00062,0.00139,0.00055
154.21001,1.98000,0.99921,0.00011,0.00035,0.00020,0.00013
154.41000,1.98000,0.99766,0.00014,0.00053,0.00128,0.00039
154.61000,1.98000,0.99775,0.00013,0.00039,0.00127,0.00047
154.81000,1.98000,0.99779,0.00013,0.00037,0.00124,0.00048
155.00999,1.98001,0.99797,0.00012,0.00033,0.00115,0.00043
155.21001,1.98000,0.99779,0.00013,0.00036,0.00121,0.00051
155.41000,1.98000,0.99808,0.00011,0.00031,0.00108,0.00042
155.61000,1.98000,0.99787,0.00013,0.00034,0.00118,0.00048
155.81000,1.98000,0.99801,0.00012,0.00031,0.00109,0.00047
156.00999,1.98001,0.99925,0.00008,0.00015,0.00035,0.00017
156.21001,1.98000,0.99980,0.00005,0.00007,0.00004,0.00005
156.41000,1.98000,0.99882,0.00044,0.00016,0.00019,0.00038
156.61000,1.98000,0.99881,0.00081,0.00009,0.00008,0.00020
156.81000,1.98000,0.99639,0.00338,0.00004,0.00007,0.00012
157.00999,1.98001,0.99695,0.00276,0.00004,0.00008,0.00016
157.21001,1.98000,0.91495,0.07839,0.00034,0.00258,0.00373
157.41000,1.98000,0.88884,0.10281,0.00024,0.00483,0.00327
157.61000,1.98000,0.89941,0.09517,0.00036,0.00193,0.00314
157.81000,1.98000,0.88132,0.10916,0.00028,0.00556,0.00369
158.00999,1.98001,0.98083,0.01738,0.00035,0.00053,0.00091
158.21001,1.98000,0.99683,0.00250,0.00023,0.00023,0.00020
158.41000,1.98000,0.99579,0.00186,0.00014,0.00161,0.00059
158.61000,1.98000,0.99675,0.00120,0.00021,0.00143,0.00041
158.81000,1.98000,0.99891,0.00016,0.00056,0.00021,0.00016
159.00999,1.98001,0.99908,0.00019,0.00028,0.00034,0.00012
159.21001,1.98000,0.99813,0.00014,0.00026,0.00115,0.00033
159.41000,1.98000,0.99980,0.00005,0.00008,0.00004,0.00003
159.61000,1.98000,0.99920,0.00043,0.00013,0.00007,0.00017
159.81000,1.98000,0.99893,0.00067,0.00030,0.00001,0.00009
160.00999,1.98001,0.99521,0.00457,0.00014,0.00002,0.00007
160.21001,1.98000,0.99245,0.00706,0.00029,0.00006,0.00013
160.41000,1.98000,0.97998,0.01962,0.00020,0.00004,0.00015
160.61000,1.98000,0.87321,0.12617,0.00033,0.00006,0.00023
160.81000,1.98000,0.77652,0.22263,0.00030,0.00017,0.00039
161.00999,1.98001,0.73041,0.26878,0.00028,0.00016,0.00037
161.21001,1.98000,0.85777,0.14145,0.00034,0.00013,0.00031
161.41000,1.98000,0.97247,0.02716,0.00028,0.00003,0.00006
161.61000,1.98000,0.99804,0.00179,0.00009,0.00005,0.00003
161.81000,1.98000,0.99540,0.00388,0.00010,0.00048,0.00014
162.00999,1.98001,0.99908,0.00052,0.00024,0.00010,0.00006
162.21001,1.98000,0.99866,0.00077,0.00021,0.00025,0.00011
162.41000,1.98000,0.99870,0.00027,0.00019,0.00068,0.00016
162.61000,1.98000,0.99737,0.00013,0.00028,0.00180,0.00043
162.81000,1.98000,0.99770,0.00014,0.00037,0.00133,0.00045
163.00999,1.98001,0.99771,0.00013,0.00040,0.00131,0.00046
163.21001,1.98000,0.99975,0.00005,0.00011,0.00004,0.00005
163.41000,1.98000,0.99703,0.00049,0.00025,0.00119,0.00104
163.61000,1.98000,0.99737,0.00148,0.00042,0.00018,0.00055
163.81000,1.98000,0.99548,0.00421,0.00012,0.00005,0.00015
164.00999,1.98001,0.99254,0.00737,0.00003,0.00001,0.00004
164.21001,1.98000,0.98735,0.01233,0.00008,0.00006,0.00018
164.41000,1.98000,0.95996,0.03936,0.00008,0.00013,0.00047
164.61000,1.98000,0.59530,0.40185,0.00019,0.00117,0.00150
164.81000,1.98000,0.60356,0.39389,0.00018,0.00107,0.00131
165.00999,1.98001,0.68432,0.31356,0.00019,0.00109,0.00084
165.21001,1.98000,0.96466,0.03485,0.00019,0.00013,0.00017
165.41000,1.98000,0.99455,0.00526,0.00008,0.00007,0.00004
165.61000,1.98000,0.99230,0.00553,0.00009,0.00177,0.00031
165.81000,1.98000,0.99016,0.00284,0.00035,0.00593,0.00072
166.00999,1.98001,0.99765,0.00041,0.00079,0.00094,0.00021
166.21001,1.98000,0.99871,0.00028,0.00040,0.00052,0.00008
166.41000,1.98000,0.99862,0.00015,0.00036,0.00075,0.00012
166.61000,1.98000,0.99789,0.00010,0.00037,0.00145,0.00020
166.81000,1.98000,0.99977,0.00005,0.00013,0.00004,0.00002
167.00999,1.98001,0.99894,0.00045,0.00015,0.00023,0.00023
167.21001,1.98000,0.99865,0.00061,0.00045,0.00005,0.00024
167.41000,1.98000,0.99749,0.00197,0.00024,0.00007,0.00023
167.61000,1.98000,0.99206,0.00760,0.00010,0.00006,0.00018
167.81000,1.98000,0.98992,0.00966,0.00011,0.00008,0.00023
168.00999,1.98001,0.95407,0.04463,0.00018,0.00031,0.00081
168.21001,1.98000,0.73578,0.25682,0.00045,0.00331,0.00364
168.41000,1.98000,0.70833,0.28546,0.00042,0.00246,0.00333
168.61000,1.98000,0.74988,0.24263,0.00049,0.00356,0.00344
168.81000,1.98000,0.97969,0.01950,0.00030,0.00018,0.00033
169.00999,1.98001,0.99390,0.00509,0.00022,0.00050,0.00029
169.21001,1.98000,0.99297,0.00331,0.00009,0.00309,0.00053
169.41000,1.98000,0.99064,0.00239,0.00029,0.00584,0.00084
169.61000,1.98000,0.99707,0.00045,0.00079,0.00129,0.00040
169.81000,1.98000,0.99866,0.00032,0.00037,0.00052,0.00013
170.00999,1.98001,0.99740,0.00028,0.00045,0.00153,0.00034
170.21001,1.98000,0.99973,0.00008,0.00009,0.00007,0.00004
170.41000,1.98000,0.99848,0.00089,0.00009,0.00025,0.00028
170.61000,1.98000,0.99863,0.00101,0.00020,0.00002,0.00013
170.81000,1.98000,0.99683,0.00286,0.00012,0.00004,0.00015
171.00999,1.98001,0.98304,0.01652,0.00007,0.00009,0.00029
171.21001,1.98000,0.98796,0.01184,0.00004,0.00003,0.00012
171.41000,1.98000,0.91029,0.08803,0.00010,0.00030,0.00127
171.61000,1.98000,0.67119,0.32762,0.00006,0.00038,0.00074
171.81000,1.98000,0.42954,0.56804,0.00005,0.00093,0.00144
172.00999,1.98001,0.66774,0.33083,0.00005,0.00059,0.00078
172.21001,1.98000,0.92518,0.07414,0.00006,0.00023,0.00039
172.41000,1.98000,0.98462,0.01475,0.00005,0.00036,0.00021
172.61000,1.98000,0.98174,0.01259,0.00004,0.00486,0.00077
172.81000,1.98000,0.99349,0.00401,0.00006,0.00208,0.00036
173.00999,1.98001,0.99687,0.00106,0.00024,0.00146,0.00037
173.21001,1.98000,0.99912,0.00041,0.00014,0.00027,0.00006
173.41000,1.98000,0.99888,0.00026,0.00014,0.00063,0.00009
173.61000,1.98000,0.99755,0.00022,0.00023,0.00164,0.00035
173.81000,1.98000,0.99771,0.00018,0.00028,0.00150,0.00033
174.00999,1.98001,0.99982,0.00005,0.00008,0.00004,0.00001
174.21001,1.98000,0.99869,0.00070,0.00014,0.00023,0.00023
174.41000,1.98000,0.99883,0.00076,0.00027,0.00003,0.00011
174.61000,1.98000,0.99685,0.00295,0.00013,0.00001,0.00006
174.81000,1.98000,0.99645,0.00346,0.00005,0.00001,0.00003
175.00999,1.98001,0.98007,0.01957,0.00014,0.00003,0.00019
175.21001,1.98000,0.92446,0.07490,0.00016,0.00011,0.00038
175.41000,1.98000,0.82431,0.17486,0.00024,0.00023,0.00036
175.61000,1.98000,0.53314,0.46618,0.00019,0.00031,0.00018
175.81000,1.98000,0.52298,0.47620,0.00021,0.00043,0.00018
176.00999,1.98001,0.92688,0.07276,0.00026,0.00007,0.00002
176.21001,1.98000,0.97771,0.02204,0.00010,0.00013,0.00002
176.41000,1.98000,0.96170,0.03575,0.00007,0.00242,0.00007
176.61000,1.98000,0.95701,0.03384,0.00035,0.00860,0.00020
176.81000,1.98000,0.98119,0.01629,0.00048,0.00200,0.00004
177.00999,1.98001,0.96012,0.03371,0.00035,0.00572,0.00010
177.21001,1.98000,0.97845,0.01912,0.00015,0.00222,0.00006
177.41000,1.98000,0.95971,0.03415,0.00016,0.00572,0.00026
177.61000,1.98000,0.98405,0.01195,0.00011,0.00367,0.00022
177.81000,1.98000,0.98035,0.01375,0.00015,0.00525,0.00050
