Time (seconds), Duration (seconds),pred_(unlabeled),pred_On,pred_Off,pred_Dimmer,pred_Lighter
0.01000,1.98000,0.99922,0.00001,0.00029,0.00049,0.00000
0.21000,1.98000,0.99948,0.00000,0.00013,0.00039,0.00000
0.41000,1.98000,0.99956,0.00000,0.00012,0.00032,0.00000
0.61000,1.98000,0.99993,0.00000,0.00003,0.00004,0.00000
0.81000,1.98000,0.99974,0.00000,0.00010,0.00016,0.00000
1.01000,1.98000,0.99936,0.00000,0.00023,0.00040,0.00000
1.21000,1.98000,0.99781,0.00000,0.00099,0.00118,0.00001
1.41000,1.98000,0.99815,0.00000,0.00081,0.00104,0.00001
1.61000,1.98000,0.99885,0.00000,0.00047,0.00066,0.00001
1.81000,1.98000,0.99959,0.00000,0.00011,0.00028,0.00001
2.01000,1.98000,0.99974,0.00000,0.00010,0.00016,0.00001
2.21000,1.98000,0.99983,0.00000,0.00008,0.00008,0.00001
2.41000,1.98000,0.99993,0.00000,0.00004,0.00003,0.00000
2.61000,1.98000,0.99979,0.00000,0.00006,0.00014,0.00001
2.81000,1.98000,0.99884,0.00000,0.00029,0.00079,0.00008
3.01000,1.98000,0.99951,0.00000,0.00011,0.00036,0.00002
3.21000,1.98000,0.99980,0.00000,0.00005,0.00013,0.00001
3.41000,1.98000,0.99601,0.00000,0.00112,0.00282,0.00005
3.61000,1.98000,0.99935,0.00000,0.00027,0.00037,0.00001
3.81000,1.98000,0.99978,0.00000,0.00010,0.00012,0.00000
4.01000,1.98000,0.99976,0.00000,0.00011,0.00012,0.00000
4.21000,1.98000,0.99915,0.00000,0.00026,0.00058,0.00000
4.41000,1.98000,0.99995,0.00000,0.00002,0.00003,0.00000
4.61000,1.98000,0.99991,0.00000,0.00003,0.00006,0.00000
4.81000,1.98000,0.99996,0.00000,0.00002,0.00002,0.00000
5.01000,1.98000,0.99986,0.00000,0.00006,0.00007,0.00000
5.21000,1.98000,0.99994,0.00000,0.00003,0.00003,0.00000
5.41000,1.98000,0.99967,0.00000,0.00014,0.00018,0.00001
5.61000,1.98000,0.99977,0.00000,0.00013,0.00010,0.00000
5.81000,1.98000,0.99969,0.00000,0.00021,0.00008,0.00001
6.01000,1.98000,0.99955,0.00000,0.00030,0.00012,0.00003
6.21000,1.98000,0.99652,0.00003,0.00235,0.00060,0.00049
6.41000,1.98000,0.98984,0.00023,0.00807,0.00129,0.00057
6.61000,1.98000,0.99023,0.00023,0.00556,0.00245,0.00154
6.81000,1.98000,0.95732,0.00497,0.02453,0.01215,0.00103
7.01000,1.98000,0.99204,0.00096,0.00295,0.00351,0.00053
7.21000,1.98000,0.96666,0.00376,0.01654,0.01264,0.00040
7.41000,1.98000,0.99688,0.00007,0.00212,0.00078,0.00015
7.61000,1.98000,0.98963,0.00007,0.00654,0.00354,0.00022
7.81000,1.98000,0.99971,0.00000,0.00012,0.00015,0.00002
8.01000,1.98000,0.98807,0.00000,0.00570,0.00611,0.00012
8.21000,1.98000,0.99830,0.00000,0.00070,0.00098,0.00002
8.41000,1.98000,0.99697,0.00000,0.00198,0.00103,0.00002
8.61000,1.98000,0.99815,0.00000,0.00118,0.00067,0.00001
8.81000,1.98000,0.99958,0.00000,0.00025,0.00017,0.00000
9.01000,1.98000,0.99928,0.00000,0.00047,0.00025,0.00000
9.21000,1.98000,0.99977,0.00000,0.00013,0.00010,0.00000
9.41000,1.98000,0.99975,0.00000,0.00013,0.00012,0.00000
9.61000,1.98000,0.99997,0.00000,0.00001,0.00003,0.00000
9.81000,1.98000,0.99973,0.00004,0.00003,0.00019,0.00000
10.01000,1.98000,0.99934,0.00051,0.00002,0.00012,0.00001
10.21000,1.98000,0.98928,0.00892,0.00016,0.00155,0.00009
10.41000,1.98000,0.85711,0.12763,0.00089,0.01376,0.00061
10.61000,1.98000,0.61480,0.32279,0.00328,0.05680,0.00233
10.81000,1.98000,0.96665,0.03009,0.00027,0.00250,0.00050
11.01000,1.98000,0.99146,0.00816,0.00005,0.00028,0.00005
11.21000,1.98000,0.99365,0.00616,0.00003,0.00014,0.00002
11.41000,1.98000,0.99946,0.00047,0.00002,0.00004,0.00000
11.61000,1.98000,0.99604,0.00377,0.00007,0.00011,0.00002
11.81000,1.98000,0.99307,0.00622,0.00024,0.00043,0.00003
12.01000,1.98000,0.91101,0.07696,0.00185,0.00982,0.00037
12.21000,1.98000,0.61772,0.33951,0.00745,0.03375,0.00156
12.41000,1.98000,0.88064,0.10342,0.00273,0.01259,0.00062
12.61000,1.98000,0.99184,0.00802,0.00004,0.00009,0.00001
12.81000,1.98000,0.98793,0.01171,0.00010,0.00023,0.00002
13.01000,1.98000,0.99659,0.00333,0.00003,0.00004,0.00000
13.21000,1.98000,0.99762,0.00236,0.00001,0.00002,0.00000
13.41000,1.98000,0.99290,0.00697,0.00002,0.00009,0.00001
13.61000,1.98000,0.92276,0.07617,0.00008,0.00090,0.00009
13.81000,1.98000,0.83317,0.15662,0.00110,0.00807,0.00104
14.01000,1.98000,0.42135,0.56462,0.00103,0.01249,0.00051
14.21000,1.98000,0.97856,0.02072,0.00010,0.00056,0.00005
14.41000,1.98000,0.99544,0.00440,0.00010,0.00005,0.00000
14.61000,1.98000,0.99913,0.00041,0.00028,0.00018,0.00000
14.81000,1.98000,0.99937,0.00004,0.00038,0.00020,0.00000
15.01000,1.98000,0.99906,0.00002,0.00044,0.00047,0.00000
15.21000,1.98000,0.99953,0.00001,0.00006,0.00039,0.00001
15.41000,1.98000,0.99960,0.00015,0.00004,0.00020,0.00001
15.61000,1.98000,0.99923,0.00048,0.00017,0.00013,0.00000
15.81000,1.98000,0.97783,0.02107,0.00017,0.00087,0.00005
16.01000,1.98000,0.80541,0.15422,0.01968,0.02032,0.00037
16.21000,1.98000,0.52602,0.45109,0.00490,0.01746,0.00054
16.41000,1.98000,0.99106,0.00780,0.00041,0.00068,0.00005
16.61000,1.98000,0.99223,0.00760,0.00004,0.00012,0.00002
16.81000,1.98000,0.99821,0.00098,0.00062,0.00018,0.00001
17.01000,1.98000,0.99949,0.00035,0.00011,0.00005,0.00000
17.21000,1.98000,0.99975,0.00013,0.00005,0.00006,0.00000
17.41000,1.98000,0.99986,0.00006,0.00001,0.00005,0.00001
17.61000,1.98000,0.99945,0.00047,0.00004,0.00003,0.00001
17.81000,1.98000,0.99162,0.00754,0.00058,0.00017,0.00008
18.01000,1.98000,0.93733,0.06071,0.00062,0.00099,0.00035
18.21000,1.98000,0.96277,0.03318,0.00257,0.00128,0.00020
18.41000,1.98000,0.77729,0.20673,0.00900,0.00647,0.00051
18.61000,1.98000,0.99459,0.00476,0.00054,0.00009,0.00001
18.81000,1.98000,0.99491,0.00378,0.00117,0.00014,0.00001
19.01000,1.98000,0.99949,0.00003,0.00045,0.00003,0.00000
19.21000,1.98000,0.99986,0.00001,0.00010,0.00002,0.00000
19.41000,1.98000,0.99985,0.00001,0.00003,0.00012,0.00000
19.61000,1.98000,0.99982,0.00002,0.00001,0.00016,0.00000
19.81000,1.98000,0.99986,0.00008,0.00001,0.00006,0.00000
20.01000,1.98000,0.99855,0.00102,0.00002,0.00037,0.00004
20.21000,1.98000,0.96817,0.02549,0.00024,0.00554,0.00056
20.41000,1.98000,0.75074,0.16836,0.00161,0.07618,0.00311
20.61000,1.98000,0.51723,0.37723,0.00334,0.09621,0.00599
20.81000,1.98000,0.97722,0.01590,0.00023,0.00634,0.00031
21.01000,1.98000,0.99831,0.00148,0.00009,0.00012,0.00001
21.21000,1.98000,0.99869,0.00022,0.00049,0.00059,0.00001
21.41000,1.98000,0.99977,0.00001,0.00010,0.00011,0.00000
21.61000,1.98000,0.99985,0.00000,0.00006,0.00008,0.00000
21.81000,1.98000,0.99959,0.00000,0.00004,0.00037,0.00000
22.01000,1.98000,0.99986,0.00001,0.00001,0.00012,0.00000
22.21000,1.98000,0.99986,0.00007,0.00001,0.00006,0.00000
22.41000,1.98000,0.99939,0.00054,0.00002,0.00005,0.00000
22.61000,1.98000,0.94797,0.04352,0.00125,0.00690,0.00036
22.81000,1.98000,0.80443,0.17492,0.00291,0.01695,0.00080
23.01000,1.98000,0.57042,0.36294,0.00711,0.05758,0.00195
23.21000,1.98000,0.97757,0.01947,0.00062,0.00218,0.00015
23.41000,1.98000,0.99809,0.00152,0.00023,0.00015,0.00001
23.61000,1.98000,0.99974,0.00005,0.00017,0.00004,0.00000
23.81000,1.98000,0.99994,0.00002,0.00003,0.00001,0.00000
24.01000,1.98000,0.99988,0.00002,0.00002,0.00008,0.00001
24.21000,1.98000,0.99998,0.00001,0.00000,0.00001,0.00000
24.41000,1.98000,0.99986,0.00010,0.00001,0.00003,0.00001
24.61000,1.98000,0.99484,0.00415,0.00008,0.00076,0.00017
24.81000,1.98000,0.92878,0.05417,0.00042,0.01401,0.00262
25.01000,1.98000,0.82453,0.15478,0.00105,0.01875,0.00090
25.21000,1.98000,0.88451,0.08481,0.00081,0.02680,0.00308
25.41000,1.98000,0.99159,0.00794,0.00006,0.00039,0.00003
25.61000,1.98000,0.99972,0.00021,0.00002,0.00005,0.00000
25.81000,1.98000,0.99978,0.00009,0.00002,0.00010,0.00000
26.01000,1.98000,0.99980,0.00001,0.00003,0.00016,0.00000
26.21000,1.98000,0.99983,0.00004,0.00005,0.00007,0.00000
26.41000,1.98000,0.99953,0.00043,0.00002,0.00002,0.00000
26.61000,1.98000,0.99545,0.00417,0.00018,0.00020,0.00001
26.81000,1.98000,0.93182,0.06193,0.00154,0.00433,0.00038
27.01000,1.98000,0.93303,0.05917,0.00318,0.00435,0.00025
27.21000,1.98000,0.95590,0.04209,0.00084,0.00103,0.00015
27.41000,1.98000,0.99671,0.00313,0.00009,0.00006,0.00000
27.61000,1.98000,0.99953,0.00029,0.00015,0.00002,0.00000
27.81000,1.98000,0.99989,0.00001,0.00009,0.00000,0.00000
28.01000,1.98000,0.99996,0.00000,0.00002,0.00001,0.00000
28.21000,1.98000,0.99998,0.00000,0.00000,0.00001,0.00000
28.41000,1.98000,0.99997,0.00001,0.00000,0.00001,0.00000
28.61000,1.98000,0.99974,0.00024,0.00000,0.00002,0.00000
28.81000,1.98000,0.99731,0.00261,0.00001,0.00004,0.00002
29.01000,1.98000,0.95136,0.04770,0.00005,0.00052,0.00037
29.21000,1.98000,0.61721,0.37803,0.00053,0.00341,0.00083
29.41000,1.98000,0.65347,0.34494,0.00013,0.00111,0.00035
29.61000,1.98000,0.91682,0.08247,0.00013,0.00051,0.00007
29.81000,1.98000,0.99836,0.00158,0.00004,0.00003,0.00000
30.01000,1.98000,0.99987,0.00007,0.00004,0.00001,0.00000
30.21000,1.98000,0.99997,0.00001,0.00001,0.00000,0.00000
30.41000,1.98000,0.99950,0.00000,0.00026,0.00023,0.00000
30.61000,1.98000,0.99988,0.00000,0.00001,0.00011,0.00000
30.81000,1.98000,0.99990,0.00000,0.00001,0.00009,0.00000
31.01000,1.98000,0.99973,0.00002,0.00003,0.00022,0.00001
31.21000,1.98000,0.99904,0.00045,0.00006,0.00042,0.00004
31.41000,1.98000,0.97800,0.00581,0.00064,0.01475,0.00080
31.61000,1.98000,0.86512,0.06276,0.00632,0.06432,0.00148
31.81000,1.98000,0.76769,0.11337,0.00830,0.10586,0.00478
32.01000,1.98000,0.95166,0.03452,0.00180,0.01146,0.00055
32.21000,1.98000,0.97775,0.01759,0.00045,0.00411,0.00010
32.41000,1.98000,0.99589,0.00083,0.00227,0.00099,0.00001
32.61000,1.98000,0.99784,0.00039,0.00049,0.00128,0.00001
32.81000,1.98000,0.99793,0.00004,0.00088,0.00115,0.00000
33.01000,1.98000,0.99947,0.00004,0.00009,0.00039,0.00000
33.21000,1.98000,0.99902,0.00007,0.00011,0.00080,0.00001
33.41000,1.98000,0.99989,0.00009,0.00001,0.00002,0.00000
33.61000,1.98000,0.99901,0.00093,0.00004,0.00002,0.00000
33.81000,1.98000,0.98857,0.01124,0.00012,0.00006,0.00001
34.01000,1.98000,0.87216,0.12323,0.00208,0.00223,0.00029
34.21000,1.98000,0.69989,0.28861,0.00542,0.00567,0.00041
34.41000,1.98000,0.62236,0.36074,0.00888,0.00767,0.00035
34.61000,1.98000,0.96102,0.03837,0.00042,0.00017,0.00002
34.81000,1.98000,0.99799,0.00140,0.00057,0.00005,0.00000
35.01000,1.98000,0.99965,0.00022,0.00011,0.00002,0.00000
35.21000,1.98000,0.99907,0.00074,0.00012,0.00006,0.00000
35.41000,1.98000,0.99873,0.00100,0.00016,0.00012,0.00000
35.61000,1.98000,0.99623,0.00365,0.00006,0.00005,0.00000
35.81000,1.98000,0.95589,0.03496,0.00485,0.00415,0.00014
36.01000,1.98000,0.92281,0.06822,0.00533,0.00349,0.00014
36.21000,1.98000,0.83528,0.13603,0.01107,0.01721,0.00042
36.41000,1.98000,0.97796,0.02074,0.00062,0.00062,0.00006
36.61000,1.98000,0.99811,0.00165,0.00018,0.00006,0.00000
36.81000,1.98000,0.99978,0.00006,0.00016,0.00001,0.00000
37.01000,1.98000,0.99989,0.00002,0.00008,0.00001,0.00000
37.21000,1.98000,0.99994,0.00001,0.00001,0.00004,0.00000
37.41000,1.98000,0.99991,0.00003,0.00001,0.00005,0.00000
37.61000,1.98000,0.99944,0.00049,0.00002,0.00004,0.00000
37.81000,1.98000,0.99322,0.00630,0.00011,0.00034,0.00002
38.01000,1.98000,0.86278,0.12789,0.00148,0.00763,0.00021
38.21000,1.98000,0.51585,0.41684,0.00981,0.05691,0.00059
38.41000,1.98000,0.63624,0.34314,0.00297,0.01728,0.00036
38.61000,1.98000,0.97767,0.02154,0.00022,0.00056,0.00001
38.81000,1.98000,0.99846,0.00121,0.00022,0.00011,0.00000
39.01000,1.98000,0.99905,0.00011,0.00059,0.00024,0.00000
39.21000,1.98000,0.99990,0.00001,0.00007,0.00003,0.00000
39.41000,1.98000,0.99961,0.00001,0.00021,0.00018,0.00000
39.61000,1.98000,0.99935,0.00001,0.00011,0.00053,0.00000
39.81000,1.98000,0.99895,0.00001,0.00010,0.00094,0.00000
40.01000,1.98000,0.99917,0.00005,0.00005,0.00072,0.00001
40.21000,1.98000,0.99766,0.00110,0.00009,0.00111,0.00003
40.41000,1.98000,0.96186,0.03387,0.00024,0.00383,0.00020
40.61000,1.98000,0.74279,0.20309,0.00217,0.04993,0.00202
40.81000,1.98000,0.66371,0.29516,0.00262,0.03791,0.00060
41.01000,1.98000,0.69110,0.16068,0.01117,0.13631,0.00074
41.21000,1.98000,0.92570,0.02665,0.00435,0.04277,0.00052
41.41000,1.98000,0.99080,0.00375,0.00092,0.00447,0.00005
41.61000,1.98000,0.99827,0.00020,0.00107,0.00046,0.00000
41.81000,1.98000,0.99966,0.00005,0.00010,0.00018,0.00000
42.01000,1.98000,0.99967,0.00002,0.00004,0.00027,0.00000
42.21000,1.98000,0.99956,0.00014,0.00006,0.00023,0.00000
42.41000,1.98000,0.99921,0.00062,0.00003,0.00014,0.00000
42.61000,1.98000,0.99369,0.00594,0.00010,0.00025,0.00002
42.81000,1.98000,0.95160,0.04635,0.00023,0.00174,0.00007
43.01000,1.98000,0.69358,0.30205,0.00059,0.00352,0.00026
43.21000,1.98000,0.60690,0.39120,0.00019,0.00153,0.00017
43.41000,1.98000,0.92645,0.07334,0.00007,0.00013,0.00001
43.61000,1.98000,0.97921,0.02026,0.00024,0.00028,0.00000
43.81000,1.98000,0.99674,0.00199,0.00081,0.00046,0.00000
44.01000,1.98000,0.99805,0.00059,0.00047,0.00088,0.00000
44.21000,1.98000,0.99943,0.00006,0.00014,0.00038,0.00000
44.41000,1.98000,0.99910,0.00014,0.00008,0.00068,0.00000
44.61000,1.98000,0.99967,0.00006,0.00001,0.00025,0.00000
44.81000,1.98000,0.99938,0.00044,0.00002,0.00016,0.00000
45.01000,1.98000,0.99612,0.00323,0.00005,0.00058,0.00002
45.21000,1.98000,0.96712,0.02849,0.00053,0.00365,0.00021
45.41000,1.98000,0.96202,0.03348,0.00050,0.00346,0.00054
45.61000,1.98000,0.42012,0.54124,0.00395,0.03246,0.00223
45.81000,1.98000,0.88118,0.10857,0.00080,0.00828,0.00118
46.01000,1.98000,0.99237,0.00701,0.00037,0.00024,0.00001
46.21000,1.98000,0.99882,0.00051,0.00047,0.00020,0.00001
46.41000,1.98000,0.99705,0.00050,0.00140,0.00104,0.00001
46.61000,1.98000,0.99312,0.00012,0.00454,0.00220,0.00001
46.81000,1.98000,0.99760,0.00007,0.00084,0.00148,0.00000
47.01000,1.98000,0.99809,0.00004,0.00051,0.00135,0.00001
47.21000,1.98000,0.99745,0.00071,0.00017,0.00166,0.00001
47.41000,1.98000,0.99633,0.00254,0.00012,0.00100,0.00001
47.61000,1.98000,0.98850,0.01102,0.00007,0.00039,0.00001
47.81000,1.98000,0.95605,0.04297,0.00041,0.00054,0.00003
48.01000,1.98000,0.54053,0.45493,0.00112,0.00328,0.00014
48.21000,1.98000,0.37437,0.60292,0.00574,0.01644,0.00053
48.41000,1.98000,0.74129,0.25430,0.00151,0.00270,0.00019
48.61000,1.98000,0.96684,0.03264,0.00025,0.00027,0.00001
48.81000,1.98000,0.99881,0.00072,0.00037,0.00010,0.00000
49.01000,1.98000,0.99931,0.00028,0.00029,0.00012,0.00000
49.21000,1.98000,0.99983,0.00008,0.00004,0.00005,0.00000
49.41000,1.98000,0.99928,0.00009,0.00021,0.00042,0.00000
49.61000,1.98000,0.99965,0.00026,0.00001,0.00008,0.00000
49.81000,1.98000,0.99890,0.00100,0.00005,0.00006,0.00000
50.01000,1.98000,0.98346,0.01549,0.00033,0.00070,0.00001
50.21000,1.98000,0.73854,0.22678,0.01281,0.02178,0.00009
50.41000,1.98000,0.57922,0.35289,0.01457,0.05286,0.00047
50.61000,1.98000,0.98302,0.01410,0.00100,0.00186,0.00002
50.81000,1.98000,0.99240,0.00711,0.00036,0.00013,0.00000
51.01000,1.98000,0.99902,0.00012,0.00079,0.00007,0.00000
51.21000,1.98000,0.99945,0.00004,0.00045,0.00007,0.00000
51.41000,1.98000,0.99989,0.00000,0.00009,0.00002,0.00000
51.61000,1.98000,0.99962,0.00003,0.00010,0.00025,0.00000
51.81000,1.98000,0.99996,0.00003,0.00001,0.00000,0.00000
52.01000,1.98000,0.99923,0.00070,0.00007,0.00000,0.00000
52.21000,1.98000,0.99121,0.00845,0.00032,0.00002,0.00000
52.41000,1.98000,0.80436,0.18700,0.00761,0.00096,0.00007
52.61000,1.98000,0.94413,0.05362,0.00202,0.00022,0.00001
52.81000,1.98000,0.84652,0.14506,0.00716,0.00122,0.00004
53.01000,1.98000,0.99435,0.00551,0.00014,0.00001,0.00000
53.21000,1.98000,0.99957,0.00035,0.00008,0.00000,0.00000
53.41000,1.98000,0.99991,0.00005,0.00004,0.00000,0.00000
53.61000,1.98000,0.99994,0.00005,0.00001,0.00000,0.00000
53.81000,1.98000,0.99919,0.00077,0.00004,0.00000,0.00000
54.01000,1.98000,0.99768,0.00227,0.00005,0.00000,0.00000
54.21000,1.98000,0.85085,0.14185,0.00693,0.00036,0.00001
54.41000,1.98000,0.56274,0.43244,0.00452,0.00028,0.00002
54.61000,1.98000,0.49422,0.50286,0.00248,0.00041,0.00004
54.81000,1.98000,0.88813,0.11099,0.00084,0.00003,0.00000
55.01000,1.98000,0.99041,0.00922,0.00036,0.00001,0.00000
55.21000,1.98000,0.99309,0.00276,0.00413,0.00002,0.00000
55.41000,1.98000,0.99937,0.00009,0.00052,0.00001,0.00000
55.61000,1.98000,0.99487,0.00007,0.00216,0.00290,0.00000
55.81000,1.98000,0.99937,0.00009,0.00008,0.00046,0.00000
56.01000,1.98000,0.99974,0.00021,0.00001,0.00004,0.00000
56.21000,1.98000,0.99838,0.00150,0.00004,0.00008,0.00000
56.41000,1.98000,0.98411,0.01569,0.00009,0.00011,0.00001
56.61000,1.98000,0.85077,0.14372,0.00174,0.00365,0.00012
56.81000,1.98000,0.74549,0.25200,0.00058,0.00184,0.00008
57.01000,1.98000,0.51448,0.47145,0.00401,0.00960,0.00046
57.21000,1.98000,0.95457,0.04520,0.00007,0.00013,0.00003
57.41000,1.98000,0.99572,0.00421,0.00005,0.00001,0.00000
57.61000,1.98000,0.99966,0.00021,0.00011,0.00003,0.00000
57.81000,1.98000,0.99639,0.00098,0.00200,0.00061,0.00001
58.01000,1.98000,0.99719,0.00011,0.00057,0.00212,0.00001
58.21000,1.98000,0.98775,0.00049,0.00162,0.01013,0.00001
58.41000,1.98000,0.99228,0.00011,0.00217,0.00543,0.00001
58.61000,1.98000,0.98639,0.00038,0.00274,0.01047,0.00002
58.81000,1.98000,0.99863,0.00000,0.00064,0.00073,0.00000
59.01000,1.98000,0.99936,0.00005,0.00022,0.00037,0.00000
59.21000,1.98000,0.99928,0.00012,0.00031,0.00029,0.00000
59.41000,1.98000,0.99929,0.00066,0.00004,0.00001,0.00000
59.61000,1.98000,0.99536,0.00448,0.00013,0.00002,0.00000
59.81000,1.98000,0.98178,0.01721,0.00088,0.00011,0.00002
60.01000,1.98000,0.69752,0.29203,0.00967,0.00067,0.00010
60.21000,1.98000,0.68892,0.30268,0.00766,0.00063,0.00011
60.41000,1.98000,0.92278,0.07312,0.00359,0.00042,0.00009
60.61000,1.98000,0.99214,0.00713,0.00073,0.00001,0.00000
60.81000,1.98000,0.99958,0.00017,0.00025,0.00000,0.00000
61.01000,1.98000,0.99961,0.00006,0.00032,0.00001,0.00000
61.21000,1.98000,0.99931,0.00001,0.00055,0.00013,0.00000
61.41000,1.98000,0.99766,0.00000,0.00132,0.00102,0.00000
61.61000,1.98000,0.99982,0.00000,0.00006,0.00012,0.00000
61.81000,1.98000,0.99949,0.00004,0.00011,0.00035,0.00000
62.01000,1.98000,0.99979,0.00008,0.00007,0.00006,0.00000
62.21000,1.98000,0.99864,0.00128,0.00007,0.00002,0.00000
62.41000,1.98000,0.99144,0.00823,0.00029,0.00004,0.00000
62.61000,1.98000,0.93874,0.05766,0.00308,0.00051,0.00002
62.81000,1.98000,0.46400,0.52073,0.01061,0.00442,0.00024
63.01000,1.98000,0.57325,0.41797,0.00674,0.00196,0.00008
63.21000,1.98000,0.95488,0.04396,0.00093,0.00022,0.00001
63.41000,1.98000,0.99823,0.00136,0.00040,0.00001,0.00000
63.61000,1.98000,0.99975,0.00004,0.00020,0.00001,0.00000
63.81000,1.98000,0.99987,0.00000,0.00011,0.00001,0.00000
64.01000,1.98000,0.99986,0.00000,0.00006,0.00008,0.00000
64.21000,1.98000,0.99986,0.00000,0.00003,0.00011,0.00000
64.41000,1.98000,0.99987,0.00001,0.00001,0.00010,0.00000
64.61000,1.98000,0.99985,0.00007,0.00003,0.00004,0.00000
64.81000,1.98000,0.99947,0.00043,0.00004,0.00005,0.00000
65.01000,1.98000,0.97081,0.02280,0.00189,0.00437,0.00014
65.21000,1.98000,0.89117,0.08416,0.00664,0.01755,0.00048
65.41000,1.98000,0.73475,0.21082,0.01641,0.03675,0.00127
65.61000,1.98000,0.98535,0.01254,0.00059,0.00144,0.00008
65.81000,1.98000,0.99858,0.00104,0.00029,0.00008,0.00000
66.01000,1.98000,0.99940,0.00003,0.00052,0.00006,0.00000
66.21000,1.98000,0.99981,0.00000,0.00017,0.00003,0.00000
66.41000,1.98000,0.99974,0.00000,0.00012,0.00014,0.00000
66.61000,1.98000,0.99985,0.00000,0.00002,0.00013,0.00000
66.81000,1.98000,0.99988,0.00000,0.00002,0.00010,0.00000
67.01000,1.98000,0.99992,0.00003,0.00003,0.00003,0.00000
67.21000,1.98000,0.99966,0.00029,0.00002,0.00003,0.00000
67.41000,1.98000,0.99639,0.00329,0.00014,0.00016,0.00002
67.61000,1.98000,0.94530,0.05052,0.00134,0.00264,0.00019
67.81000,1.98000,0.61592,0.35880,0.00928,0.01534,0.00066
68.01000,1.98000,0.93978,0.05696,0.00093,0.00214,0.00019
68.21000,1.98000,0.99728,0.00245,0.00023,0.00004,0.00000
68.41000,1.98000,0.99922,0.00024,0.00052,0.00002,0.00000
68.61000,1.98000,0.99977,0.00004,0.00016,0.00003,0.00000
68.81000,1.98000,0.99784,0.00001,0.00143,0.00072,0.00001
69.01000,1.98000,0.99934,0.00000,0.00037,0.00029,0.00000
69.21000,1.98000,0.99902,0.00000,0.00050,0.00048,0.00000
69.41000,1.98000,0.99965,0.00000,0.00010,0.00025,0.00000
69.61000,1.98000,0.99976,0.00000,0.00002,0.00022,0.00000
69.81000,1.98000,0.99967,0.00004,0.00005,0.00024,0.00001
70.01000,1.98000,0.99930,0.00039,0.00010,0.00020,0.00000
70.21000,1.98000,0.99268,0.00540,0.00047,0.00140,0.00004
70.41000,1.98000,0.88928,0.06882,0.00302,0.03847,0.00041
70.61000,1.98000,0.62813,0.29425,0.00747,0.06911,0.00105
70.81000,1.98000,0.82882,0.13324,0.00341,0.03407,0.00046
71.01000,1.98000,0.99087,0.00710,0.00034,0.00165,0.00005
71.21000,1.98000,0.99893,0.00068,0.00021,0.00018,0.00000
71.41000,1.98000,0.99981,0.00002,0.00013,0.00003,0.00000
71.61000,1.98000,0.99982,0.00000,0.00012,0.00006,0.00000
71.81000,1.98000,0.99980,0.00000,0.00007,0.00013,0.00000
72.01000,1.98000,0.99987,0.00000,0.00004,0.00010,0.00000
72.21000,1.98000,0.99987,0.00000,0.00005,0.00008,0.00000
72.41000,1.98000,0.99993,0.00000,0.00002,0.00005,0.00000
72.61000,1.98000,0.99994,0.00000,0.00001,0.00005,0.00000
72.81000,1.98000,0.99997,0.00000,0.00000,0.00003,0.00000
73.01000,1.98000,0.99993,0.00004,0.00001,0.00002,0.00000
73.21000,1.98000,0.99949,0.00042,0.00003,0.00006,0.00001
73.41000,1.98000,0.98975,0.00881,0.00023,0.00113,0.00008
73.61000,1.98000,0.94918,0.04137,0.00119,0.00778,0.00049
73.81000,1.98000,0.79541,0.18456,0.00256,0.01689,0.00058
74.01000,1.98000,0.95873,0.03613,0.00109,0.00383,0.00021
74.21000,1.98000,0.99446,0.00531,0.00007,0.00016,0.00001
74.41000,1.98000,0.99985,0.00007,0.00005,0.00002,0.00000
74.61000,1.98000,0.99981,0.00001,0.00015,0.00003,0.00000
74.81000,1.98000,0.99990,0.00000,0.00008,0.00002,0.00000
75.01000,1.98000,0.99997,0.00000,0.00000,0.00002,0.00000
75.21000,1.98000,0.99998,0.00000,0.00000,0.00001,0.00000
75.41000,1.98000,0.99991,0.00006,0.00003,0.00000,0.00000
75.61000,1.98000,0.99947,0.00051,0.00002,0.00000,0.00000
75.81000,1.98000,0.97406,0.02389,0.00172,0.00028,0.00005
76.01000,1.98000,0.94397,0.05235,0.00282,0.00077,0.00009
76.21000,1.98000,0.71745,0.25008,0.02857,0.00364,0.00026
76.41000,1.98000,0.96562,0.03237,0.00173,0.00023,0.00005
76.61000,1.98000,0.99818,0.00156,0.00025,0.00001,0.00000
76.81000,1.98000,0.99981,0.00003,0.00016,0.00000,0.00000
77.01000,1.98000,0.99986,0.00000,0.00014,0.00000,0.00000
77.21000,1.98000,0.99993,0.00000,0.00004,0.00003,0.00000
77.41000,1.98000,0.99990,0.00000,0.00003,0.00006,0.00000
77.61000,1.98000,0.99999,0.00000,0.00000,0.00001,0.00000
77.81000,1.98000,0.99996,0.00000,0.00000,0.00003,0.00000
78.01000,1.98000,0.99998,0.00000,0.00000,0.00001,0.00000
78.21000,1.98000,0.99990,0.00008,0.00001,0.00000,0.00000
78.41000,1.98000,0.99506,0.00416,0.00043,0.00033,0.00002
78.61000,1.98000,0.90343,0.07990,0.00815,0.00816,0.00036
78.81000,1.98000,0.95766,0.03173,0.00510,0.00525,0.00025
79.01000,1.98000,0.91271,0.07053,0.00775,0.00873,0.00028
79.21000,1.98000,0.99358,0.00530,0.00075,0.00035,0.00001
79.41000,1.98000,0.99964,0.00009,0.00026,0.00001,0.00000
79.61000,1.98000,0.99989,0.00000,0.00011,0.00000,0.00000
79.81000,1.98000,0.99991,0.00000,0.00007,0.00001,0.00000
80.01000,1.98000,0.99993,0.00000,0.00001,0.00006,0.00000
80.21000,1.98000,0.99997,0.00000,0.00001,0.00002,0.00000
80.41000,1.98000,0.99988,0.00006,0.00002,0.00003,0.00000
80.61000,1.98000,0.99958,0.00037,0.00001,0.00003,0.00000
80.81000,1.98000,0.97173,0.02487,0.00150,0.00179,0.00012
81.01000,1.98000,0.82517,0.13552,0.01040,0.02841,0.00048
81.21000,1.98000,0.76710,0.19383,0.01616,0.02217,0.00074
81.41000,1.98000,0.97686,0.02082,0.00065,0.00160,0.00007
81.61000,1.98000,0.99860,0.00111,0.00025,0.00004,0.00000
81.81000,1.98000,0.99949,0.00004,0.00043,0.00003,0.00000
82.01000,1.98000,0.99983,0.00001,0.00014,0.00002,0.00000
82.21000,1.98000,0.99979,0.00000,0.00012,0.00009,0.00000
82.41000,1.98000,0.99989,0.00000,0.00004,0.00007,0.00000
82.61000,1.98000,0.99997,0.00000,0.00000,0.00003,0.00000
82.81000,1.98000,0.99993,0.00000,0.00001,0.00006,0.00000
83.01000,1.98000,0.99993,0.00002,0.00001,0.00004,0.00000
83.21000,1.98000,0.99957,0.00033,0.00004,0.00006,0.00001
83.41000,1.98000,0.99228,0.00637,0.00031,0.00096,0.00008
83.61000,1.98000,0.92001,0.04947,0.00547,0.02378,0.00128
83.81000,1.98000,0.94061,0.03807,0.00525,0.01551,0.00056
84.01000,1.98000,0.97160,0.02244,0.00145,0.00417,0.00034
84.21000,1.98000,0.99723,0.00239,0.00021,0.00016,0.00001
84.41000,1.98000,0.99932,0.00005,0.00059,0.00004,0.00000
84.61000,1.98000,0.99997,0.00000,0.00003,0.00000,0.00000
84.81000,1.98000,0.99991,0.00000,0.00005,0.00004,0.00000
85.01000,1.98000,0.99998,0.00000,0.00000,0.00002,0.00000
85.21000,1.98000,0.99998,0.00001,0.00000,0.00001,0.00000
85.41000,1.98000,0.99992,0.00006,0.00001,0.00001,0.00000
85.61000,1.98000,0.99551,0.00404,0.00025,0.00014,0.00006
85.81000,1.98000,0.96721,0.02906,0.00180,0.00172,0.00021
86.01000,1.98000,0.73053,0.25452,0.00761,0.00668,0.00066
86.21000,1.98000,0.75939,0.22014,0.01025,0.00982,0.00040
86.41000,1.98000,0.98492,0.01452,0.00037,0.00018,0.00001
86.61000,1.98000,0.99840,0.00089,0.00066,0.00005,0.00000
86.81000,1.98000,0.99978,0.00014,0.00008,0.00000,0.00000
87.01000,1.98000,0.99989,0.00008,0.00003,0.00001,0.00000
87.21000,1.98000,0.99950,0.00030,0.00004,0.00016,0.00001
87.41000,1.98000,0.99879,0.00107,0.00004,0.00011,0.00000
87.61000,1.98000,0.99253,0.00710,0.00011,0.00025,0.00002
87.81000,1.98000,0.84163,0.14545,0.00183,0.01078,0.00032
88.01000,1.98000,0.55397,0.41845,0.00527,0.02170,0.00060
88.21000,1.98000,0.90815,0.08745,0.00087,0.00339,0.00014
88.41000,1.98000,0.99333,0.00645,0.00011,0.00011,0.00001
88.61000,1.98000,0.99961,0.00016,0.00018,0.00005,0.00000
88.81000,1.98000,0.99960,0.00003,0.00027,0.00010,0.00000
89.01000,1.98000,0.99982,0.00001,0.00012,0.00006,0.00000
89.21000,1.98000,0.99973,0.00000,0.00011,0.00016,0.00000
89.41000,1.98000,0.99994,0.00000,0.00003,0.00003,0.00000
89.61000,1.98000,0.99993,0.00000,0.00006,0.00001,0.00000
89.81000,1.98000,0.99979,0.00014,0.00007,0.00000,0.00000
90.01000,1.98000,0.99676,0.00153,0.00165,0.00005,0.00001
90.21000,1.98000,0.98505,0.01231,0.00248,0.00015,0.00001
90.41000,1.98000,0.90994,0.04941,0.03794,0.00256,0.00016
90.61000,1.98000,0.67853,0.29474,0.02546,0.00121,0.00007
90.81000,1.98000,0.94137,0.03960,0.01814,0.00081,0.00008
91.01000,1.98000,0.99404,0.00326,0.00267,0.00002,0.00000
91.21000,1.98000,0.99962,0.00004,0.00034,0.00000,0.00000
91.41000,1.98000,0.99987,0.00004,0.00009,0.00001,0.00000
91.61000,1.98000,0.99942,0.00009,0.00014,0.00034,0.00000
91.81000,1.98000,0.99945,0.00017,0.00007,0.00031,0.00000
92.01000,1.98000,0.99868,0.00091,0.00006,0.00035,0.00001
92.21000,1.98000,0.99172,0.00790,0.00006,0.00031,0.00001
92.41000,1.98000,0.88849,0.10029,0.00061,0.01013,0.00048
92.61000,1.98000,0.43632,0.50352,0.00343,0.05493,0.00181
92.81000,1.98000,0.81327,0.17158,0.00062,0.01352,0.00101
93.01000,1.98000,0.96404,0.03434,0.00025,0.00128,0.00008
93.21000,1.98000,0.99815,0.00151,0.00012,0.00021,0.00001
93.41000,1.98000,0.99901,0.00017,0.00031,0.00050,0.00001
93.61000,1.98000,0.99930,0.00008,0.00013,0.00049,0.00000
93.81000,1.98000,0.99903,0.00013,0.00010,0.00074,0.00001
94.01000,1.98000,0.99935,0.00010,0.00003,0.00051,0.00000
94.21000,1.98000,0.99893,0.00063,0.00004,0.00039,0.00001
94.41000,1.98000,0.99612,0.00338,0.00011,0.00038,0.00001
94.61000,1.98000,0.98020,0.01895,0.00009,0.00073,0.00003
94.81000,1.98000,0.74962,0.23556,0.00333,0.01134,0.00016
95.01000,1.98000,0.38909,0.59007,0.00202,0.01824,0.00058
95.21000,1.98000,0.91580,0.08177,0.00021,0.00211,0.00011
95.41000,1.98000,0.95274,0.04617,0.00035,0.00068,0.00005
95.61000,1.98000,0.95818,0.03818,0.00326,0.00035,0.00002
95.81000,1.98000,0.96726,0.02809,0.00418,0.00042,0.00006
96.01000,1.98000,0.93456,0.04243,0.02161,0.00125,0.00016
96.21000,1.98000,0.96063,0.02005,0.01659,0.00231,0.00042
96.41000,1.98000,0.89973,0.05004,0.04233,0.00696,0.00094
96.61000,1.98000,0.81136,0.07045,0.09202,0.02371,0.00246
96.81000,1.98000,0.95832,0.01578,0.02172,0.00384,0.00035
97.01000,1.98000,0.97229,0.00069,0.02626,0.00072,0.00005
97.21000,1.98000,0.99357,0.00010,0.00595,0.00036,0.00002
97.41000,1.98000,0.99898,0.00002,0.00083,0.00017,0.00001
97.61000,1.98000,0.99932,0.00001,0.00026,0.00040,0.00000
97.81000,1.98000,0.99974,0.00000,0.00010,0.00016,0.00000
98.01000,1.98000,0.99967,0.00000,0.00008,0.00025,0.00000
98.21000,1.98000,0.99993,0.00000,0.00002,0.00004,0.00000
98.41000,1.98000,0.99991,0.00000,0.00001,0.00008,0.00000
98.61000,1.98000,0.99986,0.00000,0.00001,0.00013,0.00000
98.81000,1.98000,0.99979,0.00001,0.00002,0.00018,0.00000
99.01000,1.98000,0.99969,0.00011,0.00006,0.00014,0.00000
99.21000,1.98000,0.99649,0.00188,0.00071,0.00090,0.00003
99.41000,1.98000,0.95016,0.02591,0.00448,0.01915,0.00029
99.61000,1.98000,0.77228,0.14149,0.02355,0.06200,0.00068
99.81000,1.98000,0.88128,0.06777,0.01082,0.03961,0.00052
100.01000,1.98000,0.99577,0.00228,0.00124,0.00069,0.00002
100.21000,1.98000,0.99908,0.00031,0.00047,0.00014,0.00000
100.41000,1.98000,0.99807,0.00004,0.00178,0.00011,0.00000
100.61000,1.98000,0.99974,0.00001,0.00017,0.00008,0.00000
100.81000,1.98000,0.99991,0.00000,0.00004,0.00005,0.00000
101.01000,1.98000,0.99986,0.00000,0.00004,0.00010,0.00000
101.21000,1.98000,0.99996,0.00000,0.00001,0.00003,0.00000
101.41000,1.98000,0.99979,0.00000,0.00005,0.00016,0.00000
101.61000,1.98000,0.99995,0.00000,0.00001,0.00004,0.00000
101.81000,1.98000,0.99988,0.00003,0.00001,0.00008,0.00000
102.01000,1.98000,0.99992,0.00007,0.00000,0.00001,0.00000
102.21000,1.98000,0.99768,0.00221,0.00002,0.00009,0.00001
102.41000,1.98000,0.95518,0.04430,0.00005,0.00041,0.00006
102.61000,1.98000,0.82516,0.16747,0.00044,0.00661,0.00032
102.81000,1.98000,0.38786,0.60190,0.00111,0.00861,0.00052
103.01000,1.98000,0.89605,0.10015,0.00046,0.00321,0.00014
103.21000,1.98000,0.97700,0.02246,0.00019,0.00033,0.00001
103.41000,1.98000,0.99795,0.00101,0.00062,0.00042,0.00000
103.61000,1.98000,0.99934,0.00009,0.00029,0.00028,0.00000
103.81000,1.98000,0.99801,0.00001,0.00101,0.00096,0.00000
104.01000,1.98000,0.99826,0.00000,0.00072,0.00102,0.00000
104.21000,1.98000,0.99977,0.00000,0.00007,0.00015,0.00000
104.41000,1.98000,0.99979,0.00000,0.00007,0.00015,0.00000
104.61000,1.98000,0.99989,0.00000,0.00003,0.00008,0.00000
104.81000,1.98000,0.99997,0.00000,0.00000,0.00003,0.00000
105.01000,1.98000,0.99994,0.00000,0.00000,0.00006,0.00000
105.21000,1.98000,0.99989,0.00005,0.00001,0.00005,0.00000
105.41000,1.98000,0.99966,0.00028,0.00001,0.00005,0.00000
105.61000,1.98000,0.99261,0.00659,0.00007,0.00066,0.00007
105.81000,1.98000,0.86371,0.12088,0.00058,0.01416,0.00068
106.01000,1.98000,0.33359,0.61448,0.00248,0.04778,0.00167
106.21000,1.98000,0.95994,0.03665,0.00021,0.00295,0.00025
106.41000,1.98000,0.99539,0.00427,0.00010,0.00022,0.00001
106.61000,1.98000,0.99909,0.00047,0.00022,0.00022,0.00000
106.81000,1.98000,0.99944,0.00005,0.00026,0.00025,0.00000
107.01000,1.98000,0.99965,0.00000,0.00013,0.00021,0.00000
107.21000,1.98000,0.99989,0.00000,0.00003,0.00008,0.00000
107.41000,1.98000,0.99994,0.00000,0.00000,0.00006,0.00000
107.61000,1.98000,0.99989,0.00001,0.00001,0.00009,0.00000
107.81000,1.98000,0.99975,0.00010,0.00001,0.00014,0.00000
108.01000,1.98000,0.99768,0.00215,0.00002,0.00014,0.00001
108.21000,1.98000,0.97347,0.02239,0.00019,0.00387,0.00008
108.41000,1.98000,0.48737,0.47883,0.00221,0.03084,0.00074
108.61000,1.98000,0.42183,0.50230,0.00221,0.07282,0.00083
108.81000,1.98000,0.96619,0.03229,0.00016,0.00131,0.00006
109.01000,1.98000,0.99464,0.00498,0.00012,0.00026,0.00000
109.21000,1.98000,0.99954,0.00012,0.00024,0.00010,0.00000
109.41000,1.98000,0.99972,0.00003,0.00010,0.00015,0.00000
109.61000,1.98000,0.99937,0.00000,0.00042,0.00021,0.00000
109.81000,1.98000,0.99971,0.00000,0.00003,0.00026,0.00000
110.01000,1.98000,0.99991,0.00000,0.00000,0.00008,0.00000
110.21000,1.98000,0.99971,0.00011,0.00002,0.00016,0.00000
110.41000,1.98000,0.99877,0.00101,0.00002,0.00019,0.00001
110.61000,1.98000,0.98255,0.01378,0.00025,0.00326,0.00016
110.81000,1.98000,0.70483,0.22586,0.00296,0.06524,0.00111
111.01000,1.98000,0.80396,0.12216,0.00633,0.06626,0.00129
111.21000,1.98000,0.91148,0.07262,0.00084,0.01461,0.00045
111.41000,1.98000,0.99062,0.00845,0.00016,0.00076,0.00001
111.61000,1.98000,0.99674,0.00113,0.00107,0.00106,0.00001
111.81000,1.98000,0.99964,0.00002,0.00020,0.00014,0.00000
112.01000,1.98000,0.99969,0.00000,0.00014,0.00017,0.00000
112.21000,1.98000,0.99975,0.00001,0.00006,0.00018,0.00000
112.41000,1.98000,0.99984,0.00001,0.00002,0.00012,0.00000
112.61000,1.98000,0.99958,0.00032,0.00003,0.00006,0.00000
112.81000,1.98000,0.99914,0.00083,0.00002,0.00001,0.00000
113.01000,1.98000,0.94718,0.05033,0.00143,0.00103,0.00003
113.21000,1.98000,0.73887,0.25346,0.00448,0.00309,0.00009
113.41000,1.98000,0.47744,0.50911,0.00511,0.00818,0.00017
113.61000,1.98000,0.96589,0.03320,0.00052,0.00037,0.00001
113.81000,1.98000,0.99561,0.00414,0.00019,0.00006,0.00000
114.01000,1.98000,0.99918,0.00038,0.00041,0.00003,0.00000
114.21000,1.98000,0.99986,0.00001,0.00011,0.00002,0.00000
114.41000,1.98000,0.99996,0.00000,0.00003,0.00000,0.00000
114.61000,1.98000,0.99987,0.00000,0.00004,0.00008,0.00000
114.81000,1.98000,0.99976,0.00000,0.00003,0.00021,0.00000
115.01000,1.98000,0.99991,0.00000,0.00001,0.00008,0.00000
115.21000,1.98000,0.99986,0.00005,0.00001,0.00007,0.00000
115.41000,1.98000,0.99965,0.00023,0.00006,0.00005,0.00000
115.61000,1.98000,0.98772,0.00909,0.00048,0.00253,0.00019
115.81000,1.98000,0.87368,0.09133,0.01126,0.02276,0.00097
116.01000,1.98000,0.62961,0.30109,0.00643,0.06131,0.00156
116.21000,1.98000,0.81520,0.13294,0.01760,0.03334,0.00093
116.41000,1.98000,0.99134,0.00771,0.00021,0.00070,0.00004
116.61000,1.98000,0.99832,0.00070,0.00089,0.00009,0.00000
116.81000,1.98000,0.99948,0.00006,0.00035,0.00010,0.00000
117.01000,1.98000,0.99892,0.00001,0.00080,0.00027,0.00000
117.21000,1.98000,0.99959,0.00000,0.00012,0.00029,0.00000
117.41000,1.98000,0.99986,0.00000,0.00002,0.00012,0.00000
117.61000,1.98000,0.99981,0.00001,0.00003,0.00015,0.00000
117.81000,1.98000,0.99992,0.00003,0.00001,0.00004,0.00000
118.01000,1.98000,0.99900,0.00096,0.00002,0.00002,0.00000
118.21000,1.98000,0.98161,0.01736,0.00024,0.00076,0.00002
118.41000,1.98000,0.75009,0.24767,0.00064,0.00153,0.00006
118.61000,1.98000,0.40254,0.57783,0.00375,0.01567,0.00020
118.81000,1.98000,0.74943,0.24784,0.00102,0.00165,0.00007
119.01000,1.98000,0.99015,0.00945,0.00017,0.00022,0.00000
119.21000,1.98000,0.99914,0.00054,0.00028,0.00004,0.00000
119.41000,1.98000,0.99954,0.00006,0.00028,0.00012,0.00000
119.61000,1.98000,0.99887,0.00001,0.00084,0.00028,0.00000
119.81000,1.98000,0.99984,0.00000,0.00009,0.00007,0.00000
120.01000,1.98000,0.99977,0.00000,0.00007,0.00017,0.00000
120.21000,1.98000,0.99994,0.00000,0.00002,0.00004,0.00000
120.41000,1.98000,0.99993,0.00000,0.00001,0.00006,0.00000
120.61000,1.98000,0.99984,0.00000,0.00005,0.00011,0.00000
120.81000,1.98000,0.99872,0.00000,0.00047,0.00080,0.00001
121.01000,1.98000,0.99551,0.00001,0.00111,0.00336,0.00002
121.21000,1.98000,0.99385,0.00001,0.00271,0.00338,0.00006
121.41000,1.98000,0.98193,0.00003,0.00498,0.01281,0.00025
121.61000,1.98000,0.90662,0.00066,0.03594,0.05476,0.00203
121.81000,1.98000,0.82629,0.00112,0.03620,0.13252,0.00386
122.01000,1.98000,0.83248,0.00071,0.10597,0.05969,0.00115
122.21000,1.98000,0.93230,0.00004,0.05035,0.01696,0.00035
122.41000,1.98000,0.93143,0.00004,0.04014,0.02811,0.00029
122.61000,1.98000,0.99338,0.00001,0.00277,0.00369,0.00015
122.81000,1.98000,0.99966,0.00000,0.00016,0.00018,0.00001
123.01000,1.98000,0.99991,0.00000,0.00005,0.00004,0.00000
