Time (seconds), Duration (seconds),pred_(unlabeled),pred_On,pred_Off,pred_Dimmer,pred_Lighter
0.01000,1.98000,0.97973,0.01880,0.00090,0.00055,0.00001
0.21000,1.98000,0.98362,0.01568,0.00044,0.00025,0.00001
0.41000,1.98000,0.99810,0.00148,0.00042,0.00000,0.00000
0.61000,1.98000,0.99444,0.00293,0.00255,0.00008,0.00000
0.81000,1.98000,0.99693,0.00101,0.00205,0.00001,0.00000
1.01000,1.98000,0.99691,0.00176,0.00131,0.00002,0.00000
1.21000,1.98000,0.99791,0.00095,0.00112,0.00002,0.00000
1.41000,1.98000,0.99816,0.00062,0.00119,0.00003,0.00000
1.61000,1.98000,0.99743,0.00030,0.00224,0.00003,0.00000
1.81000,1.98000,0.99843,0.00072,0.00084,0.00001,0.00000
2.01000,1.98000,0.99752,0.00079,0.00167,0.00001,0.00000
2.21000,1.98000,0.99879,0.00010,0.00107,0.00004,0.00000
2.41000,1.98000,0.99636,0.00086,0.00223,0.00054,0.00001
2.61000,1.98000,0.99556,0.00192,0.00206,0.00045,0.00001
2.81000,1.98000,0.99844,0.00131,0.00021,0.00004,0.00000
3.01000,1.98000,0.99705,0.00193,0.00085,0.00017,0.00001
3.21000,1.98000,0.99847,0.00084,0.00043,0.00025,0.00001
3.41000,1.98000,0.99827,0.00090,0.00044,0.00037,0.00001
3.61000,1.98000,0.99843,0.00078,0.00036,0.00040,0.00003
3.81000,1.98000,0.99771,0.00045,0.00027,0.00155,0.00001
4.01000,1.98000,0.99316,0.00046,0.00059,0.00571,0.00009
4.21000,1.98000,0.99057,0.00051,0.00114,0.00769,0.00009
4.41000,1.98000,0.99275,0.00129,0.00044,0.00541,0.00012
4.61000,1.98000,0.99410,0.00044,0.00051,0.00492,0.00004
4.81000,1.98000,0.99730,0.00015,0.00064,0.00188,0.00003
5.01000,1.98000,0.99154,0.00026,0.00113,0.00703,0.00005
5.21000,1.98000,0.98634,0.00065,0.00163,0.01131,0.00007
5.41000,1.98000,0.98714,0.00041,0.00228,0.01010,0.00008
5.61000,1.98000,0.98097,0.00066,0.00163,0.01670,0.00004
5.81000,1.98000,0.98662,0.00067,0.00165,0.01104,0.00002
6.01000,1.98000,0.98719,0.00085,0.00045,0.01146,0.00005
6.21000,1.98000,0.99210,0.00039,0.00052,0.00696,0.00002
6.41000,1.98000,0.98865,0.00086,0.00043,0.01002,0.00004
6.61000,1.98000,0.99147,0.00074,0.00121,0.00648,0.00009
6.81000,1.98000,0.99487,0.00048,0.00051,0.00407,0.00007
7.01000,1.98000,0.97460,0.00311,0.00156,0.02019,0.00054
7.21000,1.98000,0.98531,0.00204,0.00110,0.01131,0.00025
7.41000,1.98000,0.97305,0.00403,0.00132,0.02102,0.00057
7.61000,1.98000,0.98072,0.00445,0.00070,0.01363,0.00051
7.81000,1.98000,0.98275,0.00426,0.00107,0.01131,0.00061
8.01000,1.98000,0.97750,0.00669,0.00180,0.01379,0.00022
8.21000,1.98000,0.97551,0.00663,0.00244,0.01490,0.00052
8.41000,1.98000,0.97592,0.00475,0.00354,0.01504,0.00075
8.61000,1.98000,0.99185,0.00274,0.00169,0.00340,0.00032
8.81000,1.98000,0.98160,0.00531,0.00388,0.00896,0.00025
9.01000,1.98000,0.97643,0.00568,0.00454,0.01268,0.00067
9.21000,1.98000,0.98380,0.00424,0.00235,0.00918,0.00042
9.41000,1.98000,0.98918,0.00254,0.00223,0.00548,0.00057
9.61000,1.98000,0.98960,0.00233,0.00268,0.00501,0.00037
9.81000,1.98000,0.98806,0.00185,0.00412,0.00516,0.00080
10.01000,1.98000,0.99031,0.00108,0.00269,0.00506,0.00086
10.21000,1.98000,0.99561,0.00061,0.00115,0.00208,0.00054
10.41000,1.98000,0.99737,0.00032,0.00037,0.00152,0.00042
10.61000,1.98000,0.94933,0.00067,0.00076,0.04364,0.00560
10.81000,1.98000,0.88139,0.00204,0.00036,0.11111,0.00510
11.01000,1.98000,0.69373,0.00397,0.00055,0.29281,0.00895
11.21000,1.98000,0.74812,0.00358,0.00058,0.24067,0.00705
11.41000,1.98000,0.59094,0.00463,0.00073,0.39439,0.00931
11.61000,1.98000,0.69926,0.00344,0.00051,0.28844,0.00835
11.81000,1.98000,0.70876,0.00297,0.00051,0.28234,0.00542
12.01000,1.98000,0.74043,0.00309,0.00049,0.24968,0.00630
12.21000,1.98000,0.89043,0.00104,0.00071,0.10559,0.00223
12.41000,1.98000,0.98711,0.00016,0.00054,0.01171,0.00049
12.61000,1.98000,0.99376,0.00048,0.00066,0.00475,0.00034
12.81000,1.98000,0.99412,0.00040,0.00118,0.00385,0.00045
13.01000,1.98000,0.99648,0.00023,0.00069,0.00224,0.00036
13.21000,1.98000,0.99658,0.00023,0.00059,0.00220,0.00040
13.41000,1.98000,0.99663,0.00027,0.00069,0.00196,0.00045
13.61000,1.98000,0.99793,0.00019,0.00047,0.00110,0.00031
13.81000,1.98000,0.99788,0.00023,0.00041,0.00102,0.00046
14.01000,1.98000,0.99818,0.00023,0.00038,0.00062,0.00058
14.21000,1.98000,0.99731,0.00053,0.00051,0.00112,0.00053
14.41000,1.98000,0.99309,0.00152,0.00113,0.00256,0.00171
14.61000,1.98000,0.99296,0.00151,0.00103,0.00283,0.00168
14.81000,1.98000,0.98770,0.00184,0.00208,0.00472,0.00366
15.01000,1.98000,0.98553,0.00189,0.00295,0.00551,0.00412
15.21000,1.98000,0.98265,0.00257,0.00306,0.00688,0.00484
15.41000,1.98000,0.98661,0.00249,0.00285,0.00552,0.00254
15.61000,1.98000,0.98150,0.00265,0.00425,0.00733,0.00427
15.81000,1.98000,0.98051,0.00176,0.00628,0.00864,0.00280
16.01000,1.98000,0.98628,0.00119,0.00514,0.00604,0.00135
16.21000,1.98000,0.98432,0.00071,0.00309,0.00957,0.00230
16.41000,1.98000,0.99021,0.00046,0.00217,0.00587,0.00129
16.61000,1.98000,0.98886,0.00042,0.00191,0.00680,0.00202
16.81000,1.98000,0.99495,0.00018,0.00054,0.00350,0.00083
17.01000,1.98000,0.99792,0.00006,0.00018,0.00125,0.00057
17.21000,1.98000,0.97021,0.00023,0.00028,0.02363,0.00565
17.41000,1.98000,0.83722,0.00084,0.00036,0.14904,0.01254
17.61000,1.98000,0.79912,0.00148,0.00040,0.18026,0.01874
17.81000,1.98000,0.75954,0.00168,0.00044,0.21800,0.02034
18.01000,1.98000,0.73658,0.00164,0.00043,0.24072,0.02062
18.21000,1.98000,0.79433,0.00138,0.00040,0.18856,0.01534
18.41000,1.98000,0.74251,0.00140,0.00048,0.23623,0.01937
18.61000,1.98000,0.77642,0.00116,0.00049,0.20643,0.01549
18.81000,1.98000,0.89549,0.00061,0.00065,0.09527,0.00798
19.01000,1.98000,0.98406,0.00011,0.00059,0.01363,0.00162
19.21000,1.98000,0.99527,0.00014,0.00055,0.00339,0.00065
19.41000,1.98000,0.99659,0.00014,0.00071,0.00194,0.00063
19.61000,1.98000,0.99771,0.00010,0.00046,0.00128,0.00046
19.81000,1.98000,0.99837,0.00007,0.00034,0.00086,0.00035
20.01000,1.98000,0.99855,0.00007,0.00029,0.00068,0.00040
20.21000,1.98000,0.99924,0.00006,0.00022,0.00025,0.00023
20.41000,1.98000,0.99936,0.00005,0.00018,0.00014,0.00027
20.61000,1.98000,0.99928,0.00007,0.00018,0.00010,0.00036
20.81000,1.98000,0.99933,0.00008,0.00017,0.00006,0.00035
21.01000,1.98000,0.99482,0.00041,0.00063,0.00117,0.00297
21.21000,1.98000,0.99417,0.00031,0.00081,0.00118,0.00354
21.41000,1.98000,0.98611,0.00042,0.00140,0.00274,0.00934
21.61000,1.98000,0.98804,0.00038,0.00149,0.00230,0.00780
21.81000,1.98000,0.98754,0.00041,0.00139,0.00264,0.00803
22.01000,1.98000,0.99058,0.00031,0.00137,0.00228,0.00546
22.21000,1.98000,0.99367,0.00025,0.00152,0.00153,0.00303
22.41000,1.98000,0.99512,0.00017,0.00130,0.00192,0.00150
22.61000,1.98000,0.99668,0.00006,0.00109,0.00150,0.00066
22.81000,1.98000,0.99662,0.00006,0.00101,0.00147,0.00084
23.01000,1.98000,0.99747,0.00005,0.00058,0.00132,0.00058
23.21000,1.98000,0.99929,0.00003,0.00019,0.00030,0.00018
23.41000,1.98000,0.99888,0.00003,0.00010,0.00058,0.00042
23.61000,1.98000,0.97800,0.00019,0.00031,0.01915,0.00235
23.81000,1.98000,0.92450,0.00066,0.00060,0.07026,0.00399
24.01000,1.98000,0.89201,0.00110,0.00092,0.10211,0.00386
24.21000,1.98000,0.88921,0.00109,0.00081,0.10458,0.00431
24.41000,1.98000,0.88956,0.00104,0.00090,0.10538,0.00312
24.61000,1.98000,0.87798,0.00113,0.00088,0.11587,0.00413
24.81000,1.98000,0.89122,0.00094,0.00085,0.10457,0.00242
25.01000,1.98000,0.90831,0.00095,0.00099,0.08651,0.00325
25.21000,1.98000,0.98025,0.00009,0.00081,0.01839,0.00046
25.41000,1.98000,0.99771,0.00006,0.00045,0.00172,0.00006
25.61000,1.98000,0.99625,0.00018,0.00079,0.00259,0.00019
25.81000,1.98000,0.99893,0.00004,0.00036,0.00054,0.00013
26.01000,1.98000,0.99913,0.00003,0.00032,0.00039,0.00012
26.21000,1.98000,0.99906,0.00004,0.00030,0.00039,0.00022
26.41000,1.98000,0.99819,0.00012,0.00037,0.00068,0.00064
26.61000,1.98000,0.99588,0.00025,0.00051,0.00125,0.00212
26.81000,1.98000,0.98704,0.00064,0.00074,0.00332,0.00826
27.01000,1.98000,0.99079,0.00049,0.00047,0.00204,0.00620
27.21000,1.98000,0.98412,0.00101,0.00070,0.00463,0.00954
27.41000,1.98000,0.97225,0.00125,0.00076,0.00604,0.01969
27.61000,1.98000,0.97754,0.00125,0.00082,0.00532,0.01507
27.81000,1.98000,0.98186,0.00177,0.00062,0.00380,0.01194
28.01000,1.98000,0.99380,0.00127,0.00034,0.00170,0.00290
28.21000,1.98000,0.99269,0.00074,0.00043,0.00205,0.00410
28.41000,1.98000,0.99705,0.00030,0.00033,0.00140,0.00092
28.61000,1.98000,0.99752,0.00027,0.00034,0.00111,0.00076
28.81000,1.98000,0.99727,0.00029,0.00037,0.00167,0.00040
29.01000,1.98000,0.99758,0.00026,0.00021,0.00142,0.00053
29.21000,1.98000,0.99852,0.00011,0.00010,0.00066,0.00061
29.41000,1.98000,0.97884,0.00031,0.00016,0.01505,0.00565
29.61000,1.98000,0.77078,0.00177,0.00023,0.20061,0.02661
29.81000,1.98000,0.67964,0.00236,0.00025,0.29957,0.01818
30.01000,1.98000,0.59511,0.00256,0.00038,0.38325,0.01870
30.21000,1.98000,0.50038,0.00286,0.00042,0.47953,0.01681
30.41000,1.98000,0.54104,0.00280,0.00055,0.43065,0.02496
30.61000,1.98000,0.52671,0.00284,0.00051,0.45171,0.01822
30.81000,1.98000,0.65638,0.00168,0.00045,0.32299,0.01850
31.01000,1.98000,0.98156,0.00032,0.00016,0.01686,0.00110
31.21000,1.98000,0.99797,0.00006,0.00007,0.00175,0.00015
31.41000,1.98000,0.99766,0.00055,0.00008,0.00142,0.00029
31.61000,1.98000,0.99592,0.00214,0.00029,0.00126,0.00040
31.81000,1.98000,0.99599,0.00307,0.00014,0.00045,0.00036
32.01000,1.98000,0.99375,0.00542,0.00014,0.00034,0.00035
32.21000,1.98000,0.99369,0.00595,0.00005,0.00011,0.00020
32.41000,1.98000,0.99285,0.00688,0.00006,0.00007,0.00014
32.61000,1.98000,0.99287,0.00669,0.00007,0.00011,0.00026
32.81000,1.98000,0.98313,0.01555,0.00023,0.00036,0.00074
33.01000,1.98000,0.99471,0.00474,0.00018,0.00011,0.00027
33.21000,1.98000,0.99542,0.00372,0.00037,0.00021,0.00027
33.41000,1.98000,0.99674,0.00225,0.00051,0.00025,0.00025
33.61000,1.98000,0.99664,0.00152,0.00088,0.00043,0.00052
33.81000,1.98000,0.99598,0.00087,0.00085,0.00119,0.00111
34.01000,1.98000,0.99756,0.00020,0.00073,0.00102,0.00049
34.21000,1.98000,0.99614,0.00010,0.00118,0.00157,0.00101
34.41000,1.98000,0.99315,0.00008,0.00199,0.00299,0.00178
34.61000,1.98000,0.99560,0.00005,0.00110,0.00198,0.00127
34.81000,1.98000,0.99211,0.00009,0.00154,0.00407,0.00218
35.01000,1.98000,0.99261,0.00011,0.00125,0.00389,0.00215
35.21000,1.98000,0.99285,0.00011,0.00126,0.00383,0.00195
35.41000,1.98000,0.99795,0.00009,0.00017,0.00098,0.00081
35.61000,1.98000,0.99742,0.00007,0.00011,0.00103,0.00137
35.81000,1.98000,0.81507,0.00068,0.00143,0.14284,0.03997
36.01000,1.98000,0.74543,0.00112,0.00235,0.18890,0.06220
36.21000,1.98000,0.79342,0.00147,0.00276,0.17176,0.03059
36.41000,1.98000,0.64780,0.00218,0.00469,0.30948,0.03585
36.61000,1.98000,0.86795,0.00231,0.00238,0.11988,0.00747
36.81000,1.98000,0.83879,0.00211,0.00258,0.15197,0.00455
37.01000,1.98000,0.74244,0.00169,0.00284,0.24982,0.00320
37.21000,1.98000,0.91243,0.00056,0.00344,0.08187,0.00169
37.41000,1.98000,0.96330,0.00015,0.00416,0.03180,0.00059
37.61000,1.98000,0.99909,0.00002,0.00086,0.00003,0.00000
37.81000,1.98000,0.99938,0.00012,0.00047,0.00002,0.00001
38.01000,1.98000,0.99955,0.00026,0.00018,0.00001,0.00000
38.21000,1.98000,0.99841,0.00136,0.00020,0.00002,0.00000
38.41000,1.98000,0.99862,0.00128,0.00009,0.00001,0.00000
38.61000,1.98000,0.99849,0.00137,0.00011,0.00002,0.00002
38.81000,1.98000,0.99793,0.00182,0.00020,0.00002,0.00003
39.01000,1.98000,0.99490,0.00469,0.00031,0.00003,0.00006
39.21000,1.98000,0.98995,0.00969,0.00026,0.00003,0.00007
39.41000,1.98000,0.99697,0.00231,0.00045,0.00010,0.00017
39.61000,1.98000,0.99584,0.00235,0.00097,0.00038,0.00046
39.81000,1.98000,0.99373,0.00221,0.00155,0.00151,0.00099
40.01000,1.98000,0.99460,0.00120,0.00106,0.00145,0.00170
40.21000,1.98000,0.98881,0.00103,0.00197,0.00511,0.00309
40.41000,1.98000,0.99148,0.00090,0.00127,0.00467,0.00168
40.61000,1.98000,0.99529,0.00052,0.00055,0.00266,0.00097
40.81000,1.98000,0.99677,0.00057,0.00024,0.00178,0.00065
41.01000,1.98000,0.99927,0.00012,0.00006,0.00039,0.00016
41.21000,1.98000,0.99749,0.00036,0.00007,0.00121,0.00087
41.41000,1.98000,0.97119,0.00162,0.00012,0.02287,0.00419
41.61000,1.98000,0.96858,0.00138,0.00011,0.02646,0.00346
41.81000,1.98000,0.95280,0.00118,0.00021,0.03983,0.00598
42.01000,1.98000,0.97004,0.00060,0.00022,0.02553,0.00361
42.21000,1.98000,0.87839,0.00136,0.00052,0.10595,0.01378
42.41000,1.98000,0.90298,0.00088,0.00066,0.08402,0.01147
42.61000,1.98000,0.86707,0.00070,0.00120,0.11869,0.01235
42.81000,1.98000,0.93630,0.00032,0.00130,0.05403,0.00805
43.01000,1.98000,0.98108,0.00004,0.00180,0.01416,0.00291
43.21000,1.98000,0.99666,0.00002,0.00100,0.00190,0.00043
43.41000,1.98000,0.99812,0.00002,0.00095,0.00046,0.00045
43.61000,1.98000,0.99748,0.00005,0.00100,0.00065,0.00083
43.81000,1.98000,0.99729,0.00013,0.00081,0.00051,0.00126
44.01000,1.98000,0.99884,0.00015,0.00050,0.00013,0.00037
44.21000,1.98000,0.99759,0.00035,0.00071,0.00016,0.00119
44.41000,1.98000,0.99097,0.00175,0.00170,0.00094,0.00464
44.61000,1.98000,0.98522,0.00232,0.00231,0.00123,0.00892
44.81000,1.98000,0.97883,0.00409,0.00288,0.00222,0.01198
45.01000,1.98000,0.97779,0.00410,0.00269,0.00194,0.01348
45.21000,1.98000,0.98445,0.00467,0.00258,0.00122,0.00708
45.41000,1.98000,0.99205,0.00256,0.00146,0.00076,0.00316
45.61000,1.98000,0.99477,0.00187,0.00103,0.00088,0.00145
45.81000,1.98000,0.99681,0.00054,0.00074,0.00089,0.00102
46.01000,1.98000,0.99781,0.00026,0.00052,0.00076,0.00065
46.21000,1.98000,0.99834,0.00003,0.00028,0.00068,0.00066
46.41000,1.98000,0.95509,0.00047,0.00052,0.03737,0.00656
46.61000,1.98000,0.91796,0.00047,0.00053,0.07603,0.00501
46.81000,1.98000,0.86219,0.00087,0.00090,0.12724,0.00880
47.01000,1.98000,0.88002,0.00081,0.00076,0.11261,0.00580
47.21000,1.98000,0.84882,0.00099,0.00102,0.13936,0.00981
47.41000,1.98000,0.86949,0.00083,0.00081,0.12228,0.00658
47.61000,1.98000,0.85047,0.00095,0.00106,0.13878,0.00873
47.81000,1.98000,0.84833,0.00098,0.00110,0.14223,0.00737
48.01000,1.98000,0.95366,0.00017,0.00133,0.04259,0.00227
48.21000,1.98000,0.99418,0.00017,0.00063,0.00475,0.00027
48.41000,1.98000,0.99752,0.00012,0.00075,0.00135,0.00026
48.61000,1.98000,0.99857,0.00008,0.00050,0.00060,0.00025
48.81000,1.98000,0.99898,0.00007,0.00028,0.00034,0.00034
49.01000,1.98000,0.99870,0.00009,0.00028,0.00035,0.00058
49.21000,1.98000,0.99724,0.00018,0.00043,0.00061,0.00154
49.41000,1.98000,0.99522,0.00034,0.00060,0.00092,0.00292
49.61000,1.98000,0.99357,0.00047,0.00058,0.00111,0.00428
49.81000,1.98000,0.99410,0.00042,0.00046,0.00070,0.00432
50.01000,1.98000,0.99634,0.00043,0.00038,0.00041,0.00244
50.21000,1.98000,0.99267,0.00081,0.00070,0.00077,0.00504
50.41000,1.98000,0.98241,0.00196,0.00120,0.00218,0.01225
50.61000,1.98000,0.98499,0.00248,0.00177,0.00239,0.00836
50.81000,1.98000,0.99145,0.00137,0.00131,0.00195,0.00391
51.01000,1.98000,0.99424,0.00075,0.00127,0.00180,0.00195
51.21000,1.98000,0.99848,0.00017,0.00025,0.00046,0.00064
51.41000,1.98000,0.95616,0.00073,0.00173,0.01708,0.02430
51.61000,1.98000,0.92718,0.00187,0.00183,0.05063,0.01848
51.81000,1.98000,0.91863,0.00337,0.00299,0.06384,0.01116
52.01000,1.98000,0.88331,0.00322,0.00259,0.09543,0.01545
52.21000,1.98000,0.78934,0.00426,0.00364,0.17879,0.02398
52.41000,1.98000,0.80172,0.00339,0.00232,0.17236,0.02020
52.61000,1.98000,0.81833,0.00349,0.00226,0.16062,0.01531
52.81000,1.98000,0.80796,0.00316,0.00238,0.16685,0.01965
53.01000,1.98000,0.96748,0.00077,0.00164,0.02596,0.00416
53.21000,1.98000,0.99135,0.00012,0.00195,0.00551,0.00107
53.41000,1.98000,0.99629,0.00044,0.00129,0.00161,0.00037
53.61000,1.98000,0.99779,0.00017,0.00094,0.00095,0.00015
53.81000,1.98000,0.99476,0.00029,0.00179,0.00267,0.00050
54.01000,1.98000,0.99703,0.00020,0.00095,0.00160,0.00022
54.21000,1.98000,0.99778,0.00018,0.00066,0.00124,0.00014
54.41000,1.98000,0.99375,0.00066,0.00042,0.00498,0.00019
54.61000,1.98000,0.99462,0.00099,0.00045,0.00369,0.00025
54.81000,1.98000,0.99088,0.00105,0.00053,0.00727,0.00027
55.01000,1.98000,0.99386,0.00053,0.00108,0.00413,0.00040
55.21000,1.98000,0.99361,0.00077,0.00049,0.00478,0.00034
55.41000,1.98000,0.99405,0.00036,0.00106,0.00415,0.00037
55.61000,1.98000,0.98759,0.00138,0.00075,0.00915,0.00113
55.81000,1.98000,0.99797,0.00020,0.00030,0.00127,0.00026
56.01000,1.98000,0.98810,0.00032,0.00019,0.01044,0.00095
56.21000,1.98000,0.90130,0.00031,0.00071,0.09059,0.00709
56.41000,1.98000,0.81465,0.00023,0.00362,0.15883,0.02268
56.61000,1.98000,0.87033,0.00018,0.00310,0.09995,0.02645
56.81000,1.98000,0.87561,0.00029,0.00268,0.09068,0.03074
57.01000,1.98000,0.87458,0.00036,0.00231,0.09335,0.02940
57.21000,1.98000,0.88677,0.00030,0.00172,0.09233,0.01887
57.41000,1.98000,0.83335,0.00040,0.00239,0.12600,0.03785
57.61000,1.98000,0.85716,0.00036,0.00257,0.10684,0.03306
57.81000,1.98000,0.96783,0.00006,0.00213,0.02129,0.00869
58.01000,1.98000,0.98913,0.00021,0.00157,0.00530,0.00379
58.21000,1.98000,0.99610,0.00043,0.00082,0.00093,0.00171
58.41000,1.98000,0.99476,0.00091,0.00069,0.00150,0.00214
58.61000,1.98000,0.99577,0.00150,0.00041,0.00113,0.00118
58.81000,1.98000,0.99714,0.00153,0.00018,0.00043,0.00072
59.01000,1.98000,0.99198,0.00497,0.00019,0.00125,0.00162
59.21000,1.98000,0.98983,0.00590,0.00021,0.00126,0.00280
59.41000,1.98000,0.97717,0.01284,0.00030,0.00396,0.00574
59.61000,1.98000,0.97879,0.01084,0.00040,0.00286,0.00711
59.81000,1.98000,0.97364,0.01389,0.00038,0.00412,0.00796
60.01000,1.98000,0.97673,0.01257,0.00045,0.00333,0.00692
60.21000,1.98000,0.97498,0.01193,0.00047,0.00655,0.00607
60.41000,1.98000,0.99487,0.00142,0.00032,0.00159,0.00179
60.61000,1.98000,0.99848,0.00028,0.00030,0.00024,0.00071
60.81000,1.98000,0.95124,0.00169,0.00249,0.02859,0.01600
61.01000,1.98000,0.87026,0.00407,0.00510,0.10148,0.01909
61.21000,1.98000,0.83424,0.00255,0.00509,0.14709,0.01103
61.41000,1.98000,0.76029,0.00461,0.00757,0.21296,0.01457
61.61000,1.98000,0.81451,0.00252,0.00473,0.16703,0.01121
61.81000,1.98000,0.80536,0.00498,0.00738,0.16834,0.01395
62.01000,1.98000,0.93818,0.00338,0.00364,0.04819,0.00660
62.21000,1.98000,0.93138,0.01274,0.00719,0.04032,0.00836
62.41000,1.98000,0.98406,0.00317,0.00302,0.00726,0.00250
62.61000,1.98000,0.99331,0.00382,0.00101,0.00144,0.00042
62.81000,1.98000,0.97623,0.02040,0.00120,0.00104,0.00113
63.01000,1.98000,0.97666,0.02201,0.00044,0.00038,0.00051
63.21000,1.98000,0.96946,0.02954,0.00018,0.00011,0.00071
63.41000,1.98000,0.94666,0.05172,0.00044,0.00017,0.00101
63.61000,1.98000,0.96511,0.03370,0.00028,0.00024,0.00067
63.81000,1.98000,0.97343,0.02598,0.00022,0.00018,0.00018
64.01000,1.98000,0.99439,0.00539,0.00013,0.00005,0.00004
64.21000,1.98000,0.99381,0.00546,0.00028,0.00036,0.00008
64.41000,1.98000,0.99628,0.00301,0.00029,0.00030,0.00012
64.61000,1.98000,0.99337,0.00420,0.00072,0.00140,0.00031
64.81000,1.98000,0.99868,0.00063,0.00032,0.00021,0.00016
65.01000,1.98000,0.99876,0.00066,0.00043,0.00008,0.00008
65.21000,1.98000,0.99558,0.00083,0.00052,0.00221,0.00086
65.41000,1.98000,0.97138,0.00401,0.00061,0.02072,0.00327
65.61000,1.98000,0.98475,0.00339,0.00056,0.00837,0.00293
65.81000,1.98000,0.96641,0.00451,0.00070,0.01827,0.01012
66.01000,1.98000,0.96066,0.00484,0.00110,0.01153,0.02186
66.21000,1.98000,0.95570,0.00731,0.00068,0.01239,0.02392
66.41000,1.98000,0.96598,0.00481,0.00053,0.01234,0.01634
66.61000,1.98000,0.97398,0.00325,0.00042,0.00844,0.01390
66.81000,1.98000,0.98923,0.00091,0.00033,0.00420,0.00533
67.01000,1.98000,0.99919,0.00008,0.00006,0.00030,0.00036
67.21000,1.98000,0.99595,0.00013,0.00053,0.00148,0.00192
67.41000,1.98000,0.99550,0.00016,0.00089,0.00103,0.00242
67.61000,1.98000,0.99380,0.00020,0.00128,0.00185,0.00288
67.81000,1.98000,0.99592,0.00008,0.00098,0.00076,0.00226
68.01000,1.98000,0.99508,0.00011,0.00120,0.00129,0.00232
68.21000,1.98000,0.99109,0.00019,0.00184,0.00246,0.00442
68.41000,1.98000,0.99441,0.00013,0.00162,0.00143,0.00241
68.61000,1.98000,0.98153,0.00023,0.00429,0.00569,0.00827
68.81000,1.98000,0.98223,0.00020,0.00549,0.00732,0.00476
69.01000,1.98000,0.98326,0.00019,0.00579,0.00615,0.00461
69.21000,1.98000,0.98758,0.00020,0.00393,0.00541,0.00288
69.41000,1.98000,0.99447,0.00006,0.00222,0.00210,0.00116
69.61000,1.98000,0.99863,0.00001,0.00070,0.00026,0.00040
69.81000,1.98000,0.96071,0.00014,0.00161,0.03326,0.00428
70.01000,1.98000,0.87135,0.00049,0.00243,0.11901,0.00672
70.21000,1.98000,0.80511,0.00034,0.00324,0.18447,0.00685
70.41000,1.98000,0.81423,0.00063,0.00310,0.17531,0.00673
70.61000,1.98000,0.80587,0.00045,0.00143,0.18776,0.00448
70.81000,1.98000,0.85224,0.00070,0.00139,0.14016,0.00551
71.01000,1.98000,0.85101,0.00052,0.00103,0.14431,0.00313
71.21000,1.98000,0.86521,0.00078,0.00132,0.12767,0.00502
71.41000,1.98000,0.94684,0.00010,0.00087,0.05111,0.00108
71.61000,1.98000,0.99428,0.00004,0.00053,0.00500,0.00015
71.81000,1.98000,0.99688,0.00011,0.00063,0.00226,0.00013
72.01000,1.98000,0.99750,0.00009,0.00055,0.00172,0.00014
72.21000,1.98000,0.99926,0.00003,0.00026,0.00039,0.00006
72.41000,1.98000,0.99926,0.00004,0.00021,0.00040,0.00009
72.61000,1.98000,0.99846,0.00012,0.00017,0.00104,0.00020
72.81000,1.98000,0.99945,0.00011,0.00009,0.00026,0.00010
73.01000,1.98000,0.99831,0.00048,0.00014,0.00083,0.00025
73.21000,1.98000,0.99803,0.00087,0.00016,0.00074,0.00021
73.41000,1.98000,0.99580,0.00144,0.00033,0.00196,0.00047
73.61000,1.98000,0.99463,0.00196,0.00054,0.00216,0.00071
73.81000,1.98000,0.99427,0.00183,0.00044,0.00253,0.00092
74.01000,1.98000,0.99435,0.00234,0.00061,0.00197,0.00073
74.21000,1.98000,0.99586,0.00186,0.00033,0.00163,0.00032
74.41000,1.98000,0.99772,0.00077,0.00040,0.00100,0.00012
74.61000,1.98000,0.99932,0.00012,0.00028,0.00022,0.00007
74.81000,1.98000,0.99569,0.00022,0.00031,0.00330,0.00048
75.01000,1.98000,0.93240,0.00044,0.00057,0.06420,0.00238
75.21000,1.98000,0.70782,0.00066,0.00069,0.28577,0.00506
75.41000,1.98000,0.67975,0.00065,0.00061,0.31265,0.00635
75.61000,1.98000,0.64206,0.00073,0.00059,0.34983,0.00679
75.81000,1.98000,0.54799,0.00109,0.00088,0.44130,0.00874
76.01000,1.98000,0.51927,0.00106,0.00068,0.46665,0.01235
76.21000,1.98000,0.79106,0.00150,0.00054,0.19586,0.01104
76.41000,1.98000,0.68547,0.00145,0.00087,0.29284,0.01937
76.61000,1.98000,0.94410,0.00029,0.00075,0.05122,0.00364
76.81000,1.98000,0.99433,0.00039,0.00064,0.00401,0.00063
77.01000,1.98000,0.99710,0.00047,0.00071,0.00126,0.00046
77.21000,1.98000,0.99461,0.00179,0.00133,0.00166,0.00061
77.41000,1.98000,0.99711,0.00133,0.00057,0.00077,0.00021
77.61000,1.98000,0.99806,0.00123,0.00027,0.00032,0.00011
77.81000,1.98000,0.99787,0.00141,0.00026,0.00035,0.00011
78.01000,1.98000,0.99797,0.00142,0.00022,0.00028,0.00011
78.21000,1.98000,0.99614,0.00265,0.00044,0.00066,0.00012
78.41000,1.98000,0.99603,0.00332,0.00023,0.00030,0.00012
78.61000,1.98000,0.99709,0.00222,0.00039,0.00027,0.00004
78.81000,1.98000,0.99640,0.00276,0.00036,0.00043,0.00005
79.01000,1.98000,0.99716,0.00178,0.00056,0.00046,0.00004
79.21000,1.98000,0.99385,0.00323,0.00092,0.00185,0.00016
79.41000,1.98000,0.99490,0.00271,0.00063,0.00163,0.00012
79.61000,1.98000,0.99826,0.00065,0.00020,0.00084,0.00005
79.81000,1.98000,0.99934,0.00025,0.00013,0.00025,0.00003
80.01000,1.98000,0.97927,0.00255,0.00045,0.01690,0.00083
80.21000,1.98000,0.90432,0.00531,0.00123,0.08733,0.00182
80.41000,1.98000,0.76685,0.00320,0.00191,0.22463,0.00341
80.61000,1.98000,0.74411,0.00467,0.00132,0.24304,0.00686
80.81000,1.98000,0.67853,0.00374,0.00197,0.30270,0.01307
81.01000,1.98000,0.74520,0.00374,0.00122,0.23720,0.01264
81.21000,1.98000,0.79922,0.00264,0.00096,0.18371,0.01348
81.41000,1.98000,0.76967,0.00299,0.00154,0.21185,0.01395
81.61000,1.98000,0.91219,0.00120,0.00251,0.07616,0.00794
81.81000,1.98000,0.98442,0.00015,0.00149,0.01282,0.00112
82.01000,1.98000,0.99110,0.00038,0.00159,0.00613,0.00081
82.21000,1.98000,0.99238,0.00025,0.00173,0.00494,0.00070
82.41000,1.98000,0.99385,0.00022,0.00150,0.00376,0.00067
82.61000,1.98000,0.99854,0.00006,0.00081,0.00049,0.00011
82.81000,1.98000,0.99871,0.00011,0.00078,0.00032,0.00008
83.01000,1.98000,0.99911,0.00019,0.00052,0.00011,0.00006
83.21000,1.98000,0.99887,0.00039,0.00057,0.00012,0.00006
83.41000,1.98000,0.99775,0.00114,0.00082,0.00024,0.00006
83.61000,1.98000,0.99766,0.00125,0.00093,0.00011,0.00005
83.81000,1.98000,0.99581,0.00289,0.00111,0.00013,0.00007
84.01000,1.98000,0.99238,0.00607,0.00131,0.00015,0.00010
84.21000,1.98000,0.98724,0.01075,0.00157,0.00029,0.00016
84.41000,1.98000,0.98425,0.01259,0.00255,0.00037,0.00024
84.61000,1.98000,0.99147,0.00670,0.00137,0.00034,0.00012
84.81000,1.98000,0.99758,0.00184,0.00035,0.00015,0.00009
85.01000,1.98000,0.99731,0.00066,0.00058,0.00118,0.00026
85.21000,1.98000,0.94596,0.00315,0.00128,0.04572,0.00390
85.41000,1.98000,0.75984,0.00347,0.00139,0.22413,0.01117
85.61000,1.98000,0.63128,0.00361,0.00093,0.34790,0.01628
85.81000,1.98000,0.67037,0.00198,0.00104,0.31945,0.00716
86.01000,1.98000,0.51740,0.00174,0.00160,0.46990,0.00936
86.21000,1.98000,0.75326,0.00073,0.00111,0.23787,0.00702
86.41000,1.98000,0.57565,0.00143,0.00139,0.40432,0.01721
86.61000,1.98000,0.69740,0.00131,0.00120,0.28662,0.01348
86.81000,1.98000,0.86128,0.00086,0.00236,0.13004,0.00546
87.01000,1.98000,0.98709,0.00151,0.00099,0.00972,0.00068
87.21000,1.98000,0.99219,0.00184,0.00205,0.00338,0.00055
87.41000,1.98000,0.98797,0.00214,0.00246,0.00674,0.00069
87.61000,1.98000,0.99332,0.00108,0.00351,0.00187,0.00022
87.81000,1.98000,0.98498,0.00267,0.00613,0.00560,0.00061
88.01000,1.98000,0.97808,0.00371,0.00651,0.01081,0.00090
88.21000,1.98000,0.97375,0.00528,0.01157,0.00847,0.00093
88.41000,1.98000,0.98443,0.00231,0.00633,0.00649,0.00044
88.61000,1.98000,0.97634,0.00229,0.01072,0.00999,0.00066
88.81000,1.98000,0.99122,0.00025,0.00649,0.00186,0.00018
89.01000,1.98000,0.99804,0.00005,0.00173,0.00012,0.00005
89.21000,1.98000,0.97646,0.00013,0.00604,0.01648,0.00089
89.41000,1.98000,0.97440,0.00026,0.00272,0.02118,0.00144
89.61000,1.98000,0.79952,0.00172,0.00537,0.18410,0.00929
89.81000,1.98000,0.83012,0.00114,0.00293,0.16002,0.00580
90.01000,1.98000,0.71995,0.00258,0.00285,0.26610,0.00851
90.21000,1.98000,0.82883,0.00125,0.00200,0.16250,0.00541
90.41000,1.98000,0.74674,0.00282,0.00218,0.24239,0.00587
90.61000,1.98000,0.84233,0.00160,0.00206,0.14875,0.00526
90.81000,1.98000,0.83490,0.00135,0.00210,0.15931,0.00233
91.01000,1.98000,0.97856,0.00031,0.00068,0.02026,0.00019
91.21000,1.98000,0.97979,0.00161,0.00129,0.01708,0.00023
91.41000,1.98000,0.99171,0.00385,0.00053,0.00378,0.00013
91.61000,1.98000,0.99497,0.00443,0.00028,0.00030,0.00003
91.81000,1.98000,0.99181,0.00766,0.00023,0.00023,0.00006
92.01000,1.98000,0.98968,0.01008,0.00012,0.00008,0.00004
92.21000,1.98000,0.97301,0.02654,0.00018,0.00016,0.00011
92.41000,1.98000,0.96133,0.03824,0.00019,0.00010,0.00014
92.61000,1.98000,0.96552,0.03410,0.00018,0.00005,0.00015
92.81000,1.98000,0.91687,0.08259,0.00031,0.00006,0.00017
93.01000,1.98000,0.90714,0.09162,0.00051,0.00006,0.00067
93.21000,1.98000,0.90080,0.09776,0.00067,0.00011,0.00065
93.41000,1.98000,0.98249,0.01622,0.00054,0.00017,0.00059
93.61000,1.98000,0.98474,0.01300,0.00040,0.00070,0.00115
93.81000,1.98000,0.99164,0.00309,0.00049,0.00193,0.00286
94.01000,1.98000,0.95343,0.00584,0.00061,0.03395,0.00617
94.21000,1.98000,0.80615,0.00646,0.00058,0.17507,0.01174
94.41000,1.98000,0.66023,0.00669,0.00041,0.32715,0.00552
94.61000,1.98000,0.63089,0.00467,0.00043,0.36046,0.00355
94.81000,1.98000,0.53523,0.00296,0.00031,0.45792,0.00359
95.01000,1.98000,0.52443,0.00197,0.00026,0.47031,0.00303
95.21000,1.98000,0.45771,0.00156,0.00028,0.53686,0.00359
95.41000,1.98000,0.58981,0.00173,0.00057,0.40358,0.00432
95.61000,1.98000,0.89044,0.00051,0.00051,0.10750,0.00104
95.81000,1.98000,0.96837,0.00066,0.00086,0.02962,0.00050
96.01000,1.98000,0.98907,0.00052,0.00101,0.00905,0.00035
96.21000,1.98000,0.99265,0.00040,0.00151,0.00493,0.00052
96.41000,1.98000,0.99821,0.00017,0.00100,0.00052,0.00010
96.61000,1.98000,0.99856,0.00015,0.00098,0.00029,0.00002
96.81000,1.98000,0.99889,0.00024,0.00067,0.00017,0.00003
97.01000,1.98000,0.99763,0.00111,0.00069,0.00053,0.00004
97.21000,1.98000,0.99912,0.00054,0.00030,0.00004,0.00001
97.41000,1.98000,0.99676,0.00226,0.00069,0.00028,0.00001
97.61000,1.98000,0.99779,0.00121,0.00088,0.00012,0.00000
97.81000,1.98000,0.99506,0.00291,0.00183,0.00021,0.00000
98.01000,1.98000,0.99545,0.00312,0.00127,0.00016,0.00000
98.21000,1.98000,0.99245,0.00582,0.00145,0.00028,0.00000
98.41000,1.98000,0.99452,0.00429,0.00083,0.00036,0.00000
98.61000,1.98000,0.99703,0.00235,0.00036,0.00026,0.00000
98.81000,1.98000,0.99931,0.00018,0.00021,0.00030,0.00000
99.01000,1.98000,0.98886,0.00082,0.00053,0.00976,0.00003
99.21000,1.98000,0.76927,0.00159,0.00101,0.22792,0.00021
99.41000,1.98000,0.47131,0.00201,0.00051,0.52531,0.00086
99.61000,1.98000,0.42603,0.00182,0.00028,0.56921,0.00266
99.81000,1.98000,0.40074,0.00164,0.00023,0.59444,0.00295
100.01000,1.98000,0.42848,0.00179,0.00044,0.56558,0.00371
100.21000,1.98000,0.36463,0.00164,0.00051,0.62821,0.00502
100.41000,1.98000,0.56220,0.00142,0.00077,0.42997,0.00564
100.61000,1.98000,0.78714,0.00045,0.00134,0.20861,0.00246
100.81000,1.98000,0.96589,0.00036,0.00132,0.03192,0.00051
101.01000,1.98000,0.97376,0.00074,0.00252,0.02199,0.00099
101.21000,1.98000,0.98536,0.00060,0.00283,0.01028,0.00093
101.41000,1.98000,0.98982,0.00074,0.00160,0.00697,0.00086
101.61000,1.98000,0.98889,0.00100,0.00201,0.00728,0.00082
101.81000,1.98000,0.99719,0.00048,0.00112,0.00088,0.00033
102.01000,1.98000,0.99839,0.00066,0.00043,0.00033,0.00018
102.21000,1.98000,0.99841,0.00110,0.00027,0.00011,0.00010
102.41000,1.98000,0.99685,0.00240,0.00034,0.00029,0.00011
102.61000,1.98000,0.99374,0.00525,0.00071,0.00017,0.00012
102.81000,1.98000,0.99850,0.00129,0.00019,0.00001,0.00001
103.01000,1.98000,0.99803,0.00152,0.00040,0.00003,0.00002
103.21000,1.98000,0.99258,0.00547,0.00157,0.00026,0.00012
103.41000,1.98000,0.99633,0.00146,0.00200,0.00013,0.00008
103.61000,1.98000,0.99749,0.00048,0.00187,0.00010,0.00006
103.81000,1.98000,0.99805,0.00035,0.00151,0.00006,0.00002
104.01000,1.98000,0.99625,0.00035,0.00294,0.00040,0.00007
104.21000,1.98000,0.99305,0.00021,0.00545,0.00111,0.00018
104.41000,1.98000,0.99331,0.00010,0.00520,0.00126,0.00014
104.61000,1.98000,0.99802,0.00003,0.00161,0.00028,0.00005
104.81000,1.98000,0.99634,0.00007,0.00194,0.00117,0.00047
105.01000,1.98000,0.97847,0.00017,0.00117,0.01721,0.00297
105.21000,1.98000,0.77607,0.00059,0.00179,0.20840,0.01315
105.41000,1.98000,0.81827,0.00045,0.00120,0.17087,0.00921
105.61000,1.98000,0.82669,0.00074,0.00081,0.16109,0.01067
105.81000,1.98000,0.76625,0.00074,0.00061,0.22125,0.01115
106.01000,1.98000,0.80880,0.00082,0.00042,0.18182,0.00814
106.21000,1.98000,0.85105,0.00084,0.00038,0.13934,0.00839
106.41000,1.98000,0.90080,0.00030,0.00026,0.09036,0.00828
106.61000,1.98000,0.98376,0.00008,0.00022,0.01428,0.00165
106.81000,1.98000,0.99779,0.00002,0.00011,0.00192,0.00015
107.01000,1.98000,0.99767,0.00013,0.00014,0.00195,0.00011
107.21000,1.98000,0.99853,0.00034,0.00010,0.00091,0.00012
107.41000,1.98000,0.99937,0.00029,0.00003,0.00026,0.00005
107.61000,1.98000,0.99829,0.00117,0.00003,0.00038,0.00013
107.81000,1.98000,0.99614,0.00285,0.00006,0.00082,0.00013
108.01000,1.98000,0.99683,0.00244,0.00004,0.00065,0.00004
108.21000,1.98000,0.99399,0.00309,0.00011,0.00262,0.00019
108.41000,1.98000,0.99480,0.00259,0.00009,0.00238,0.00013
108.61000,1.98000,0.99409,0.00367,0.00009,0.00204,0.00012
108.81000,1.98000,0.99705,0.00200,0.00003,0.00085,0.00006
109.01000,1.98000,0.98777,0.00867,0.00011,0.00257,0.00088
109.21000,1.98000,0.99510,0.00427,0.00003,0.00046,0.00014
109.41000,1.98000,0.99594,0.00336,0.00009,0.00055,0.00006
109.61000,1.98000,0.98253,0.00727,0.00072,0.00880,0.00069
109.81000,1.98000,0.97790,0.00706,0.00105,0.01248,0.00151
110.01000,1.98000,0.98147,0.00672,0.00055,0.00931,0.00195
110.21000,1.98000,0.99609,0.00172,0.00024,0.00139,0.00056
110.41000,1.98000,0.97359,0.00372,0.00034,0.01933,0.00302
110.61000,1.98000,0.84980,0.00684,0.00102,0.13459,0.00774
110.81000,1.98000,0.86191,0.00240,0.00099,0.13008,0.00462
111.01000,1.98000,0.66528,0.00088,0.00250,0.32599,0.00534
111.21000,1.98000,0.73761,0.00054,0.00192,0.25289,0.00703
111.41000,1.98000,0.81097,0.00045,0.00187,0.18024,0.00647
111.61000,1.98000,0.72390,0.00087,0.00228,0.26310,0.00984
111.81000,1.98000,0.71035,0.00111,0.00280,0.27658,0.00917
112.01000,1.98000,0.68125,0.00169,0.00382,0.30299,0.01024
112.21000,1.98000,0.87604,0.00050,0.00721,0.11337,0.00288
112.41000,1.98000,0.97238,0.00127,0.00456,0.02087,0.00093
112.61000,1.98000,0.97449,0.00310,0.00637,0.01564,0.00040
112.81000,1.98000,0.99683,0.00084,0.00185,0.00041,0.00008
113.01000,1.98000,0.99421,0.00242,0.00275,0.00055,0.00007
113.21000,1.98000,0.98991,0.00706,0.00239,0.00055,0.00009
113.41000,1.98000,0.98835,0.00873,0.00195,0.00091,0.00007
113.61000,1.98000,0.99332,0.00495,0.00136,0.00035,0.00002
113.81000,1.98000,0.99316,0.00432,0.00165,0.00085,0.00002
114.01000,1.98000,0.99351,0.00453,0.00134,0.00061,0.00002
114.21000,1.98000,0.99523,0.00312,0.00110,0.00052,0.00002
114.41000,1.98000,0.99692,0.00229,0.00061,0.00016,0.00001
114.61000,1.98000,0.99377,0.00282,0.00157,0.00162,0.00022
114.81000,1.98000,0.99119,0.00293,0.00152,0.00399,0.00038
115.01000,1.98000,0.99317,0.00100,0.00161,0.00385,0.00037
115.21000,1.98000,0.99579,0.00038,0.00049,0.00306,0.00028
115.41000,1.98000,0.99912,0.00006,0.00020,0.00049,0.00012
115.61000,1.98000,0.97652,0.00037,0.00066,0.01738,0.00507
115.81000,1.98000,0.86928,0.00146,0.00068,0.11546,0.01312
116.01000,1.98000,0.83760,0.00165,0.00101,0.14183,0.01791
116.21000,1.98000,0.80035,0.00209,0.00126,0.17787,0.01844
116.41000,1.98000,0.83813,0.00156,0.00141,0.14794,0.01095
116.61000,1.98000,0.89011,0.00161,0.00089,0.10197,0.00542
116.81000,1.98000,0.80332,0.00192,0.00128,0.18074,0.01274
117.01000,1.98000,0.90561,0.00186,0.00100,0.08194,0.00959
117.21000,1.98000,0.94971,0.00162,0.00130,0.03908,0.00829
117.41000,1.98000,0.98352,0.00086,0.00122,0.01171,0.00269
117.61000,1.98000,0.99037,0.00356,0.00107,0.00305,0.00196
117.81000,1.98000,0.98685,0.00524,0.00158,0.00298,0.00335
118.01000,1.98000,0.99089,0.00272,0.00132,0.00158,0.00349
118.21000,1.98000,0.98919,0.00454,0.00256,0.00145,0.00227
118.41000,1.98000,0.98976,0.00477,0.00157,0.00148,0.00242
118.61000,1.98000,0.98840,0.00559,0.00215,0.00176,0.00210
118.81000,1.98000,0.98822,0.00584,0.00229,0.00129,0.00235
119.01000,1.98000,0.99021,0.00580,0.00210,0.00099,0.00090
119.21000,1.98000,0.99485,0.00344,0.00089,0.00043,0.00040
119.41000,1.98000,0.99017,0.00559,0.00223,0.00155,0.00046
119.61000,1.98000,0.99496,0.00257,0.00137,0.00091,0.00019
119.81000,1.98000,0.99745,0.00096,0.00087,0.00062,0.00010
120.01000,1.98000,0.99715,0.00119,0.00051,0.00109,0.00007
120.21000,1.98000,0.99889,0.00046,0.00039,0.00022,0.00003
120.41000,1.98000,0.99591,0.00154,0.00043,0.00198,0.00014
120.61000,1.98000,0.99567,0.00166,0.00134,0.00111,0.00021
120.81000,1.98000,0.98976,0.00516,0.00196,0.00293,0.00020
121.01000,1.98000,0.98871,0.00423,0.00230,0.00447,0.00029
121.21000,1.98000,0.98942,0.00362,0.00203,0.00479,0.00014
