Time (seconds), Duration (seconds),pred_(unlabeled),pred_circle,pred_shaking
0.01000,1.98000,1.00000,0.00000,0.00000
0.21000,1.98000,1.00000,0.00000,0.00000
0.41000,1.98000,1.00000,0.00000,0.00000
0.61000,1.98000,1.00000,0.00000,0.00000
0.81000,1.98000,1.00000,0.00000,0.00000
1.01000,1.98000,1.00000,0.00000,0.00000
1.21000,1.98000,1.00000,0.00000,0.00000
1.41000,1.98000,1.00000,0.00000,0.00000
1.61000,1.98000,1.00000,0.00000,0.00000
1.81000,1.98000,1.00000,0.00000,0.00000
2.01000,1.98000,1.00000,0.00000,0.00000
2.21000,1.98000,1.00000,0.00000,0.00000
2.41000,1.98000,1.00000,0.00000,0.00000
2.61000,1.98000,1.00000,0.00000,0.00000
2.81000,1.98000,1.00000,0.00000,0.00000
3.01000,1.98000,1.00000,0.00000,0.00000
3.21000,1.98000,1.00000,0.00000,0.00000
3.41000,1.98000,1.00000,0.00000,0.00000
3.61000,1.98000,1.00000,0.00000,0.00000
3.81000,1.98000,1.00000,0.00000,0.00000
4.01000,1.98000,1.00000,0.00000,0.00000
4.21000,1.98000,1.00000,0.00000,0.00000
4.41000,1.98000,1.00000,0.00000,0.00000
4.61000,1.98000,1.00000,0.00000,0.00000
4.81000,1.98000,1.00000,0.00000,0.00000
5.01000,1.98000,1.00000,0.00000,0.00000
5.21000,1.98000,1.00000,0.00000,0.00000
5.41000,1.98000,1.00000,0.00000,0.00000
5.61000,1.98000,1.00000,0.00000,0.00000
5.81000,1.98000,1.00000,0.00000,0.00000
6.01000,1.98000,1.00000,0.00000,0.00000
6.21000,1.98000,1.00000,0.00000,0.00000
6.41000,1.98000,1.00000,0.00000,0.00000
6.61000,1.98000,1.00000,0.00000,0.00000
6.81000,1.98000,1.00000,0.00000,0.00000
7.01000,1.98000,1.00000,0.00000,0.00000
7.21000,1.98000,1.00000,0.00000,0.00000
7.41000,1.98000,1.00000,0.00000,0.00000
7.61000,1.98000,1.00000,0.00000,0.00000
7.81000,1.98000,1.00000,0.00000,0.00000
8.01000,1.98000,1.00000,0.00000,0.00000
8.21000,1.98000,1.00000,0.00000,0.00000
8.41000,1.98000,1.00000,0.00000,0.00000
8.61000,1.98000,0.99999,0.00000,0.00001
8.81000,1.98000,0.99985,0.00000,0.00015
9.01000,1.98000,0.99680,0.00000,0.00320
9.21000,1.98000,0.94834,0.00000,0.05166
9.41000,1.98000,0.74048,0.00000,0.25952
9.61000,1.98000,0.48053,0.00000,0.51947
9.81000,1.98000,0.36940,0.00000,0.63060
10.01000,1.98000,0.49467,0.00000,0.50533
10.21000,1.98000,0.34107,0.00000,0.65893
10.41000,1.98000,0.46661,0.00000,0.53339
10.61000,1.98000,0.33778,0.00000,0.66222
10.81000,1.98000,0.44100,0.00000,0.55900
11.01000,1.98000,0.27966,0.00000,0.72034
11.21000,1.98000,0.41926,0.00000,0.58074
11.41000,1.98000,0.24687,0.00000,0.75313
11.61000,1.98000,0.41738,0.00000,0.58262
11.81000,1.98000,0.27777,0.00000,0.72223
12.01000,1.98000,0.38278,0.00000,0.61722
12.21000,1.98000,0.29690,0.00000,0.70310
12.41000,1.98000,0.34669,0.00000,0.65331
12.61000,1.98000,0.29293,0.00000,0.70707
12.81000,1.98000,0.37296,0.00000,0.62704
13.01000,1.98000,0.32782,0.00000,0.67218
13.21000,1.98000,0.38450,0.00000,0.61550
13.41000,1.98000,0.33560,0.00000,0.66440
13.61000,1.98000,0.34685,0.00000,0.65315
13.81000,1.98000,0.37390,0.00000,0.62610
14.01000,1.98000,0.30710,0.00000,0.69290
14.21000,1.98000,0.61820,0.00000,0.38180
14.41000,1.98000,0.90782,0.00000,0.09218
14.61000,1.98000,0.99351,0.00000,0.00649
14.81000,1.98000,0.99893,0.00000,0.00107
15.01000,1.98000,0.99994,0.00000,0.00006
15.21000,1.98000,0.99999,0.00000,0.00001
15.41000,1.98000,1.00000,0.00000,0.00000
15.61000,1.98000,1.00000,0.00000,0.00000
15.81000,1.98000,1.00000,0.00000,0.00000
16.01000,1.98000,1.00000,0.00000,0.00000
16.21000,1.98000,1.00000,0.00000,0.00000
16.41000,1.98000,1.00000,0.00000,0.00000
16.61000,1.98000,1.00000,0.00000,0.00000
16.81000,1.98000,1.00000,0.00000,0.00000
17.01000,1.98000,1.00000,0.00000,0.00000
17.21000,1.98000,1.00000,0.00000,0.00000
17.41000,1.98000,1.00000,0.00000,0.00000
17.61000,1.98000,1.00000,0.00000,0.00000
17.81000,1.98000,1.00000,0.00000,0.00000
18.01000,1.98000,1.00000,0.00000,0.00000
18.21000,1.98000,1.00000,0.00000,0.00000
18.41000,1.98000,1.00000,0.00000,0.00000
18.61000,1.98000,1.00000,0.00000,0.00000
18.81000,1.98000,1.00000,0.00000,0.00000
19.01000,1.98000,1.00000,0.00000,0.00000
19.21000,1.98000,1.00000,0.00000,0.00000
19.41000,1.98000,1.00000,0.00000,0.00000
19.61000,1.98000,1.00000,0.00000,0.00000
19.81000,1.98000,1.00000,0.00000,0.00000
20.01000,1.98000,1.00000,0.00000,0.00000
20.21000,1.98000,1.00000,0.00000,0.00000
20.41000,1.98000,1.00000,0.00000,0.00000
20.61000,1.98000,1.00000,0.00000,0.00000
20.81000,1.98000,1.00000,0.00000,0.00000
21.01000,1.98000,1.00000,0.00000,0.00000
21.21000,1.98000,1.00000,0.00000,0.00000
21.41000,1.98000,1.00000,0.00000,0.00000
21.61000,1.98000,1.00000,0.00000,0.00000
21.81000,1.98000,1.00000,0.00000,0.00000
22.01000,1.98000,1.00000,0.00000,0.00000
22.21000,1.98000,1.00000,0.00000,0.00000
22.41000,1.98000,1.00000,0.00000,0.00000
22.61000,1.98000,1.00000,0.00000,0.00000
22.81000,1.98000,1.00000,0.00000,0.00000
23.01000,1.98000,1.00000,0.00000,0.00000
23.21000,1.98000,1.00000,0.00000,0.00000
23.41000,1.98000,1.00000,0.00000,0.00000
23.61000,1.98000,1.00000,0.00000,0.00000
23.81000,1.98000,1.00000,0.00000,0.00000
24.01000,1.98000,1.00000,0.00000,0.00000
24.21000,1.98000,1.00000,0.00000,0.00000
24.41000,1.98000,1.00000,0.00000,0.00000
24.61000,1.98000,1.00000,0.00000,0.00000
24.81000,1.98000,1.00000,0.00000,0.00000
25.01000,1.98000,1.00000,0.00000,0.00000
25.21000,1.98000,1.00000,0.00000,0.00000
25.41000,1.98000,1.00000,0.00000,0.00000
25.61000,1.98000,1.00000,0.00000,0.00000
25.81000,1.98000,1.00000,0.00000,0.00000
26.01000,1.98000,1.00000,0.00000,0.00000
26.21000,1.98000,1.00000,0.00000,0.00000
26.41000,1.98000,1.00000,0.00000,0.00000
26.61000,1.98000,1.00000,0.00000,0.00000
26.81000,1.98000,1.00000,0.00000,0.00000
27.01000,1.98000,1.00000,0.00000,0.00000
27.21000,1.98000,1.00000,0.00000,0.00000
27.41000,1.98000,1.00000,0.00000,0.00000
27.61000,1.98000,1.00000,0.00000,0.00000
27.81000,1.98000,1.00000,0.00000,0.00000
28.01000,1.98000,1.00000,0.00000,0.00000
28.21000,1.98000,1.00000,0.00000,0.00000
28.41000,1.98000,1.00000,0.00000,0.00000
28.61000,1.98000,1.00000,0.00000,0.00000
28.81000,1.98000,1.00000,0.00000,0.00000
29.01000,1.98000,1.00000,0.00000,0.00000
29.21000,1.98000,1.00000,0.00000,0.00000
29.41000,1.98000,1.00000,0.00000,0.00000
29.61000,1.98000,1.00000,0.00000,0.00000
29.81000,1.98000,1.00000,0.00000,0.00000
30.01000,1.98000,1.00000,0.00000,0.00000
30.21000,1.98000,1.00000,0.00000,0.00000
30.41000,1.98000,1.00000,0.00000,0.00000
30.61000,1.98000,1.00000,0.00000,0.00000
30.81000,1.98000,1.00000,0.00000,0.00000
31.01000,1.98000,1.00000,0.00000,0.00000
31.21000,1.98000,1.00000,0.00000,0.00000
31.41000,1.98000,1.00000,0.00000,0.00000
31.61000,1.98000,1.00000,0.00000,0.00000
31.81000,1.98000,1.00000,0.00000,0.00000
32.01000,1.98000,1.00000,0.00000,0.00000
32.21000,1.98000,1.00000,0.00000,0.00000
32.41000,1.98000,1.00000,0.00000,0.00000
32.61000,1.98000,1.00000,0.00000,0.00000
32.81000,1.98000,1.00000,0.00000,0.00000
33.01000,1.98000,1.00000,0.00000,0.00000
33.21000,1.98000,1.00000,0.00000,0.00000
33.41000,1.98000,1.00000,0.00000,0.00000
33.61000,1.98000,1.00000,0.00000,0.00000
33.81000,1.98000,1.00000,0.00000,0.00000
34.01000,1.98000,1.00000,0.00000,0.00000
34.21000,1.98000,1.00000,0.00000,0.00000
34.41000,1.98000,1.00000,0.00000,0.00000
34.61000,1.98000,1.00000,0.00000,0.00000
34.81000,1.98000,1.00000,0.00000,0.00000
35.01000,1.98000,1.00000,0.00000,0.00000
35.21000,1.98000,1.00000,0.00000,0.00000
35.41000,1.98000,1.00000,0.00000,0.00000
35.61000,1.98000,1.00000,0.00000,0.00000
35.81000,1.98000,1.00000,0.00000,0.00000
36.01000,1.98000,1.00000,0.00000,0.00000
36.21000,1.98000,1.00000,0.00000,0.00000
36.41000,1.98000,1.00000,0.00000,0.00000
36.61000,1.98000,1.00000,0.00000,0.00000
36.81000,1.98000,1.00000,0.00000,0.00000
37.01000,1.98000,1.00000,0.00000,0.00000
37.21000,1.98000,1.00000,0.00000,0.00000
37.41000,1.98000,1.00000,0.00000,0.00000
37.61000,1.98000,1.00000,0.00000,0.00000
37.81000,1.98000,1.00000,0.00000,0.00000
38.01000,1.98000,1.00000,0.00000,0.00000
38.21000,1.98000,1.00000,0.00000,0.00000
38.41000,1.98000,1.00000,0.00000,0.00000
38.61000,1.98000,1.00000,0.00000,0.00000
38.81000,1.98000,1.00000,0.00000,0.00000
39.01000,1.98000,0.99997,0.00003,0.00000
39.21000,1.98000,0.99977,0.00023,0.00000
39.41000,1.98000,0.99745,0.00255,0.00000
39.61000,1.98000,0.97598,0.02402,0.00000
39.81000,1.98000,0.79185,0.20814,0.00001
40.01000,1.98000,0.12356,0.87643,0.00001
40.21000,1.98000,0.02800,0.97200,0.00001
40.41000,1.98000,0.02798,0.97201,0.00000
40.61000,1.98000,0.03941,0.96059,0.00001
40.81000,1.98000,0.04562,0.95437,0.00001
41.01000,1.98000,0.04339,0.95661,0.00000
41.21000,1.98000,0.04624,0.95376,0.00001
41.41000,1.98000,0.02588,0.97411,0.00001
41.61000,1.98000,0.00781,0.99218,0.00000
41.81000,1.98000,0.02055,0.97944,0.00001
42.01000,1.98000,0.04152,0.95847,0.00002
42.21000,1.98000,0.05005,0.94993,0.00002
42.41000,1.98000,0.04434,0.95565,0.00001
42.61000,1.98000,0.06122,0.93875,0.00003
42.81000,1.98000,0.04521,0.95477,0.00002
43.01000,1.98000,0.02199,0.97800,0.00002
43.21000,1.98000,0.02385,0.97614,0.00001
43.41000,1.98000,0.10699,0.89294,0.00008
43.61000,1.98000,0.11873,0.88113,0.00015
43.81000,1.98000,0.10237,0.89760,0.00003
44.01000,1.98000,0.13521,0.86472,0.00007
44.21000,1.98000,0.04004,0.95994,0.00002
44.41000,1.98000,0.02031,0.97967,0.00002
44.61000,1.98000,0.01318,0.98681,0.00001
44.81000,1.98000,0.05788,0.94203,0.00009
45.01000,1.98000,0.05510,0.94481,0.00008
45.21000,1.98000,0.06722,0.93272,0.00006
45.41000,1.98000,0.06856,0.93137,0.00007
45.61000,1.98000,0.07537,0.92458,0.00005
45.81000,1.98000,0.06950,0.93043,0.00006
46.01000,1.98000,0.29621,0.70373,0.00006
46.21000,1.98000,0.79289,0.20708,0.00003
46.41000,1.98000,0.95836,0.04162,0.00001
46.61000,1.98000,0.96014,0.03985,0.00002
46.81000,1.98000,0.97596,0.02403,0.00001
47.01000,1.98000,0.99331,0.00668,0.00000
47.21000,1.98000,0.99853,0.00147,0.00000
47.41000,1.98000,0.99983,0.00017,0.00000
47.61000,1.98000,0.99999,0.00001,0.00000
47.81000,1.98000,1.00000,0.00000,0.00000
48.01000,1.98000,1.00000,0.00000,0.00000
48.21000,1.98000,1.00000,0.00000,0.00000
48.41000,1.98000,1.00000,0.00000,0.00000
48.61000,1.98000,1.00000,0.00000,0.00000
48.81000,1.98000,1.00000,0.00000,0.00000
49.01000,1.98000,1.00000,0.00000,0.00000
49.21000,1.98000,1.00000,0.00000,0.00000
49.41000,1.98000,1.00000,0.00000,0.00000
49.61000,1.98000,1.00000,0.00000,0.00000
49.81000,1.98000,1.00000,0.00000,0.00000
50.01000,1.98000,1.00000,0.00000,0.00000
50.21000,1.98000,1.00000,0.00000,0.00000
50.41000,1.98000,1.00000,0.00000,0.00000
50.61000,1.98000,1.00000,0.00000,0.00000
50.81000,1.98000,1.00000,0.00000,0.00000
51.01000,1.98000,1.00000,0.00000,0.00000
51.21000,1.98000,1.00000,0.00000,0.00000
51.41000,1.98000,1.00000,0.00000,0.00000
51.61000,1.98000,1.00000,0.00000,0.00000
51.81000,1.98000,1.00000,0.00000,0.00000
52.01000,1.98000,1.00000,0.00000,0.00000
52.21000,1.98000,1.00000,0.00000,0.00000
52.41000,1.98000,1.00000,0.00000,0.00000
52.61000,1.98000,1.00000,0.00000,0.00000
52.81000,1.98000,1.00000,0.00000,0.00000
53.01000,1.98000,1.00000,0.00000,0.00000
53.21000,1.98000,1.00000,0.00000,0.00000
53.41000,1.98000,1.00000,0.00000,0.00000
